0 0.1 5849.905 0 5849.905 5849.905 0 0
10 2.5 10242.9712 2796.858589667315 16109.815 4804.496 5849.905 1
20 5.8 16180.952931034484 4772.514220390432 27546.206 4804.496 10074.007115384615 26
30 4.3 15348.66686046512 5237.538028197681 32535.979 4804.496 14290.707797619049 84
40 5.3 21022.744830188683 10317.692550527045 47834.04 4804.496 14648.914409448822 127
50 7.8 26373.546948717947 16029.402536490381 58385.576 4804.496 16525.65336666667 180
60 9 32734.019522222225 18848.32660415825 65736.892 4042.533 19502.923519379845 258
70 10.9 39054.527614678904 20642.566706109148 76101.918 4042.533 22924.758692528736 348
80 9.2 37482.63824999998 23487.9031993368 80099.611 4042.533 26771.902702407002 457
90 11.9 35009.491109243725 22472.42376446349 84231.25 2728.906 28566.78006193078 549
100 11.5 36984.87100000001 23060.39973489679 85078.658 2728.906 29714.508526946112 668
110 9.8 34339.79570408166 21596.954683715994 91231.503 2728.906 30782.313998722864 783
120 7.3 32887.555547945194 21351.235151990877 91231.503 2728.906 31178.038410896712 881
130 9.7 36592.38729896901 23903.25737560885 91231.503 2728.906 31308.850518867926 954
140 10.2 32576.068480392132 22506.61579290064 91231.503 2728.906 31796.484265461466 1051
150 9.7 35123.81396907219 23332.635993480413 91231.503 2728.906 31865.450084995664 1153
160 9.7 38733.18631958763 22123.424188617882 92947.289 2728.906 32118.299122399996 1250
170 10 38219.078929999996 20981.67279136592 92947.289 2728.906 32594.649573867853 1347
180 10 38809.817759999976 25534.530188857276 103614.479 2728.906 32983.34545196959 1447
190 9 36209.63703333331 24496.61212136908 103614.479 2728.906 33359.97585326438 1547
200 10.8 38534.10014814814 22365.680769872484 103614.479 2728.906 33516.64629077581 1637
210 6.6 51167.480727272734 16920.914402247996 103614.479 2728.906 33827.182116905446 1745
220 5.2 55310.48094230766 13291.945375665462 103614.479 2728.906 34459.1311551629 1811
230 5.3 56182.46105660375 11899.193912017678 103614.479 2728.906 35041.13340365003 1863
240 5 62268.4806 9853.5235508505 103614.479 2728.906 35625.940483820465 1916
250 2.2 64403.61172727274 7200.20050830904 103614.479 2728.906 36303.52288758902 1966
260 0.8 76446.78637500001 5463.440496844448 103614.479 2728.906 36614.48966549296 1988
270 0.3 80827.61766666667 1597.6147282450725 103614.479 2728.906 36774.138149298604 1996
280 0.1 97479.81 0.0 103614.479 2728.906 36840.25142521261 1999
290 1.4 8332.576785714286 1777.9099339034979 103614.479 2728.906 36870.571204500004 2000
300 5.6 13856.021732142854 4015.352049850372 103614.479 2728.906 36672.19388480636 2014
310 10.1 16927.648554455434 6074.955414218672 103614.479 2728.906 36054.94478309179 2070
320 8.4 17148.640595238103 6977.855963716047 103614.479 2728.906 35165.0982058959 2171
330 11.9 21982.056109243695 12779.302149958161 103614.479 2728.906 34493.975172949 2255
340 15.5 29711.862509677416 17441.49807736726 103614.479 2728.906 33866.7981010952 2374
350 15.9 32940.794345911956 19918.046872223767 103614.479 2728.906 33612.14605812574 2529
360 17.9 38760.103737430174 22365.885331544174 103614.479 2728.906 33572.43440550595 2688
370 17.8 39776.70314606734 22940.181024721063 103614.479 2728.906 33896.3244684339 2867
380 21 36813.07699047622 22558.990810533098 103614.479 2728.906 34240.070742528726 3045
390 22.5 38791.42980444442 21738.998315775763 103614.479 2728.906 34406.07114562211 3255
400 19.8 37727.03512121216 23216.69362564075 108850.379 2728.906 34689.60726580459 3480
410 19.7 37909.57822842641 23553.05001215502 108850.379 2728.906 34853.12295785752 3678
420 20.3 39498.936926108385 22682.29430866271 113103.102 2728.906 35008.50919999999 3875
430 21.4 38425.375771027975 22858.335893094925 113103.102 2728.906 35232.03956498283 4078
440 20.7 35765.16444444446 22291.824425311665 113103.102 2728.906 35391.259962954326 4292
450 20.6 38881.68864077668 22504.738874399598 113103.102 2728.906 35408.46339208712 4499
460 17 40031.22797647061 22141.260362198595 113103.102 2728.906 35560.53234027629 4705
470 18.9 36492.203650793635 22990.623191828385 113103.102 2728.906 35716.43352143589 4875
480 20 39763.802329999984 24229.18467717969 113103.102 2728.906 35745.38702744865 5064
490 16.7 39441.35491017963 22360.488350796168 113103.102 2728.906 35898.062380889045 5264
500 12 49497.60780833334 17130.077546991026 113103.102 2728.906 36007.01650580003 5431
510 10.6 54716.96523584904 13104.743775913983 113103.102 2728.906 36298.652419383885 5551
520 9 58983.189877777775 10931.037522037908 113103.102 2728.906 36643.7719453774 5657
530 7.2 62125.812555555574 9188.771248221214 113103.102 2728.906 36993.61492674437 5747
540 5.6 67614.51182142858 7772.410408596732 113103.102 2728.906 37304.58214263617 5819
550 1.6 75045.540375 6641.34562944277 113103.102 2728.906 37593.49381276594 5875
560 0.5 87573.6308 5227.581900602126 113103.102 2728.906 37695.21385095907 5891
570 0.4 98253.56375 8195.305059632541 113103.102 2728.906 37737.51237279511 5896
580 0.6 5720.855500000001 1435.161746065201 113103.102 2728.906 37778.54020423728 5900
590 5.4 11156.553388888886 2880.5209631253847 113103.102 2728.906 37745.97228885878 5906
600 13.4 15451.895537313432 4274.465565044887 113103.102 2728.906 37505.061446476495 5960
610 10.6 20293.96494339621 5121.77904094481 113103.102 2728.906 37020.1378770922 6094
620 10.7 25568.944214953273 6326.412185544476 113103.102 2728.906 36734.17427532256 6200
630 10.3 33308.57099029125 8154.889634247376 113103.102 2728.906 36544.75305818929 6307
640 10.1 38216.32792079206 10018.141971959685 113103.102 2728.906 36492.752004680166 6410
650 12.2 48908.117254098375 13852.191335377709 113103.102 2728.906 36519.48847642449 6511
660 14.8 54798.27640540539 15759.991969843059 113103.102 2728.906 36747.3510892507 6633
670 14.1 63852.42364539005 17462.372711048603 113103.102 2728.906 37141.324979059114 6781
680 15.7 69171.06145222932 18259.850647938612 113103.102 2728.906 37685.42565978039 6922
690 14.4 74981.95335416663 19915.154849969265 115442.845 2728.906 38383.72271012853 7079
700 16.2 82584.63827777782 21711.10763608789 124846.609 2728.906 39113.35654824863 7223
710 13.3 85595.04305263155 21837.376422168338 130503.53 2728.906 40066.95812444142 7385
720 16.1 96357.02379503111 23498.34017473468 145871.335 2728.906 40872.3897944932 7518
730 15 98503.30113333328 24354.23513881757 150661.962 2728.906 42035.695703346784 7679
740 14.6 105819.55112328769 25959.760373575493 160089.842 2728.906 43117.58876944692 7829
750 15.7 109861.5765414013 27539.063473851467 164448.425 2728.906 44265.486763636356 7975
760 15.2 116340.3420394737 27275.70417312883 179427.874 2728.906 45531.91397651254 8132
770 17.1 120383.43491228073 29793.058625378188 187111.972 2728.906 46831.151188676966 8284
780 18.2 124328.30752747248 29915.5150215185 187111.972 2728.906 48318.725466232994 8455
790 18.1 129881.86615469605 31962.16438384125 206460.861 2728.906 49920.40937675118 8637
800 20.1 141142.52422388073 34031.53919388477 206460.861 2728.906 51561.713944318435 8818
810 22.8 142530.5221710526 35110.66538950939 208613.101 2728.906 53558.1373688879 9019
820 22.8 144185.37741666663 36066.246924314284 211767.964 2728.906 55751.89791121445 9247
830 27.1 144132.40679704823 38734.32525269538 222129.562 2728.906 57879.90142860159 9475
840 37.9 148314.80578364123 41911.27665623344 227053.195 2728.906 60278.26270038992 9746
850 37.7 147345.19517506612 44780.21366137892 230193.803 2728.906 63573.6552760494 10125
860 44.2 150352.54103167442 48952.09041537164 235447.963 2728.906 66580.87966587319 10502
870 44.5 151379.86668539312 51001.65813801767 245737.29 2728.906 69964.20151562503 10944
880 43.6 172777.73551605508 49839.82947780893 258381.708 2728.906 73145.3386655545 11389
890 38.5 201852.41444675322 26248.487531361596 258381.708 2728.906 76818.8883506977 11825
900 51.3 193731.0329844055 17903.409925614993 258381.708 2728.906 80761.38692129405 12210
910 63.6 175487.80615408797 20406.38811389327 258381.708 2728.906 85316.39976656453 12723
920 39.8 168533.19464824107 18201.69516823078 258381.708 2728.906 89609.31199520925 13359
930 9.9 168475.27053535357 14493.659818963315 258381.708 2728.906 91892.63723297234 13757
940 1.9 179102.49494736842 14705.24163192635 258381.708 2728.906 92439.81395763572 13856
950 0.4 179943.75725 8053.305556684273 258381.708 2728.906 92558.4871784505 13875
960 0 0 0 258381.708 2728.906 92583.67206787237 13879
970 0.1 9876.605 0.0 258381.708 2728.906 92583.67206787237 13879
980 0.2 25674.1785 790.0874999999987 258381.708 2728.906 92577.71334546113 13880
990 1.8 32604.302333333337 2963.1505922899396 258381.708 2728.906 92568.074455554 13882
1000 1.8 42141.38144444444 2158.98998990601 258381.708 2728.906 92490.42352762594 13900
1010 2 51475.51225000001 2529.0975205990926 258381.708 2728.906 92425.30765196153 13918
1020 3.3 59253.37978787878 3176.4094280208724 258381.708 2728.906 92366.54772169612 13938
1030 4.6 69641.96219565217 3022.4727661551715 258381.708 2728.906 92288.33323870879 13971
1040 8.5 78758.74682352942 3437.9108172251135 258381.708 2728.906 92214.01397866878 14017
1050 15.6 85016.7654615385 5214.306567895162 258381.708 2728.906 92132.91216983409 14102
1060 26.8 87736.80229477608 10647.663474524654 258381.708 2728.906 92055.0528006032 14258
1070 41.7 84006.57164268596 17558.522478758052 258381.708 2728.906 91975.38247597414 14526
1080 64.2 79710.5380420561 21891.26194998073 258381.708 2728.906 91753.00449849431 14943
1090 72 77219.43642916673 23800.96264337536 258381.708 2728.906 91256.93369547646 15585
1100 72.2 78975.75258033228 27339.726421701656 258381.708 2728.906 90637.0626110396 16305
1110 66.3 82115.41323529404 34230.56436402056 258381.708 2728.906 90142.58526082108 17027
1120 66.8 86799.44035179638 40444.163335438454 258381.708 2728.906 89841.73647320522 17690
1130 74.5 93772.24443892596 46332.05378147657 258381.708 2728.906 89731.03520895525 18358
1140 75.2 101368.98909441485 49989.32671462661 258381.708 2728.906 89888.63877260117 19103
1150 85.4 112470.59551756433 51189.54767377517 258381.708 2728.906 90323.4523430874 19855
1160 71.2 117256.41791853926 52164.93929798013 258381.708 2728.906 91236.75864812401 20709
1170 61.2 120762.64821895419 50084.63978054451 258381.708 2728.906 92101.61077456702 21421
1180 49.2 126338.59644512188 50989.50074293136 258381.708 2728.906 92897.71456960014 22033
1190 44 131493.692925 51603.707684869 258381.708 2728.906 93628.14359880133 22525
1200 43.7 138130.80792448518 48384.38796114572 258381.708 2728.906 94353.63202482037 22965
1210 52.7 140417.52313282716 49125.076531629835 258381.708 2728.906 95171.11026890864 23402
1220 53.4 147935.6033595505 47327.59428581041 258381.708 2728.906 96167.59401579673 23929
1230 56 143772.9647892858 45293.802798488665 258381.708 2728.906 97297.63190933246 24463
1240 54.7 149030.67240036576 42511.32917849244 258381.708 2728.906 98337.72248251608 25023
1250 52.5 153552.37557142857 41590.77638836479 261061.868 2728.906 99422.15907246772 25570
1260 57.9 158203.50351468057 37352.90265176984 268814.633 2728.906 100511.19389377275 26095
1270 67.1 171019.8066408347 24205.24484744754 268814.633 2728.906 101763.4937839469 26674
1280 87.5 165895.3289634284 18111.988240583498 268814.633 2728.906 103462.92643806912 27345
1290 72.4 158038.8281477898 15824.356044798653 268814.633 2728.906 105398.72913862509 28220
1300 35 159552.8492314285 13541.557957606332 268814.633 2728.906 106715.4590889649 28944
1310 9.8 166215.58188775505 12010.376764890063 268814.633 2728.906 107346.75172738444 29294
1320 1.5 174882.2812 14593.04304273285 268814.633 2728.906 107543.03457155007 29392
1330 0.3 187862.772 9837.358114948982 268814.633 2728.906 107577.38315180059 29407
1340 0 0 0 268814.633 2728.906 107585.57275283916 29410
1350 0 0 0 268814.633 2728.906 107585.57275283916 29410
1360 0 0 0 268814.633 2728.906 107585.57275283916 29410
1370 0 0 0 268814.633 2728.906 107585.57275283916 29410
1380 0.8 45243.021875 1969.6109061224163 268814.633 2728.906 107585.57275283916 29410
1390 10.7 45414.75501869158 10925.837881253701 268814.633 2728.906 107568.61917315928 29418
1400 54.8 47124.07234306564 14275.995548137078 268814.633 2728.906 107343.37062228621 29525
1410 119.4 48278.45793383593 16325.697769094259 268814.633 2728.906 106246.0349571709 30073
1420 144.7 48975.34553282661 17754.026979299608 268814.633 1842.342 104032.41398407269 31267
1430 121.2 48855.69876980204 20085.320444623885 268814.633 1842.342 101597.13923781869 32714
1440 118.3 50907.02639983102 24686.712553934623 268814.633 1842.342 99712.96114882392 33926
1450 131.2 57832.66249085372 30090.044126674537 268814.633 1842.342 98068.44205662367 35109
1460 153.4 66784.74514146023 34101.578961019484 268814.633 1842.342 96619.02159067572 36421
1470 175 75976.65421314284 36781.83149334951 268814.633 1842.342 95413.2310473192 37955
1480 178.6 77055.29259014555 38402.77116458169 268814.633 1842.342 94556.56288311297 39705
1490 173.1 78120.88850895425 38559.829398594375 268814.633 1842.342 93803.21230724738 41491
1500 159 76357.27520817588 38885.17576548681 268814.633 1842.342 93175.15015152008 43222
1510 162.8 72613.56679913994 37669.03525557147 268814.633 1842.342 92578.42558756584 44812
1520 149.6 73242.53159893038 37107.88783779693 268814.633 1842.342 91878.53777301895 46440
1530 142.1 70200.52191695978 35648.894685544445 268814.633 1842.342 91296.94011705191 47936
1540 130.6 70358.24143721293 33831.73752609939 268814.633 1842.342 90689.56912079341 49357
1550 110.1 73879.29093097168 34333.96207240515 268814.633 1842.342 90165.4644693761 50663
1560 83.5 78525.97907664656 33438.99512098433 268814.633 1842.342 89819.06393877986 51764
1570 67.2 86738.43348065477 32722.458002411833 268814.633 1842.342 89639.78817574479 52599
1580 45.8 91541.91461790394 30224.21930151365 268814.633 1842.342 89603.18833051754 53271
1590 42.3 97418.94654609922 31395.03688007851 268814.633 1842.342 89619.71453870351 53729
1600 43.4 108779.25773271889 30418.020493002663 268814.633 1842.342 89680.6370372101 54152
1610 44.5 114492.32330337078 29001.33291441108 268814.633 1842.342 89832.48552183711 54586
1620 43.6 125298.12786697233 27402.533432905704 268814.633 1842.342 90031.89363386092 55031
1630 49.6 134817.7759173388 27448.77557531945 268814.633 1842.342 90309.10491490437 55467
1640 50.8 146812.00448031496 24173.061893287762 268814.633 1842.342 90703.58521112165 55963
1650 58.4 155115.46151198607 18107.29634310321 268814.633 1842.342 91208.32351908062 56471
1660 81.6 159151.66656862755 14931.233328730967 268814.633 1842.342 91862.46020452197 57055
1670 130.5 157139.57214559408 12971.449434682301 268814.633 1842.342 92811.25999013324 57871
1680 79.4 157208.26819143578 11009.744345507557 268814.633 1842.342 94229.88320499867 59176
1690 27 163879.30885185173 9752.486938616143 268814.633 1842.342 95063.71408175757 59970
1700 4.9 169684.97065306117 6545.980212940031 268814.633 1842.342 95372.15051250004 60240
1710 0.5 186879.7966 9515.96386983796 268814.633 1842.342 95432.54839912757 60289
1712 0 0 0 268814.633 1842.342 95440.13184426315 60294
