40 1.3 8592.176384615384 4356.917492937825 19430.449 4681.095 0 0
50 2.7 10702.69985185185 5831.559094915856 27411.527 3471.896 8592.176384615384 13
60 5.3 10437.538698113212 4854.688896260759 30518.855 3100.254 10016.779724999999 40
70 5.6 10667.59091071429 5841.397192678612 30518.855 2732.717 10256.567096774195 93
80 4.7 12874.151468085107 5735.185216305254 30518.855 2732.717 10411.045845637585 149
90 5.3 10363.355943396225 5887.519979494334 32355.615 2636.635 11001.688520408165 196
100 4.9 10712.81691836735 5004.386881689459 32355.615 2636.635 10865.818534136548 249
110 4.1 12404.232878048779 6521.388731009251 33293.59 2636.635 10840.660550335571 298
120 3.5 11008.659314285715 5392.539524710189 33293.59 2636.635 11029.765168141594 339
130 3.6 11466.049611111108 6607.725685926695 33293.59 1708.793 11027.790021390376 374
140 4.7 11658.672744680858 6451.249428301772 33293.59 1708.793 11066.271351219513 410
150 4.1 10944.810926829272 5678.719583969613 33293.59 1708.793 11127.196658643328 457
160 4.7 11520.262638297876 6456.753320586326 36100.982 1708.793 11112.180965863456 498
170 5.9 11069.913237288136 5528.548344803357 36325.056 1708.793 11147.373330275232 545
180 4.4 12473.59847727273 7157.479202700335 41128.604 1708.793 11139.806864238411 604
190 4.8 11942.064416666666 6313.724931518046 41128.604 1708.793 11230.372961419755 648
200 5.4 10602.199685185185 5297.891317360795 41128.604 1708.793 11279.455130747128 696
210 4.6 11163.327913043477 6189.5887417025 41128.604 1708.793 11230.692738666668 750
220 5.8 11456.650862068964 6935.528600069355 41128.604 1708.793 11226.799796482415 796
230 4.8 10721.380124999994 5417.399523733311 41128.604 1708.793 11242.41029039813 854
240 3.8 13541.4277368421 8043.822074553183 45731.932 1708.793 11214.683629711753 902
250 1.3 14499.573076923078 5435.550928944419 45731.932 1708.793 11308.743497872343 940
260 0.6 17300.121500000005 3737.914390843588 45731.932 1708.793 11352.270029380903 953
270 0.1 10679.386 0.0 45731.932 1708.793 11389.482864442129 959
280 0.1 37148.144 0.0 45731.932 1708.793 11388.743180208336 960
290 0 0 0 45731.932 1708.793 11415.547967741937 961
300 0 0 0 45731.932 1708.793 11415.547967741937 961
310 0 0 0 45731.932 1708.793 11415.547967741937 961
320 0.7 8351.014857142856 3219.0204131072205 45731.932 1708.793 11415.547967741937 961
330 3.9 8207.505461538463 3077.8934151125795 45731.932 1708.793 11393.387087809919 968
340 6.6 9793.992409090908 4183.037428277701 45731.932 1708.793 11270.001404170805 1007
350 7.5 10610.683813333337 5319.3212953934235 45731.932 1708.793 11179.212407269339 1073
360 9 11371.554288888892 5559.514801074202 45731.932 1708.793 11142.069859756099 1148
370 11 10533.538090909093 5746.415643251023 45731.932 1708.793 11158.752895799678 1238
380 11.1 11192.974459459461 5143.50173645371 45731.932 1708.793 11107.733883531158 1348
390 9.7 11442.662247422682 6073.578321373013 45731.932 1708.793 11114.218944482525 1459
400 9.5 11662.816263157896 6325.003315391875 45731.932 1708.793 11134.69388046273 1556
410 10.4 11989.36641346154 6716.276549707148 45731.932 1708.793 11165.082509388254 1651
420 9.7 10799.046195876295 4514.005255475077 45731.932 1708.793 11213.928962962967 1755
430 10.8 10991.714833333328 5042.66105076221 45731.932 1708.793 11192.199142008645 1852
440 9.4 10371.285170212766 4528.019349473437 45731.932 1708.793 11181.152047448986 1960
450 10.8 11863.177731481484 5453.64702955621 45731.932 1708.793 11144.08900632912 2054
460 8.8 11426.34384090909 6407.713091967501 45731.932 1708.793 11180.010182238673 2162
470 9.7 11578.210381443305 6253.715893063495 45731.932 1708.793 11189.644565333338 2250
480 9.1 12022.093329670324 6345.8818508803015 45731.932 1708.793 11205.703740519817 2347
490 8.5 11740.039752941184 6135.838018877261 45731.932 1708.793 11236.176034454475 2438
500 9.5 12093.133494736836 6389.519033079968 45731.932 1708.793 11253.151229092355 2523
510 8.6 11755.241651162793 4947.815482145218 45731.932 1708.793 11283.63186898396 2618
520 8.4 11701.733095238093 5423.179292304131 45731.932 1708.793 11298.63129252959 2704
530 7.3 13058.874178082191 6237.562291001948 45731.932 1708.793 11310.776397058828 2788
540 3.2 14098.538531249998 6603.013642039538 45731.932 1708.793 11355.380080391475 2861
550 0.8 14378.686125000002 4119.44090813761 45731.932 1708.793 11385.722655720707 2893
560 0.4 21919.513499999997 10779.128814982974 45731.932 1708.793 11393.976260599795 2901
570 0.2 21935.773 10264.310000000001 45731.932 1708.793 11408.469255077454 2905
580 0 0 0 45731.932 1708.793 11415.711982112145 2907
590 0 0 0 45731.932 1708.793 11415.711982112145 2907
600 0 0 0 45731.932 1708.793 11415.711982112145 2907
610 0 0 0 45731.932 1708.793 11415.711982112145 2907
620 1 9747.1727 2697.4214861107653 45731.932 1708.793 11415.711982112145 2907
630 1.5 14146.3458 3117.4458630635904 45731.932 1708.793 11409.99192972232 2917
640 3.3 15970.160666666663 4586.508413974805 45731.932 1708.793 11423.991011596183 2932
650 6.5 18792.766061538463 5085.251282654875 45731.932 1708.793 11474.58918988196 2965
660 6.9 21102.314318840574 5000.643346004842 45731.932 1708.793 11631.579782838286 3030
670 5.4 22494.169055555558 4796.44276520101 45731.932 1708.793 11842.448025169411 3099
680 6 25493.7164 6739.698260846751 45879.651 1708.793 12024.875216936254 3153
690 6.1 27326.872540983604 5553.088252938676 47570.223 1708.793 12276.394193277312 3213
700 6.8 30664.836058823537 5322.013242846879 47570.223 1708.793 12556.809336591328 3274
710 5.8 33325.674793103426 6445.531401100778 47570.223 1708.793 12925.25512268103 3342
720 5.4 33463.33079629631 6352.544540784385 52603.199 1708.793 13273.262281764706 3400
730 5.9 34956.24567796608 5423.84584143311 52603.199 1708.793 13588.914771569194 3454
740 7 38530.248114285736 6732.629530743886 55177.695 1708.793 13947.774015371477 3513
750 6 39967.94321666667 6781.9602220787265 55705.501 1708.793 14428.034463857102 3583
760 5.2 42563.96232692305 7003.267491223641 67424.053 1708.793 14848.675288772989 3643
770 6.7 44272.815641791036 5890.343479043918 67424.053 1708.793 15238.714510960757 3695
780 7.2 45360.201569444434 6421.103857692209 72832.082 1708.793 15755.802436469963 3762
790 6.2 46888.336709677424 6198.769381337899 72832.082 1708.793 16311.753593896714 3834
800 7.1 47302.21219718309 6199.102646921239 72832.082 1708.793 16798.34192890144 3896
810 7.9 46641.891886075944 6880.241955975541 72832.082 1708.793 17344.289695235693 3967
820 9.8 44548.95103061223 7367.402139002142 72832.082 1708.793 17916.338774097876 4046
830 12.3 43050.17933333333 8290.253743381923 77599.529 1708.793 18546.16406394788 4144
840 15.7 39087.53305732484 6637.001758240681 77599.529 1708.793 19252.513695570662 4267
850 14.9 35261.22610067117 8014.309527540396 77599.529 1708.793 19956.42374073237 4424
860 17.1 33444.229678362586 8736.293944023168 77599.529 1708.793 20455.093225016404 4573
870 18.6 31282.76004838712 7443.852254433009 77599.529 1708.793 20923.293548271507 4744
880 27.3 29907.940886446904 8059.506199846384 77599.529 1708.793 21314.137517647065 4930
890 35.1 23472.338792022783 8693.414719258997 91858.552 1708.793 21765.052051508752 5203
900 49.8 18035.792684738946 7843.737020885961 91858.552 1708.793 21872.948638818874 5554
910 53.7 14845.033247672238 6088.18859240849 91858.552 1708.793 21557.201172670197 6052
920 23.7 17863.60402531644 8305.766925634101 91858.552 1708.793 21010.163052208227 6589
930 4.2 25214.63221428571 8379.82493721437 91858.552 1708.793 20900.913932757103 6826
940 1 34634.66679999999 8973.92839294502 91858.552 1708.793 20927.293689283633 6868
950 0.1 36726.722 0.0 91858.552 1708.793 20947.222990113405 6878
960 0 0 0 91858.552 1708.793 20949.516855356884 6879
970 0 0 0 91858.552 1708.793 20949.516855356884 6879
980 0 0 0 91858.552 1708.793 20949.516855356884 6879
990 0 0 0 91858.552 1708.793 20949.516855356884 6879
1000 0 0 0 91858.552 1708.793 20949.516855356884 6879
1010 0 0 0 91858.552 1708.793 20949.516855356884 6879
1020 0 0 0 91858.552 1708.793 20949.516855356884 6879
1030 0 0 0 91858.552 1708.793 20949.516855356884 6879
1040 0 0 0 91858.552 1708.793 20949.516855356884 6879
1050 0 0 0 91858.552 1708.793 20949.516855356884 6879
1060 0 0 0 91858.552 1708.793 20949.516855356884 6879
1070 0.8 17512.185250000002 10329.03694043751 91858.552 1708.793 20949.516855356884 6879
1080 2.3 16095.739217391303 6192.663196960274 91858.552 1708.793 20945.52402061856 6887
1090 4.7 18930.20593617022 6722.587260815878 91858.552 1708.793 20929.381466280753 6910
1100 13.3 20377.637894736832 7707.857501376212 91858.552 1708.793 20915.87546514302 6957
1110 20.2 20573.12030693071 7907.763438335521 91858.552 1708.793 20905.778766008465 7090
1120 29.7 21829.66832996633 8337.543093154978 91858.552 1708.793 20896.56359750412 7292
1130 38.1 22367.93364304458 8793.215477628482 91858.552 746.247 20933.08120266175 7589
1140 52.9 22859.37024952742 8047.930197975472 91858.552 746.247 21001.673270388957 7970
1150 50.4 25033.788589285727 9194.516158780785 91858.552 746.247 21117.30119155195 8499
1160 49.8 25451.426748995957 8574.829243506929 91858.552 746.247 21336.551402421417 9003
1170 46.4 28191.793025862084 8413.357681585101 91858.552 746.247 21552.234796021472 9501
1180 33.4 32309.580922155692 8570.442647121241 91858.552 746.247 21861.39234932263 9965
1190 28.6 36904.49383916083 7888.153755843972 91858.552 746.247 22200.23058442567 10299
1200 25.2 40759.00629365079 7482.934830118111 91858.552 746.247 22597.53047019367 10585
1210 27 43905.42604444442 6349.830482999912 91858.552 746.247 23019.851399187966 10837
1220 23.5 46149.986153191494 6201.261326139149 91858.552 746.247 23527.558714774466 11107
1230 24.9 46018.9994056225 7108.020622216146 91858.552 746.247 23996.282965173694 11342
1240 24.5 43029.94365306125 7916.118015913028 91858.552 746.247 24469.379021913555 11591
1250 26.7 38875.261310861446 8111.048503752262 93892.713 746.247 24853.574555424133 11836
1260 37.6 34310.837893617085 8883.42687986902 93892.713 746.247 25162.90202495249 12103
1270 53.3 25529.995538461546 9884.250243249597 93892.713 746.247 25438.534999278792 12479
1280 68.1 17033.855261380355 8802.37829887703 93892.713 746.247 25442.281423147866 13012
1290 62.9 14970.703033386326 8204.667371022651 93892.713 746.247 25024.10146140364 13693
1300 22.2 18428.188396396385 8350.16921286662 93892.713 746.247 24582.57181392264 14322
1310 3.8 24653.62347368421 8667.68376096102 93892.713 746.247 24488.63114294555 14544
1320 0.8 36415.31825 10904.063279027087 93892.713 746.247 24489.061105129615 14582
1330 0 0 0 93892.713 746.247 24495.60051960247 14590
1340 0 0 0 93892.713 746.247 24495.60051960247 14590
1350 0 0 0 93892.713 746.247 24495.60051960247 14590
1360 0 0 0 93892.713 746.247 24495.60051960247 14590
1370 0 0 0 93892.713 746.247 24495.60051960247 14590
1380 0 0 0 93892.713 746.247 24495.60051960247 14590
1390 0 0 0 93892.713 746.247 24495.60051960247 14590
1400 0 0 0 93892.713 746.247 24495.60051960247 14590
1410 0.2 9671.324499999999 2609.3505 93892.713 746.247 24495.60051960247 14590
1420 2 10276.965049999999 3393.148093366888 93892.713 746.247 24493.56868352522 14592
1430 11.9 10638.463764705883 5032.394574576048 93892.713 746.247 24474.109877566385 14612
1440 34.5 13338.232594202907 5869.535973931835 93892.713 746.247 24362.34272751341 14731
1450 71.8 14455.179928969363 6137.221556582841 93892.713 746.247 24110.066394534362 15076
1460 98.8 15723.49089068827 6973.281358592933 93892.713 746.247 23671.15234601748 15794
1470 114.3 17284.859922134754 7386.79352963155 93892.713 746.247 23203.252839530454 16782
1480 105.3 18287.96803703701 8216.545710486576 93892.713 746.247 22825.86242923292 17925
1490 91.9 18584.694103373196 8159.574298473934 93892.713 746.247 22574.07600310887 18978
1500 86.4 19023.7197164352 8434.443603081585 93892.713 746.247 22389.814960446303 19897
1510 81.8 19244.964772616127 8471.127788811316 93892.713 746.247 22249.729883098124 20761
1520 74.3 19218.707990578743 8310.8672502223 93892.713 746.247 22135.827577135187 21579
1530 71.9 18268.195386648134 7931.542529637632 93892.713 746.247 22038.72965343608 22322
1540 66.5 19230.116899248143 8896.127548694962 93892.713 746.247 21921.06921604966 23041
1550 60 21079.568348333356 7850.363164726493 93892.713 746.247 21845.58270248039 23706
1560 46 23544.01217391309 8060.81554133223 93892.713 746.247 21826.67343676459 24306
1570 38.3 26910.85537859005 7692.5730312215255 93892.713 746.247 21858.571031010262 24766
1580 30.9 31205.97099676374 7456.411015146517 93892.713 746.247 21935.51345039565 25149
1590 22.5 35891.68025777778 7053.781100902171 93892.713 746.247 22048.034912483312 25458
1600 28.4 41127.565700704225 7231.988226501621 93892.713 746.247 22169.31436592299 25683
1610 24.7 44067.31225101212 5994.639081804677 93892.713 746.247 22376.659973004203 25967
1620 26 47763.3081038462 6109.182908050871 93892.713 746.247 22581.03897325857 26214
1630 33.2 47201.58142168673 7201.66727013032 93892.713 746.247 22828.35294069654 26474
1640 38.6 43247.992795336795 7834.465484602937 93892.713 746.247 23130.222367529663 26806
1650 50.3 36434.67507753478 9118.311340091981 93892.713 746.247 23415.801191637252 27192
1660 74.5 27161.28402147652 9665.466656029936 93892.713 746.247 23652.251582126744 27695
1670 97.8 18538.206608384444 9192.562669841187 93892.713 746.247 23744.172438924055 28440
1680 53.5 17242.22201495329 9023.237672887122 93892.713 746.247 23571.100354408867 29418
1690 13.2 22358.270356060602 9911.725389028717 93892.713 746.247 23458.05825807098 29953
1700 1.4 30740.589428571428 12157.600227229166 93892.713 746.247 23453.232863254118 30085
1710 0.3 40803.806333333334 7927.799105298156 93892.713 746.247 23456.62244403469 30099
1712 0 0 0 93892.713 746.247 23458.35128436649 30102
