20 0.2 6105.522 1240.1710000000003 7345.693 4865.351 0 0
30 1.2 4063.641000000001 1544.1010114734506 7345.693 1459.86 6105.522 2
40 3.2 5983.580718750001 3069.4649746127 14644.679 1269.591 4355.338285714287 14
50 5.6 6395.649839285717 3626.8939987015397 16832.455 1265.53 5488.028673913045 46
60 5.5 6766.583927272726 4033.517671144683 20896.326 839.977 5986.33049019608 102
70 4.9 6664.7477346938795 4098.283955270233 21497.084 839.977 6259.667681528663 157
80 4.9 6343.2774693877545 2609.0635393659577 21497.084 839.977 6356.021674757283 206
90 4.9 7269.432857142858 4526.428302789897 22388.991 839.977 6353.572788235295 255
100 3.5 5266.870542857141 2517.886498132391 22388.991 839.977 6501.1949703947375 304
110 4.3 7735.154348837211 4963.124066582809 22388.991 839.977 6373.757345132744 339
120 3.5 6696.3532857142845 3312.651261331594 22388.991 839.977 6527.003604712043 382
130 4.2 6357.754261904764 3152.322617553558 22388.991 839.977 6541.217606714628 417
140 4.6 6655.5143913043485 3502.458366884761 22388.991 839.977 6524.430111111112 459
150 5.2 6326.626499999999 3940.1666630322866 22388.991 839.977 6536.370461386139 505
160 5.2 6389.410500000003 3584.592324511729 22388.991 839.977 6516.789337522442 557
170 4.3 6676.916627906976 3090.4033526085386 22388.991 839.977 6505.912983579639 609
180 4.8 6536.401229166667 3466.579479853624 22388.991 822.614 6517.190831288344 652
190 5.8 6533.245275862069 3266.273164672807 22388.991 822.614 6518.508115714286 700
200 4.7 6792.228872340426 3471.7982086176294 22388.991 822.614 6519.63576121372 758
210 5.2 6658.239499999998 3511.162532577525 22388.991 822.614 6535.551135403726 805
220 5.1 6382.687901960785 3407.7600274193583 22388.991 822.614 6542.99547024504 857
230 3.9 7188.894153846155 3219.928712765418 22388.991 822.614 6533.991410792951 908
240 1 7146.298800000001 2802.5093895266004 22388.991 822.614 6560.962062302006 947
250 0.3 9694.580333333333 857.0339156285219 22388.991 822.614 6567.078433646812 957
260 0.1 8609.603 0.0 22388.991 822.614 6576.851877083333 960
270 0 0 0 22388.991 822.614 6578.967122788762 961
280 0 0 0 22388.991 822.614 6578.967122788762 961
290 0 0 0 22388.991 822.614 6578.967122788762 961
300 0 0 0 22388.991 822.614 6578.967122788762 961
310 0.5 4778.8366000000005 2587.3229155481617 22388.991 822.614 6578.967122788762 961
320 4 4662.6072 2157.9341437821986 22388.991 822.614 6569.649677018634 966
330 7.1 6009.402915492958 2810.399893099626 22388.991 822.614 6493.822938369782 1006
340 8.4 6186.10839285714 3197.376736897322 22388.991 822.614 6461.888099350046 1077
350 9.1 6140.712296703296 3129.61532781304 22388.991 822.614 6441.935045650301 1161
360 10.5 6461.857752380952 3749.837312605548 22388.991 822.614 6420.041059904153 1252
370 11.9 6250.951420168068 3248.048128251182 22388.991 822.614 6423.276691967575 1357
380 10.1 6851.615386138616 3685.249188504104 22388.991 822.614 6409.3832588075875 1476
390 9.2 7676.363804347826 3796.629150574614 23073.469 822.614 6437.706305643627 1577
400 9.4 7085.677978723405 3738.4375790786735 24661.326 822.614 6505.9846099460765 1669
410 10.2 6348.381774509804 3156.1427641444634 24661.326 822.614 6536.892821327284 1763
420 10.5 6724.266228571431 3142.3013467144538 24661.326 822.614 6526.582833780161 1865
430 10.7 6987.460943925233 3631.3180451719923 24661.326 822.614 6537.119258375635 1970
440 9.2 6538.388239130437 3148.6594849739645 24661.326 784.126 6560.319335580164 2077
450 10.1 6646.170009900989 3793.870602823661 24661.326 784.126 6559.389109266945 2169
460 9.6 6582.846447916666 3549.7116958857523 24661.326 784.126 6563.250285903085 2270
470 8.2 6496.061634146345 3845.297280154963 24661.326 784.126 6564.045396449705 2366
480 9.1 6152.54340659341 2961.851599129726 24661.326 784.126 6561.7681625816995 2448
490 9.3 6133.692311827958 3573.8453220232377 24661.326 784.126 6547.101186293818 2539
500 9.5 6029.327294736842 2936.194613254598 24661.326 784.126 6532.493653875381 2632
510 7.7 6568.396506493506 3167.6185234442623 24661.326 784.126 6514.96493949395 2727
520 6.5 6589.782230769231 3578.976494400486 24661.326 784.126 6516.432211483595 2804
530 2.8 8424.838928571427 3219.3822751259054 24661.326 784.126 6518.09402788428 2869
540 0.6 11376.722500000002 5224.304994533236 24661.326 784.126 6536.523043148083 2897
550 0.3 9246.423666666667 4286.413402685384 24661.326 784.126 6546.526900103341 2903
560 0.1 25541.477 0.0 25541.477 784.126 6549.314130075705 2906
570 0 0 0 25541.477 784.126 6555.847381836946 2907
580 0 0 0 25541.477 784.126 6555.847381836946 2907
590 0 0 0 25541.477 784.126 6555.847381836946 2907
600 0 0 0 25541.477 784.126 6555.847381836946 2907
610 1.1 6434.35209090909 2727.5192165316703 25541.477 784.126 6555.847381836946 2907
620 4.4 8853.784477272724 2642.834283851064 25541.477 784.126 6555.389380397533 2918
630 5.9 10307.941898305082 3050.355933285062 25541.477 784.126 6589.531643821742 2962
640 9.6 12660.64816666666 3763.5122836201294 25541.477 784.126 6662.152036080769 3021
650 6.9 14306.006057971017 3370.595785845101 27275.02 784.126 6846.898788899583 3117
660 7.5 17133.80912000001 3942.950013563999 27275.02 784.126 7008.4425433145025 3186
670 9.6 18208.79889583334 3986.7710438455606 28467.068 784.126 7241.316659613617 3261
680 5.6 20215.906928571436 4512.84349880507 31387.909 784.126 7554.95332767352 3357
690 9.4 22532.40396808512 4852.8240684544935 36999.344 784.126 7762.692384705539 3413
700 6.6 24360.357272727262 4100.345269539903 36999.344 784.126 8158.572877673227 3507
710 7.8 26654.54253846154 4514.072268955778 40991.247 784.126 8457.850171284636 3573
720 6.8 28347.212411764707 4703.160963905034 40991.247 784.126 8846.604486442071 3651
730 8.5 29845.718364705892 5389.9679814883275 48722.212 784.126 9203.163061037914 3719
740 7.7 31409.026155844156 4668.512883136243 48722.212 784.126 9664.41889721346 3804
750 6.2 34058.18640322577 4902.735001786014 48722.212 784.126 10095.837283947436 3881
760 7.4 34394.11928378379 3720.562399744144 48722.212 784.126 10472.622890185137 3943
770 8.4 36853.959571428546 4463.240789545092 52038.24 784.126 10913.297705501616 4017
780 7.8 37011.30641025642 4545.058975006421 52038.24 784.126 11444.635329675686 4101
790 9.5 38543.77355789472 4037.5056411992355 52976.439 784.126 11921.830913376403 4179
800 12.9 39005.493131782954 4453.594027872267 53325.592 784.126 12513.568056855402 4274
810 11.4 38656.85232456139 4523.3336856031865 53325.592 784.126 13289.733928912103 4403
820 11.6 37566.93368103448 5670.678242726708 56688.053 784.126 13929.9490046491 4517
830 14.3 34399.28667832164 5676.899937858183 56688.053 784.126 14521.766449600687 4633
840 16.9 31482.654082840225 5547.449738699645 56688.053 784.126 15116.926707705186 4776
850 21.7 28049.766069124435 5848.3275118860465 56688.053 784.126 15676.24074742163 4945
860 19.9 26999.11030653267 6316.269372038319 56688.053 784.126 16196.398630956986 5162
870 21.1 25109.17701895734 5542.2696797487415 56688.053 784.126 16597.39464353665 5361
880 33.8 21425.371979289943 5948.054589380664 56688.053 784.126 16919.718060839907 5572
890 43.6 17372.71811009172 5996.812064562468 56688.053 784.126 17177.401821319792 5910
900 39.6 13440.785285353535 4973.441512674178 56688.053 784.126 17190.8209675386 6346
910 13.3 12515.847172932332 5187.522294716418 56688.053 784.126 16970.557821566294 6742
920 0.4 16407.681500000002 4484.928619945055 56688.053 784.126 16884.37941919999 6875
930 0 0 0 56688.053 784.126 16884.102228957687 6879
940 0 0 0 56688.053 784.126 16884.102228957687 6879
950 0 0 0 56688.053 784.126 16884.102228957687 6879
960 0 0 0 56688.053 784.126 16884.102228957687 6879
970 0 0 0 56688.053 784.126 16884.102228957687 6879
980 0 0 0 56688.053 784.126 16884.102228957687 6879
990 0 0 0 56688.053 784.126 16884.102228957687 6879
1000 0 0 0 56688.053 784.126 16884.102228957687 6879
1010 0 0 0 56688.053 784.126 16884.102228957687 6879
1020 0 0 0 56688.053 784.126 16884.102228957687 6879
1030 0.1 34953.487 0.0 56688.053 784.126 16884.102228957687 6879
1040 0 0 0 56688.053 784.126 16886.728593023247 6880
1050 0.5 24050.2038 6457.213932890295 56688.053 784.126 16886.728593023247 6880
1060 2.6 16625.742461538463 8433.990512389462 56688.053 784.126 16891.930826289023 6885
1070 7.2 14982.577291666668 7798.337000910319 56688.053 784.126 16890.929394154235 6911
1080 15.5 15279.093180645164 7400.715438091486 56688.053 784.126 16871.252843763414 6983
1090 21.7 15940.872096774194 6964.24052281153 56688.053 784.126 16836.67946917903 7138
1100 35.6 16678.463764044944 8303.197961991264 56688.053 382.648 16810.249802311344 7355
1110 46.4 17233.275336206876 8147.642340519116 56688.053 382.648 16804.165529243928 7711
1120 56 17810.23695357143 8176.05436361886 56688.053 382.648 16828.521119510693 8175
1130 57.1 18698.552155866902 8464.122805776107 56688.053 382.648 16891.45882610188 8735
1140 58.5 19298.306394871775 8456.538188921344 56688.053 382.648 17002.338934773255 9306
1150 55.7 20181.32000538601 8124.249012763412 56688.053 382.648 17138.133188555243 9891
1160 45.6 20232.781241228047 8262.448930288228 56688.053 382.648 17300.37046429938 10448
1170 35.2 23099.71720454545 7670.932105467657 56688.053 382.648 17423.002463041077 10904
1180 23.3 26177.46758798282 7285.487174128922 56688.053 382.648 17600.525880685847 11256
1190 18.7 31097.31000000001 6748.906267317718 56688.053 382.648 17774.46855783792 11489
1200 18.8 35845.56286702129 6204.472955855606 56688.053 382.648 17987.843973192863 11676
1210 20.6 38604.16833495145 5140.619737094821 56688.053 382.648 18270.82198668239 11864
1220 23 38867.15695652171 4499.635694736367 56688.053 382.648 18617.853415658647 12070
1230 22.8 37064.24475438599 5374.19141835473 57350.519 382.648 18996.498929024376 12300
1240 24.7 34496.063336032385 6050.685639666501 57350.519 382.648 19325.318058029996 12528
1250 31.2 31058.107368589743 6189.568284265022 57350.519 382.648 19618.63892563599 12775
1260 34.9 26297.832908309447 6316.913691881555 57350.519 382.648 19891.36102804308 13087
1270 53.2 19258.820020676667 6448.027569165722 57350.519 382.648 20057.769087451605 13436
1280 50.3 11731.370025844932 5759.35930934512 57350.519 382.648 20027.3394695017 13968
1290 11.1 11455.477036036034 5347.232979708426 57350.519 382.648 19738.97842809756 14471
1300 0.8 14633.26925 4962.319505149501 57350.519 382.648 19675.923383897938 14582
1310 0 0 0 57350.519 382.648 19673.15839191225 14590
1320 0 0 0 57350.519 382.648 19673.15839191225 14590
1330 0 0 0 57350.519 382.648 19673.15839191225 14590
1340 0 0 0 57350.519 382.648 19673.15839191225 14590
1350 0 0 0 57350.519 382.648 19673.15839191225 14590
1360 0 0 0 57350.519 382.648 19673.15839191225 14590
1370 0 0 0 57350.519 382.648 19673.15839191225 14590
1380 0 0 0 57350.519 382.648 19673.15839191225 14590
1390 0 0 0 57350.519 382.648 19673.15839191225 14590
1400 0.3 3354.9083333333333 2088.893953746389 57350.519 382.648 19673.15839191225 14590
1410 5.2 6059.466057692305 3757.7769333858523 57350.519 382.648 19669.803718426625 14593
1420 23.4 7783.412055555553 4346.043808498561 57350.519 382.648 19621.477493888684 14645
1430 58.1 9625.937524956982 4941.438179690347 57350.519 382.648 19435.301856240323 14879
1440 102.6 10511.870335282658 5575.212740684103 57350.519 382.648 19066.657569275536 15460
1450 118.9 11847.718625735915 6178.183773010333 57350.519 243.782 18534.253608213017 16486
1460 109.7 12462.934631722883 6159.549454718594 57350.519 243.782 18084.449359603947 17675
1470 102.9 13101.241712342076 6789.344301955565 57350.519 243.782 17755.93872373747 18772
1480 90.4 12913.583139380524 6484.2814290099195 57350.519 243.782 17514.04774728548 19801
1490 76.2 12981.354986876624 6435.587837604239 57350.519 243.782 17313.187085341695 20705
1500 75.3 12571.222912350617 6318.915414226333 57350.519 243.782 17159.42288638374 21467
1510 74.5 13240.564102013406 6679.556249992702 57350.519 243.782 17003.93618159315 22220
1520 69.5 13224.652307913659 6893.440155194138 57350.519 243.782 16881.84986766818 22965
1530 72.9 13258.444991769564 6718.443711440784 57350.519 243.782 16774.42162151309 23660
1540 66.9 13352.878328849034 6974.728424694601 57350.519 243.782 16669.327236213037 24389
1550 51.7 14904.34229980657 6687.650171959696 57350.519 243.782 16580.784482640265 25058
1560 46 17930.17114130432 6714.942342630927 57350.519 243.782 16546.89511378298 25575
1570 37.8 21005.99106084656 7439.52104998688 57350.519 243.782 16571.335558286908 26035
1580 28.7 25680.323801393755 7032.075861273303 57350.519 243.782 16634.800510392597 26413
1590 25.9 31028.15063706564 6027.2609330905625 57350.519 243.782 16732.03141617976 26700
1600 26.8 36383.645641791045 5615.402295538835 58560.541 243.782 16869.37682506768 26959
1610 26.4 39190.27009848484 5115.326626934191 58560.541 243.782 17061.459097917494 27227
1620 31.7 41207.541305993705 4147.929076451757 58560.541 243.782 17273.96523098467 27491
1630 36.3 39379.64481267216 4912.898407768945 68576.315 243.782 17546.798358709708 27808
1640 42.5 35177.42985647061 6392.29702600461 68576.315 243.782 17828.127500834173 28171
1650 53.8 29539.024704460957 6467.31350830593 68576.315 243.782 18085.976623129092 28596
1660 58.6 21162.443916382286 6661.083245496921 68576.315 243.782 18297.473151850056 29134
1670 35.1 14181.260900284904 6132.479136009749 68576.315 243.782 18353.962817664855 29720
1680 3.1 13800.082999999997 6145.253878261474 68576.315 243.782 18305.257474543563 30071
1690 0 0 0 68576.315 243.782 18300.61790213273 30102
1700 0 0 0 68576.315 243.782 18300.61790213273 30102
1710 0 0 0 68576.315 243.782 18300.61790213273 30102
1712 0 0 0 68576.315 243.782 18300.61790213273 30102
