0 0.1 2451.48 0 2451.48 2451.48 0 0
10 2.4 2397.533708333334 1520.8003360648213 7293.448 471.301 2451.48 1
20 5.7 2172.71643859649 1359.1383887295735 7496.284 445.377 2399.6915600000007 25
30 4.5 1945.5213777777774 1209.5475887011512 7496.284 445.377 2241.9161707317066 82
40 4.9 2532.746489795919 2019.3673373432332 10838.482 445.377 2136.894393700787 127
50 7.8 3038.3212948717946 2625.7884751188108 12484.496 445.377 2247.1032159090905 176
60 8.8 2838.2457159090914 2071.734987298425 14020.889 445.377 2490.0756968503933 254
70 11.2 3402.2797232142866 2317.3809846733434 14020.889 445.377 2579.663304093567 342
80 9.3 3444.145354838708 2448.7862492053746 14020.889 445.377 2782.599513215859 454
90 11.8 3252.832372881359 2347.733653004613 14020.889 445.377 2895.0744003656305 547
100 11.4 3375.0612807017546 2826.460827511757 17852.808 434.369 2958.556266165414 665
110 10.1 3103.666782178216 2032.1439146625835 17852.808 434.369 3019.5082195121954 779
120 7.4 2984.2625405405397 2669.2153990298507 17852.808 434.369 3029.1673272727276 880
130 9.7 3320.2022061855664 2658.9101049775504 17852.808 434.369 3025.684146750524 954
140 10.1 3006.4114950495054 2753.2451066503554 17852.808 434.369 3052.8661179828737 1051
150 9.6 3182.196614583334 2424.8450437723436 17852.808 434.369 3048.7932734375004 1152
160 9.9 3443.5245959595936 2572.100982683466 17852.808 430.75 3059.0550689102565 1248
170 9.9 3465.863191919192 2377.335259998832 17852.808 430.75 3087.312294729027 1347
180 10 3256.922079999998 2670.8414630788207 17852.808 430.75 3113.229679806362 1446
190 8.8 3476.654659090909 3080.579868853836 17852.808 430.75 3122.524142949547 1546
200 11 3434.3087181818196 2610.323388464945 17852.808 430.75 3141.5960434516523 1634
210 6.7 3974.092820895523 2330.914385368367 17852.808 430.75 3160.058425458715 1744
220 5.2 3603.124961538461 2281.551397141722 17852.808 430.75 3190.1745516289343 1811
230 5.3 4394.435641509434 3141.1795430943903 17852.808 430.75 3201.700811057434 1863
240 4.9 4483.474938775512 3090.4756968743886 17852.808 430.75 3234.6939979123167 1916
250 2.3 5574.438391304348 3610.193636922344 17852.808 430.75 3265.834082442748 1965
260 0.7 4399.759142857143 2630.567962055692 17852.808 430.75 3292.5432872233396 1988
270 0.4 6519.547999999999 2108.665380691185 17852.808 430.75 3296.428255137844 1995
280 0.1 2879.559 0.0 17852.808 430.75 3302.8777193596793 1999
290 1.4 1950.6929999999998 1202.4588095036768 17852.808 430.75 3302.6660599999996 2000
300 5.4 2477.5862962962974 1663.1246436317306 17852.808 430.75 3293.2680347567025 2014
310 9.5 2609.9228000000007 1978.6307596415395 17852.808 430.75 3271.968801740812 2068
320 8.7 2419.881816091954 1917.9450954412719 17852.808 430.75 3242.8914230235778 2163
330 12 2449.272250000002 1942.9598843243186 17852.808 430.75 3211.0683848888884 2250
340 15.5 3040.178851612903 2206.7536252416426 17852.808 430.75 3172.4964286919826 2370
350 15.5 2903.17109032258 2103.895282115412 17852.808 430.75 3164.373963564356 2525
360 18.2 3812.042445054945 2912.705900393573 17852.808 430.75 3149.267080970149 2680
370 17.8 3395.9484044943806 2446.9992100807203 17852.808 430.75 3191.4142215234097 2862
380 20.7 3430.672864734301 2671.7106597157854 17852.808 430.75 3203.3902361842097 3040
390 22.6 3681.91032300885 2512.16268928391 17852.808 430.75 3217.8797662457646 3247
400 20.2 3650.0350049504937 2610.7260101908723 17852.808 430.75 3248.0758232076014 3473
410 19.8 3451.230303030302 2470.1869973887556 17852.808 430.75 3270.169906122449 3675
420 20.2 3428.2258316831676 2357.6821671736825 17852.808 430.75 3279.4262858249417 3873
430 21.7 3576.873525345621 2798.791027461395 18942.685 430.75 3286.8023614723925 4075
440 20.6 3493.9095679611664 2637.778728074286 18942.685 430.75 3301.4681216216213 4292
450 20.5 3439.9056487804883 2443.5970903204147 18942.685 430.75 3310.281580480213 4498
460 17.2 3648.268447674417 2664.5179800652163 18942.685 430.75 3315.931789708696 4703
470 18.8 3410.3032499999995 2321.6207873737203 18942.685 430.75 3327.6573087179486 4875
480 20.1 3310.8028457711453 2421.8207385983696 18942.685 430.75 3330.726128974916 5063
490 15.9 3292.82871698113 2463.50664082494 18942.685 430.75 3329.9653805091184 5264
500 12.1 3731.8866033057834 2478.8188635209203 18942.685 430.75 3328.8765496957403 5423
510 10.9 4709.691348623853 3110.9194944624405 19264.268 430.75 3337.6724040404038 5544
520 8.9 4401.864730337081 2263.0885203377015 19264.268 430.75 3364.1273951883954 5653
530 7.3 4776.339506849314 3157.554099274762 19264.268 430.75 3380.212143155695 5742
540 5.9 4812.884508474575 3065.5401093355804 19264.268 430.75 3397.7387635425616 5815
550 1.7 5415.437470588235 3367.6811597501874 19264.268 430.75 3411.9528593803198 5874
560 0.5 7845.558 3614.6006687086197 19264.268 430.75 3417.7344309964346 5891
570 0.4 2544.03125 1026.899573056045 19264.268 430.75 3421.489369572591 5896
580 0.5 1304.3912 540.5393219451847 19264.268 430.75 3420.8944827118635 5900
590 5.2 1924.4632307692302 1263.6347123342193 19264.268 430.75 3419.1023546147326 5905
600 13.2 3164.9140454545454 1837.1418838725017 19264.268 430.75 3406.0553117340937 5957
610 10.6 5014.2583490566085 1601.4189476103593 19264.268 430.75 3400.8277460995228 6089
620 11.1 7108.705036036036 1980.3325392377276 19264.268 430.75 3428.434468280871 6195
630 10.3 8840.425135922338 2196.805152766069 19264.268 430.75 3493.2156343165234 6306
640 10 9946.947609999996 2341.9534013389934 19264.268 430.75 3579.1514400062406 6409
650 12.2 11621.365491803275 3166.742740289964 20990.427 430.75 3676.9820771239815 6509
660 15 12952.775286666672 3190.966583399811 22773.547 430.75 3823.1462720554964 6631
670 13.9 15066.347755395675 4169.476137589264 32045.333 430.75 4025.0994282554193 6781
680 15.8 17279.27793670886 3811.276398997071 32045.333 430.75 4246.881728468207 6920
690 14.4 19193.417305555555 3710.2546574927733 32045.333 430.75 4537.799869313364 7078
700 16.3 20217.056030674856 4269.561723306317 33452.14 430.75 4830.01932525616 7222
710 13.3 22107.295165413532 4043.426028097141 35303.055 430.75 5169.638415707514 7385
720 16 23336.520456250008 4002.36150009342 37797.331 430.75 5469.2803880021265 7518
730 15.1 24894.37863576159 4027.8645097076433 37797.331 430.75 5841.611517322218 7678
740 14.6 25719.91065753425 3948.4187056814694 37797.331 430.75 6209.087291352662 7829
750 14.8 27209.077337837836 4510.538558744183 41520.592 430.75 6566.27603260188 7975
760 15.5 28268.592709677407 3524.1511943331484 41520.592 430.75 6942.385178628585 8123
770 17.2 29640.704674418615 3797.2801307907025 41520.592 430.75 7341.704116453248 8278
780 18.1 31227.200502762407 3716.168276374929 48238.777 430.75 7795.600932544378 8450
790 18.2 32088.72477472528 4005.9433174161086 48238.777 430.75 8286.983104043562 8631
800 19.6 31628.532285714275 3289.1397627441247 48238.777 430.75 8778.520263247474 8813
810 23.2 30746.4425862069 3812.5401433329603 48238.777 430.75 9275.64562193362 9009
820 22.5 29633.05771111109 3936.5177233107397 48238.777 430.75 9814.68088821556 9241
830 27.2 27327.33651838236 4076.2874660955804 48238.777 430.75 10285.749426684975 9466
840 37 24533.412799999995 4850.509434962417 48238.777 430.75 10761.751859314025 9738
850 38.8 21852.679842783487 4684.273605103392 48238.777 430.75 11265.858957459435 10108
860 43.5 20988.220170114953 4773.007336738199 48238.777 430.75 11657.216284394053 10496
870 44.7 20714.529263982127 4726.854805113716 48238.777 430.75 12028.54431387796 10931
880 43.4 18154.88522119815 5172.9399732755 48238.777 430.75 12369.784889787306 11378
890 38.7 12436.512979328176 4858.1090903890035 48238.777 430.75 12582.342758381305 11812
900 51.2 7854.362951171883 3503.3205139329257 48238.777 430.75 12577.716467333386 12199
910 64 5556.084842187499 3117.895974042985 48238.777 430.75 12387.459445834314 12711
920 40.4 5287.409970297033 3442.710799615019 48238.777 430.75 12059.987365365887 13351
930 10.1 5506.908128712874 3611.8607784064143 48238.777 430.75 11861.069061650305 13755
940 1.9 6350.920421052631 4715.663856837442 48238.777 430.75 11814.751924364891 13856
950 0.4 5129.75825 5296.301862353126 48238.777 430.75 11807.269920864861 13875
960 0 0 0 48238.777 430.75 11805.345427264208 13879
970 0.1 6893.378 0.0 48238.777 430.75 11805.345427264208 13879
980 0.2 11515.37 835.152 48238.777 430.75 11804.991539121032 13880
990 1.8 17732.209611111113 3132.844905890014 48238.777 430.75 11804.949812923205 13882
1000 1.7 20702.618411764703 2349.263326694039 48238.777 430.75 11812.625401151075 13900
1010 2.1 23826.07171428572 3536.8835471000393 48238.777 430.75 11823.484773226986 13917
1020 3.1 27412.7469032258 3035.9384782946386 48238.777 430.75 11841.568739776149 13938
1030 4.7 31075.206085106383 2977.3989483338446 48238.777 430.75 11876.12429300594 13969
1040 8.2 28103.47156097561 9480.555765056386 48238.777 430.75 11940.504775613583 14016
1050 15.3 20683.050470588245 11145.775298820527 48238.777 98.656 12034.51550595829 14098
1060 26.3 15283.878760456273 9519.11146797766 48238.777 98.656 12127.366944424952 14251
1070 41 11981.592585365843 8144.137178089497 48238.777 98.656 12184.564313008128 14514
1080 63.5 11262.111110236228 7283.9874690313845 48238.777 15.526 12178.98816664433 14924
1090 73.2 11629.37423497266 7077.058668729882 48238.777 15.526 12141.568221222444 15559
1100 72.1 12372.837178918162 7411.76973969696 48238.777 15.526 12118.553918973666 16291
1110 65.5 13159.472422900764 7738.326668056289 48238.777 15.526 12129.330913472842 17012
1120 68 13841.383475000006 7439.048041099182 48238.777 11.375 12167.523175241977 17667
1130 74.1 12950.231827260457 7437.984591908374 48238.777 11.375 12229.561928380663 18347
1140 75.3 13170.591146082346 7693.401509924579 48238.777 11.375 12257.538478834871 19088
1150 85.2 14131.643775821587 7431.174886813727 48238.777 11.375 12292.190394486168 19841
1160 72.1 15046.562717059629 7429.561491199951 48238.777 11.375 12367.92684067076 20693
1170 61.2 17497.6282630719 7107.362601632579 48238.777 11.375 12458.1153373027 21414
1180 49.4 21316.469244939286 6311.8523530305265 48238.777 11.375 12598.139940524834 22026
1190 43.8 26425.340625570767 6113.258707616858 48238.777 11.375 12789.385707682059 22520
1200 44.1 29699.09354195011 5140.8954625745655 48238.777 11.375 13049.536777201845 22958
1210 52.7 32943.48758444021 4086.968772195216 49193.478 11.375 13363.330295439973 23399
1220 53.5 32100.017828037355 3685.142117286895 49193.478 11.375 13794.607687870934 23926
1230 56.2 29984.228345195752 4273.32975494483 52641.485 11.375 14194.97539258411 24461
1240 54.7 27749.51386288849 4582.50104812635 52641.485 11.375 14549.591552092075 25023
1250 50.2 24718.51814940241 4792.802443316493 52641.485 11.375 14831.967676613218 25570
1260 56.9 21121.79659226715 5393.393217621059 52641.485 11.375 15022.327002224609 26072
1270 67.8 13441.12592772859 5754.925694494156 52641.485 11.375 15152.59982219136 26641
1280 87.2 6771.724728210995 4076.2595372888513 52641.485 11.375 15110.124647388266 27319
1290 72.8 4543.189000000001 2875.481580526921 52641.485 11.375 14852.20244776702 28191
1300 36.7 4996.958779291553 3144.851050602518 52641.485 11.375 14592.68580507625 28919
1310 10.4 5919.65475 3903.7291017044863 52641.485 11.375 14472.436135662092 29286
1320 1.7 7047.866764705883 5551.281957012087 52641.485 11.375 14442.171104559375 29390
1330 0.3 12256.84266666667 5027.683781666022 52641.485 11.375 14437.896504165676 29407
1340 0 0 0 52641.485 11.375 14437.6740233254 29410
1350 0 0 0 52641.485 11.375 14437.6740233254 29410
1360 0 0 0 52641.485 11.375 14437.6740233254 29410
1370 0 0 0 52641.485 11.375 14437.6740233254 29410
1380 0.8 2334.481875 2362.7820844597286 52641.485 11.375 14437.6740233254 29410
1390 10.1 3226.3156831683186 3532.259502541779 52641.485 11.375 14434.3826528316 29418
1400 53.7 4993.524702048426 4425.363551515669 52641.485 11.375 14396.033970154816 29519
1410 118.4 5779.369576013531 4911.464969200815 52641.485 11.375 14228.042638075593 30056
1420 145.5 7057.873294845361 5485.8796898638675 52641.485 11.375 13907.836847247121 31240
1430 121.7 7766.250860312241 5738.099302746778 52641.485 7.08 13602.998279614621 32695
1440 118.1 7660.796610499572 5967.204588877989 52641.485 7.08 13393.534915339704 33912
1450 131.5 7082.974236501894 5585.9858716326835 52641.485 7.08 13200.608578519934 35093
1460 152.6 7380.539927916127 5472.8436348414525 52641.485 7.08 12979.649197072073 36408
1470 176.3 7769.657167328423 5461.334360791154 52641.485 7.08 12754.40955071967 37934
1480 179.3 8188.514931957598 5587.780602412149 52641.485 7.08 12533.029636572033 39697
1490 162.8 8617.1561891892 5703.842374981353 52641.485 7.08 12345.280423138103 41490
1500 161.7 8659.385128014837 5726.566461585249 52641.485 7.08 12204.518183403681 43118
1510 162.8 8999.30689312042 6081.886279610467 52641.485 7.08 12076.37511532357 44735
1520 151.8 9101.024988142277 5985.659022722288 52641.485 7.08 11968.326303431617 46363
1530 141 9009.71545319146 6171.169183185913 52641.485 7.08 11877.422533739895 47881
1540 131.6 9468.638879939203 6223.098635168066 52641.485 7.08 11795.38997234789 49291
1550 112.4 10863.045715302533 6449.021802929565 52641.485 7.08 11734.884420989189 50607
1560 84 13812.61623095238 6534.24746290142 52641.485 7.08 11715.941297809823 51731
1570 68.2 17043.031576246336 6692.228775223848 52641.485 7.08 11749.442789960241 52571
1580 46.4 22229.014476293123 6381.960915302511 52641.485 7.08 11817.236671098339 53253
1590 41.5 26433.41152530121 5776.213625539931 52641.485 7.08 11907.172164547534 53717
1600 44.1 31376.863557823108 5040.1154694294955 52641.485 7.08 12018.536779465008 54132
1610 45 33944.976257777766 3749.3218675075495 52641.485 7.08 12174.969852766017 54573
1620 42.7 33960.68907494144 3748.6767522601103 52641.485 7.08 12353.013632317392 55023
1630 50.7 32064.566449704136 4445.533154043202 52641.485 7.08 12519.40637197475 55450
1640 50.1 28267.48803393213 5574.963360851517 52641.485 7.08 12696.49585424522 55957
1650 58.6 21673.198474402736 6030.796210639499 52641.485 7.08 12834.670551932406 56458
1660 80.9 14143.217703337465 5715.458174582289 52641.485 7.08 12925.466733170882 57044
1670 130.4 6765.6812154908 4137.890539569706 52641.485 7.08 12942.495418543545 57853
1680 80.9 5228.702245982692 3590.348131301663 52641.485 7.08 12806.33966823875 59157
1690 27.1 5337.1700295202945 3500.449270310561 52641.485 7.08 12704.10992680852 59966
1700 5.2 6314.144692307692 3815.357215780475 52641.485 7.08 12670.966830170819 60237
1710 0.5 4276.722400000001 2233.2700129821833 52641.485 7.08 12665.483993315525 60289
1712 0 0 0 52641.485 7.08 12664.788338557728 60294
