0 1.6 3459.6709375 1471.8758108402212 6541.62 1316.681 0 0
10 5.8 5865.034137931033 3351.7706142624515 16099.647 1024.806 3459.6709375 16
20 7.7 12182.137142857138 7308.6081417313035 27822.646 1024.806 5344.955608108107 74
30 9.5 15322.841115789475 9871.847959735964 36648.465 687.659 8831.46539735099 151
40 11.3 17872.907336283184 11156.991542905103 40538.24 687.659 11338.297483739836 246
50 10.6 15254.588216981128 10717.925647992495 48133.854 687.659 13395.152395543175 359
60 10.8 17201.416055555554 10389.620803998978 48133.854 687.659 13819.023787096774 465
70 8.5 16359.783388235302 11747.880546715267 50253.997 687.659 14456.542748691098 573
80 11.1 14054.157846846849 10415.636644753586 50253.997 687.659 14702.402101823709 658
90 9.7 15248.817680412376 11423.344361985164 50253.997 687.659 14608.832384915475 769
100 9.2 13517.558086956515 10323.481446116582 50253.997 687.659 14680.516650115473 866
110 8.2 17055.134036585376 10146.900711663095 50253.997 687.659 14568.833781837158 958
120 11 16224.827536363626 12547.428104223287 51067.624 687.659 14764.868994230768 1040
130 9.7 16235.180701030928 11689.89104036141 59242.031 687.659 14904.517202608693 1150
140 11.8 15057.660957627111 11300.558309892793 59242.031 687.659 15008.025109061746 1247
150 10 17055.267060000013 11862.089972503636 59568.396 687.659 15012.315973626371 1365
160 9.2 17214.2904021739 11638.136765195832 59568.396 687.659 15151.76655972696 1465
170 9.6 16306.243062499992 10166.575928349643 59568.396 687.659 15273.636947334617 1557
180 9.9 16045.37887878789 11008.008801367738 59568.396 687.659 15333.606812462189 1653
190 10.5 14852.097809523812 11446.058356734897 59568.396 687.659 15373.82680936073 1752
200 7.6 21055.36232894737 8860.904397706629 59568.396 687.659 15344.326785137317 1857
210 4.3 26737.32288372093 6216.570704223576 59568.396 687.659 15568.868275737193 1933
220 2.2 32409.817454545453 5543.776360426887 59568.396 687.659 15811.906508603237 1976
230 0.1 38591.344 0.0 59568.396 687.659 15994.666288788787 1998
240 0.1 54083.494 0.0 59568.396 687.659 16005.97027963982 1999
250 0 0 0 59568.396 687.659 16025.009041499998 2000
260 0 0 0 59568.396 687.659 16025.009041499998 2000
270 0 0 0 59568.396 687.659 16025.009041499998 2000
280 0.3 1501.0803333333333 80.92151509676248 59568.396 687.659 16025.009041499998 2000
290 6.5 5393.087999999998 2680.7502292710415 59568.396 687.659 16003.2557783325 2003
300 11.1 8227.808162162162 5652.793081667827 59568.396 620.133 15669.764044487425 2068
310 15.2 12956.084355263161 8017.766192695255 59568.396 620.133 15290.664869206055 2179
320 19.8 16605.642409090902 10435.394020743935 59568.396 620.133 15138.431390819389 2331
330 18.1 15450.221878453034 11235.192810527225 59568.396 620.133 15253.302004349543 2529
340 18.2 16267.671351648365 11640.14832499469 59568.396 620.133 15266.45421734317 2710
350 19.5 18409.77868717949 11793.42016057539 59568.396 620.133 15329.463041147992 2892
360 20.5 18601.298521951194 11562.459085266828 59568.396 620.133 15524.040803045025 3087
370 19.7 17138.170781725883 11945.351065923534 59568.396 620.133 15715.668334143375 3292
380 20.5 15504.488151219517 10423.083649072907 59568.396 620.133 15795.98733161364 3489
390 19.9 16254.01617085427 10970.495089048683 59568.396 620.133 15779.810468597723 3694
400 21.8 17469.389435779827 11299.280766374904 59568.396 620.133 15804.050626509117 3893
410 19.4 16973.715123711347 10940.38841688005 59568.396 620.133 15892.360979323765 4111
420 21.7 16925.710562211967 10863.235826893082 59568.396 620.133 15941.090991869918 4305
430 20.2 16122.758950495052 10820.689004440508 59568.396 620.133 15988.340537815126 4522
440 19.7 15654.732532994934 11580.260304043135 60464.702 620.133 15994.088319220999 4724
450 16.8 18439.01285119047 12231.526117946112 60464.702 620.133 15980.503054054054 4921
460 18.2 15753.590879120871 10858.35152404881 68208.532 620.133 16061.664312831595 5089
470 19.9 16852.925467336692 11322.191119668816 68208.532 620.133 16051.026983115156 5271
480 17.4 16475.225816091955 10608.083555051184 68208.532 620.133 16080.200255210235 5470
490 13.6 22267.360352941178 9185.757555830689 68208.532 620.133 16092.378576895815 5644
500 6.6 26771.247742424235 6760.185898878024 68208.532 620.133 16237.67226574394 5780
510 4.4 36050.40297727271 8354.035693162868 68208.532 620.133 16356.593918405744 5846
520 0.8 44016.630000000005 4339.963162937792 68208.532 620.133 16503.712356196942 5890
530 0.2 52843.6415 2674.3935 68208.532 620.133 16541.03065751102 5898
540 0 0 0 68208.532 620.133 16553.336627288136 5900
550 0 0 0 68208.532 620.133 16553.336627288136 5900
560 0 0 0 68208.532 620.133 16553.336627288136 5900
570 0 0 0 68208.532 620.133 16553.336627288136 5900
580 5.3 3183.5716603773585 1490.7660212236458 68208.532 620.133 16553.336627288136 5900
590 16.6 6548.272331325302 3820.5977994220466 68208.532 620.133 16434.304619351584 5953
600 25.7 11942.885186770429 6897.838901150841 68208.532 620.133 16166.110247752897 6119
610 26.6 16904.97137969924 8295.744182252869 68208.532 620.133 15995.883014272267 6376
620 24.8 21810.91891129032 9258.93642341895 68208.532 620.133 16032.290347184578 6642
630 25.7 23661.042377431888 9312.990920062412 68208.532 620.133 16240.287427576193 6890
640 28.6 27388.232311188804 10972.05262996877 68208.532 620.133 16507.131421155726 7147
650 26.9 30054.524219330866 11298.292655497487 68208.532 620.133 16925.80421202744 7433
660 24.1 34648.987203319484 12199.343397924238 68208.532 620.133 17384.337798364057 7702
670 24.4 37206.19672950819 12366.929577460778 68208.532 620.133 17908.167649376806 7943
680 25 41066.438980000035 13795.011156212338 71574.817 620.133 18483.313502015386 8187
690 25.1 44409.39376494023 14634.201856288068 78235.217 620.133 19152.48280028446 8437
700 25.8 48354.39773255817 15105.604360746827 82578.555 620.133 19882.165656192446 8688
710 28.2 51312.31021985816 15954.436475042752 89092.184 620.133 20703.296427006484 8946
720 27.3 56036.159296703314 17188.117385305097 95915.949 620.133 21638.68241417425 9228
730 27.8 58396.73343884885 18215.65925613768 102479.017 620.133 22627.053237132932 9501
740 27.8 60603.26066546765 18283.81530769582 102479.017 620.133 23643.923172308005 9779
750 22.9 64767.822331877716 20115.784189118378 110299.903 620.133 24665.569371283684 10057
760 26.7 68505.35958426965 21098.05824920556 110299.903 620.133 25558.37667518958 10286
770 31.6 71356.69760759501 21779.887042558228 116453.595 620.133 26644.97237657538 10553
780 31.9 74917.5947398119 22742.929120656565 118549.152 620.133 27944.899248688933 10869
790 28.3 77054.66871024737 23497.07646124014 119337.692 620.133 29284.217255631036 11188
800 30.8 79650.67270454546 23853.342014997677 122740.116 620.133 30462.757728271295 11471
810 39.6 76627.60910858591 24120.553476646543 129603.056 620.133 31748.934637405557 11779
820 40.4 80756.54748514859 26296.940962614844 134480.291 620.133 33208.64347441479 12175
830 37.2 87574.15821505371 23677.257592687245 134480.291 620.133 34735.740478972904 12579
840 26.4 99860.21787500005 13910.594097146468 134480.291 620.133 36253.45273268475 12951
850 27 100065.00982962953 11266.396973422825 134480.291 620.133 37524.14406810445 13215
860 22.9 99002.61720524014 9400.893221199882 138132.222 620.133 38776.35272628849 13485
870 12.7 103803.73081102363 8092.710714534226 138132.222 620.133 39782.02682324634 13714
880 3.8 109643.94231578946 6518.514887061184 138132.222 620.133 40369.46677747275 13841
890 0 0 0 138132.222 620.133 40559.13678759278 13879
900 0 0 0 138132.222 620.133 40559.13678759278 13879
910 0 0 0 138132.222 620.133 40559.13678759278 13879
920 0 0 0 138132.222 620.133 40559.13678759278 13879
930 0 0 0 138132.222 620.133 40559.13678759278 13879
940 0 0 0 138132.222 620.133 40559.13678759278 13879
950 0 0 0 138132.222 620.133 40559.13678759278 13879
960 2.8 5232.067142857143 1857.1994212792881 138132.222 620.133 40559.13678759278 13879
970 10.5 11184.351914285711 2925.2326956987995 138132.222 620.133 40488.010164305764 13907
980 12.6 19153.762777777774 3466.363172813597 138132.222 620.133 40268.420946759936 14012
990 15 26104.232953333314 3987.826218451293 138132.222 620.133 40080.24391116143 14138
1000 15.4 33048.152792207795 5004.001246941475 138132.222 620.133 39933.519272046484 14288
1010 18.2 39762.79815934068 5482.197698196768 138132.222 620.133 39860.09824740342 14442
1020 18.2 48283.68751648356 7391.802672962397 138132.222 620.133 39858.88731906456 14624
1030 21.4 55209.64417289721 10260.342589827047 138132.222 620.133 39962.44760786169 14806
1040 42.8 58543.58453971962 14126.282321618057 138132.222 620.133 40179.684629494026 15020
1050 73.6 57551.11278940222 19018.818668038668 138132.222 620.133 40688.47212053341 15448
1060 102.8 55655.44746984432 24124.923842785676 138132.222 620.133 41455.33467195997 16184
1070 125.7 54730.306369132835 26774.486117770008 138132.222 212.338 42303.44738147805 17212
1080 116.8 55696.056112157516 28420.62234333626 138132.222 212.338 43149.21930997889 18469
1090 108.9 55746.9167355372 28567.46185887336 138132.222 212.338 43895.49956587056 19637
1100 104.3 54062.565342281865 28279.58977893174 138132.222 212.338 44518.20502267684 20726
1110 94.5 48737.45531640202 25825.278696559984 138132.222 212.338 44975.49602425468 21769
1120 90.9 47945.473426842684 25068.851765459418 138132.222 212.338 45132.00969560624 22714
1130 80.2 45860.314466334115 23445.017161620468 138132.222 212.338 45240.27022693986 23623
1140 80.3 42804.071302615186 21468.023413323754 138132.222 212.338 45260.62950964177 24425
1150 76 42858.15807763159 21740.078860340152 138132.222 101.242 45182.43796690187 25228
1160 65.5 44639.61046564878 21420.73261524159 138132.222 101.242 45114.46610620287 25988
1170 56.6 47265.279810954096 19252.74665701687 138132.222 101.242 45102.79210385468 26643
1180 40 54579.90084000002 18557.163600116106 138132.222 101.242 45147.77604454409 27209
1190 35.7 60672.14192156866 17122.139267752904 138132.222 101.242 45284.42894461951 27609
1200 29.7 66509.43747138052 16390.97833328199 138132.222 101.242 45480.860809482954 27966
1210 27.2 75983.37086397059 14659.516135268905 138132.222 101.242 45701.83831606695 28263
1220 24.7 84564.86745344136 11053.492325566584 138132.222 101.242 45990.48653239881 28535
1230 22.4 89196.31760267858 9328.637527584511 138132.222 101.242 46321.522321694116 28782
1240 20.8 94685.96462019229 8382.140340590195 138132.222 101.242 46652.62465027925 29006
1250 13.7 100721.0968759124 6406.043989725007 138132.222 101.242 46994.6159802492 29214
1260 5.2 107646.6109423077 5444.712947017478 138132.222 101.242 47245.39203158325 29351
1270 0.5 115216.07820000002 4349.685594237606 138132.222 101.242 47352.21321933137 29403
1280 0.2 124202.9265 301.411500000002 138132.222 101.242 47363.75155328483 29408
1290 0 0 0 138132.222 101.242 47368.976930703844 29410
1300 0 0 0 138132.222 101.242 47368.976930703844 29410
1310 0 0 0 138132.222 101.242 47368.976930703844 29410
1320 0 0 0 138132.222 101.242 47368.976930703844 29410
1330 0 0 0 138132.222 101.242 47368.976930703844 29410
1340 0.1 7654.529 0.0 138132.222 101.242 47368.976930703844 29410
1350 3.1 13953.159483870968 2818.9508851577975 138132.222 101.242 47367.626604365716 29411
1360 5.8 22888.173017241388 2745.12623186281 138132.222 101.242 47332.44392381632 29442
1370 9.8 31529.990102040803 3471.0926878021464 138132.222 101.242 47284.38400135594 29500
1380 55.1 32832.51724682398 9553.970215780757 138132.222 101.242 47232.22065916617 29598
1390 128.9 31616.987385570235 12790.892594952531 138132.222 101.242 46969.05317168066 30149
1400 200.3 33205.70023265087 16825.969992272087 138132.222 101.242 46339.59796466061 31438
1410 220.1 37317.07511176748 20096.421902839873 138132.222 101.242 45552.92301004755 33441
1420 219.4 39389.847475843315 21961.699425266976 138132.222 101.242 45044.33479322149 35642
1430 211.4 38133.565266319834 22286.192338329623 138132.222 101.242 44716.4474590866 37836
1440 175.3 35089.44105818596 21028.78200253153 138132.222 101.242 44368.1067092616 39950
1450 168.7 31982.053508595112 19970.082142703282 138132.222 101.242 43978.074795818065 41703
1460 157.7 29785.178588459083 17397.215088203357 138132.222 101.242 43511.67037287395 43390
1470 153.1 29650.058713912476 17124.831890553654 138132.222 36.45 43030.28007456581 44967
1480 143.8 30031.770483310163 16910.279727073652 138132.222 36.45 42589.720934319776 46498
1490 141.6 28869.53872528246 16524.003866082712 138132.222 36.45 42213.00337865072 47936
1500 145.6 28864.03090865385 16829.292619911754 138132.222 36.45 41830.15474132762 49352
1510 146.6 28482.805784447486 15983.256757922538 138132.222 36.45 41458.585769898455 50808
1520 149.5 29954.61226086958 16495.269197089332 138132.222 36.45 41094.686059551605 52274
1530 141 30503.2084347518 16521.993702713207 138132.222 36.45 40784.94605454817 53769
1540 133.2 31577.82610360358 16918.321456537724 138132.222 36.45 40522.21476105041 55179
1550 110.5 36499.48689140283 15436.421447447172 138132.222 36.45 40311.389865159006 56511
1560 73.7 43166.403533242876 13367.886280076063 138132.222 36.45 40238.28252022009 57616
1570 55.6 51393.5219334532 12090.070067700397 138132.222 36.45 40275.26476940347 58353
1580 37.1 58677.91131266851 10274.540583568069 138132.222 36.45 40380.20206223159 58909
1590 28.3 66987.11989045932 8950.011719402784 138132.222 36.45 40494.71707795211 59280
1600 21.5 75236.49315813949 8342.82017655582 138132.222 36.45 40620.58968336049 59563
1610 21.1 82133.17954028444 7462.748307438044 138132.222 36.45 40745.090657750356 59778
1620 15.5 91729.46727741935 7828.98580432359 138132.222 36.45 40890.665459034164 59989
1630 10.8 98592.7423796296 5089.360213931535 138132.222 36.45 41021.68458449722 60144
1640 3.4 107589.83367647059 5376.3366389840385 138132.222 36.45 41124.87907168228 60252
1650 0.7 119268.10928571431 8689.83082788723 139322.378 36.45 41162.36386842717 60286
1660 0.1 129542.048 0.0 139322.378 36.45 41171.43192305906 60293
1670 0 0 0 139322.378 36.45 41172.89758491724 60294
1680 0 0 0 139322.378 36.45 41172.89758491724 60294
1690 0 0 0 139322.378 36.45 41172.89758491724 60294
1700 0 0 0 139322.378 36.45 41172.89758491724 60294
1710 0 0 0 139322.378 36.45 41172.89758491724 60294
1712 0 0 0 139322.378 36.45 41172.89758491724 60294
