0 36.4 364
10 60.9 973
20 71.6 1689
30 66.4 2353
40 67.7 3030
50 72.9 3759
60 71.6 4475
70 68.8 5163
80 58.7 5750
90 76.4 6514
100 63.7 7151
110 74.7 7898
120 72.3 8621
130 71.6 9337
140 68.9 10026
150 64.7 10673
160 60.4 11277
170 63.6 11913
180 68.7 12600
190 71.3 13313
200 30.8 13621
210 3.6 13657
220 0.6 13663
230 20.3 13866
240 102.3 14889
250 127.1 16160
260 131.1 17471
270 133.6 18807
280 145.8 20265
290 142.4 21689
300 133.9 23028
310 127.4 24302
320 144.3 25745
330 128.6 27031
340 127.6 28307
350 134.8 29655
360 138.6 31041
370 144 32481
380 140.2 33883
390 142.2 35305
400 138.3 36688
410 123.5 37923
420 130.8 39231
430 121.3 40444
440 29.3 40737
450 2.7 40764
460 42.4 41188
470 228.4 43472
480 289.5 46367
490 284.2 49209
500 287.3 52082
510 272.5 54807
520 260.7 57414
530 273.4 60148
540 276.4 62912
550 283.1 65743
560 262.8 68371
570 266.6 71037
580 271.4 73751
590 271.1 76462
600 275.2 79214
610 252.9 81743
620 279 84533
630 289.6 87429
640 300.3 90432
650 277.2 93204
660 234.8 95552
670 50 96052
680 5.8 96110
690 1.4 96124
700 285 98974
710 533.5 104309
720 537.8 109687
730 544 115127
740 517.6 120303
750 538.1 125684
760 548.3 131167
770 568.5 136852
780 575.5 142607
790 563.2 148239
800 557.9 153818
810 525.2 159070
820 550.2 164572
830 529.3 169865
840 565.2 175517
850 572.9 181246
860 546.5 186711
870 541.9 192130
880 561.9 197749
890 555.5 203304
900 275.3 206057
910 33.1 206388
920 3.8 206426
930 155.5 207981
940 870.3 216684
950 1038.5 227069
960 1086.5 237934
970 1144.5 249379
980 1127 260649
990 1069.8 271347
1000 1116.2 282509
1010 1144.5 293954
1020 1155 305504
1030 1163.6 317140
1040 1157.2 328712
