0 8.6 86
10 21.5 301
20 30 601
30 29.4 895
40 28.6 1181
50 30 1481
60 32.3 1804
70 31.2 2116
80 24.4 2360
90 30.6 2666
100 27.1 2937
110 32 3257
120 32.2 3579
130 29 3869
140 31.4 4183
150 28.1 4464
160 25.8 4722
170 27.5 4997
180 28.5 5282
190 30.5 5587
200 19.8 5785
210 5.7 5842
220 1.2 5854
230 4.2 5896
240 30 6196
250 51.5 6711
260 57.6 7287
270 54 7827
280 60 8427
290 62.8 9055
300 58.7 9642
310 53.9 10181
320 60.9 10790
330 56.6 11356
340 53.8 11894
350 58.5 12479
360 59.7 13076
370 59.4 13670
380 58.4 14254
390 63.2 14886
400 61.1 15497
410 53.7 16034
420 54.3 16577
430 54 17117
440 30 17417
450 4.7 17464
460 7.5 17539
470 68.5 18224
480 112.3 19347
490 121.3 20560
500 123.3 21793
510 123.2 23025
520 110.1 24126
530 117.2 25298
540 117.7 26475
550 122.3 27698
560 115.3 28851
570 111.8 29969
580 117.3 31142
590 113.9 32281
600 118.4 33465
610 110.5 34570
620 117.7 35747
630 119.9 36946
640 130.4 38250
650 119.1 39441
660 110.7 40548
670 52.2 41070
680 9.8 41168
690 2.8 41196
700 66.4 41860
710 189.4 43754
720 232.7 46081
730 231.1 48392
740 222.5 50617
750 229.2 52909
760 235.9 55268
770 239.8 57666
780 246.6 60132
790 242.6 62558
800 239.1 64949
810 226.3 67212
820 235.5 69567
830 228.7 71854
840 238.1 74235
850 248.2 76717
860 235.2 79069
870 229.9 81368
880 241.4 83782
890 236.2 86144
900 173.8 87882
910 50.7 88389
920 7.3 88462
930 27 88732
940 263.4 91366
950 415.6 95522
960 451.5 100037
970 493.5 104972
980 474.5 109717
990 463 114347
1000 475.9 119106
1010 489.9 124005
1020 490.6 128911
1030 502.5 133936
1040 492.4 138860
