0 0.1 0.08383275835678375 0 0.08383275835678375 0.08383275835678375 0 0
10 0.1 0.03957261574990107 0.0 0.08383275835678375 0.03957261574990107 0.08383275835678375 1
20 0.1 0.04999531293941192 0.0 0.08383275835678375 0.03957261574990107 0.061702687053342406 2
30 0.1 0.05519051139736127 0.0 0.08383275835678375 0.03957261574990107 0.05780022901536558 3
40 0.1 0.05832422017393116 0.0 0.08383275835678375 0.03957261574990107 0.0571477996108645 4
50 0.1 0.06768365700005206 0.0 0.08383275835678375 0.03957261574990107 0.05738308372347782 5
60 0.1 0.06975896715081473 0.0 0.08383275835678375 0.03957261574990107 0.0590998459362402 6
70 0.1 0.0749789121809491 0.0 0.08383275835678375 0.03957261574990107 0.06062257753832228 7
80 0.1 0.057270190345287186 0.0 0.08383275835678375 0.03957261574990107 0.06241711936865063 8
90 0.1 0.04685498901510814 0.0 0.08383275835678375 0.03957261574990107 0.0618452383660547 9
100 0.1 0.06769282039532606 0.0 0.08383275835678375 0.03957261574990107 0.06034621343096004 10
110 0.1 0.059355214928357214 0.0 0.08383275835678375 0.03957261574990107 0.061014086791356954 11
120 0.1 0.14265335235378032 0.0 0.14265335235378032 0.03957261574990107 0.0608758474694403 12
130 0.1 0.12184834567438373 0.0 0.14265335235378032 0.03957261574990107 0.06716642476823569 13
140 0.1 0.11351092412471622 0.0 0.14265335235378032 0.03957261574990107 0.07107227626153198 14
150 0.1 0.09163135041702677 0.0 0.14265335235378032 0.03957261574990107 0.07390151945241093 15
160 0.1 0.06769352537465763 0.0 0.14265335235378032 0.03957261574990107 0.07500963388769942 16
170 0.1 0.05518476484001624 0.0 0.14265335235378032 0.03957261574990107 0.07457927456340284 17
180 0.1 0.08122969257685578 0.0 0.14265335235378032 0.03957261574990107 0.07350180180099247 18
190 0.1 0.0999791710060404 0.0 0.14265335235378032 0.03957261574990107 0.07390853289445898 19
200 0.1 0.11248476768770896 0.0 0.14265335235378032 0.03957261574990107 0.07521206480003804 20
210 0.1 0.04685401330653978 0.0 0.14265335235378032 0.03957261574990107 0.07698695541373667 21
220 0.1 0.01457392100934813 0.0 0.14265335235378032 0.01457392100934813 0.0756172762270459 22
230 0.1 0.010410810585712204 0.0 0.14265335235378032 0.010410810585712204 0.07296321730453728 23
240 0.1 0.034362829831101484 0.0 0.14265335235378032 0.010410810585712204 0.07035686702458623 24
250 0.1 0.08436357576578171 0.0 0.14265335235378032 0.010410810585712204 0.06891710553684684 25
260 0.1 0.12186738328854446 0.0 0.14265335235378032 0.010410810585712204 0.06951120054565202 26
270 0.1 0.12186738328854446 0.0 0.14265335235378032 0.010410810585712204 0.0714503184250184 27
280 0.1 0.14896764381107153 0.0 0.14896764381107153 0.010410810585712204 0.07325092788443004 28
290 0.1 0.18539156155937217 0.0 0.18539156155937217 0.010410810585712204 0.07586184912327974 29
300 0.1 0.2666250065093996 0.0 0.2666250065093996 0.010410810585712204 0.07951283953781615 30
310 0.1 0.22708333333333336 0.0 0.2666250065093996 0.010410810585712204 0.0855487158917382 31
320 0.1 0.20833984395345687 0.0 0.2666250065093996 0.010410810585712204 0.08997167268678805 32
330 0.1 0.22812737632683672 0.0 0.2666250065093996 0.010410810585712204 0.0935585869675962 33
340 0.1 0.18546303242477286 0.0 0.2666250065093996 0.010410810585712204 0.09751649253698562 34
350 0.1 0.2187431642761164 0.0 0.2666250065093996 0.010410810585712204 0.10002925081949383 35
360 0.1 0.21041666666666664 0.0 0.2666250065093996 0.010410810585712204 0.10332685952662223 36
370 0.1 0.24477891776469976 0.0 0.2666250065093996 0.010410810585712204 0.10622117863851532 37
380 0.1 0.23544119179081152 0.0 0.2666250065093996 0.010410810585712204 0.10986743493130964 38
390 0.1 0.22919054068132097 0.0 0.2666250065093996 0.010410810585712204 0.11308727485078404 39
400 0.1 0.23021552756856983 0.0 0.2666250065093996 0.010410810585712204 0.11598985649654747 40
410 0.1 0.22501406337896118 0.0 0.2666250065093996 0.010410810585712204 0.11877584847391387 41
420 0.1 0.2176969949481798 0.0 0.2666250065093996 0.010410810585712204 0.1213053297811769 42
430 0.1 0.2228957701882115 0.0 0.2666250065093996 0.010410810585712204 0.12354699641296767 43
440 0.1 0.2020454498114937 0.0 0.2666250065093996 0.010410810585712204 0.12580492308967775 44
450 0.1 0.07599654371883362 0.0 0.2666250065093996 0.010410810585712204 0.12749915701682923 45
460 0.1 0.011450699533644236 0.0 0.2666250065093996 0.010410810585712204 0.12637953498861193 46
470 0.1 0.07081710441357189 0.0 0.2666250065093996 0.010410810585712204 0.12393424061722963 47
480 0.1 0.33754570931480304 0.0 0.33754570931480304 0.010410810585712204 0.12282763361298676 48
490 0.1 0.5282405526208858 0.0 0.5282405526208858 0.010410810585712204 0.12720963515792177 49
500 0.1 0.587389864400425 0.0 0.587389864400425 0.010410810585712204 0.13523025350718104 50
510 0.1 0.5271107870201572 0.0 0.587389864400425 0.010410810585712204 0.144096128230578 51
520 0.1 0.47603174933855547 0.0 0.587389864400425 0.010410810585712204 0.1514617947457622 52
530 0.1 0.41971734172073694 0.0 0.587389864400425 0.010410810585712204 0.15758575615317338 53
540 0.1 0.44897236371969956 0.0 0.587389864400425 0.010410810585712204 0.16244004477479493 54
550 0.1 0.4573297774814568 0.0 0.587389864400425 0.010410810585712204 0.16764972330106592 55
560 0.1 0.4689502808491126 0.0 0.587389864400425 0.010410810585712204 0.17282258141143006 56
570 0.1 0.35633165933859845 0.0 0.587389864400425 0.010410810585712204 0.17801780420858238 57
580 0.1 0.38970511618214027 0.0 0.587389864400425 0.010410810585712204 0.18109218102116886 58
590 0.1 0.36260953829802756 0.0 0.587389864400425 0.010410810585712204 0.1846279934815243 59
600 0.1 0.40642357673589763 0.0 0.587389864400425 0.010410810585712204 0.18759435256179938 60
610 0.1 0.4149204562039991 0.0 0.587389864400425 0.010410810585712204 0.1911817168925223 61
620 0.1 0.3784048619291351 0.0 0.587389864400425 0.010410810585712204 0.1947904062362558 62
630 0.1 0.3658803539970605 0.0 0.587389864400425 0.010410810585712204 0.19770492140598406 63
640 0.1 0.3451152121780836 0.0 0.587389864400425 0.010410810585712204 0.2003326625402196 64
650 0.1 0.3273697818924893 0.0 0.587389864400425 0.010410810585712204 0.20256008638080214 65
660 0.1 0.2961603437128496 0.0 0.587389864400425 0.010410810585712204 0.20445114237340348 66
670 0.1 0.2584679520583637 0.0 0.587389864400425 0.010410810585712204 0.20581993642324595 67
680 0.1 0.08123476848090982 0.0 0.587389864400425 0.010410810585712204 0.2065941719472918 68
690 0.1 0.022901160672461354 0.0 0.587389864400425 0.010410810585712204 0.20477736899850366 69
700 0.1 0.012492192379762648 0.0 0.587389864400425 0.010410810585712204 0.20217913745098876 70
710 0.1 0.37428973570348745 0.0 0.587389864400425 0.010410810585712204 0.1995074903373095 71
720 0.1 0.5404277516953574 0.0 0.587389864400425 0.010410810585712204 0.20193502152295084 72
730 0.1 0.5857111535690794 0.0 0.587389864400425 0.010410810585712204 0.20657190823764132 73
740 0.1 0.6806200741166032 0.0 0.6806200741166032 0.010410810585712204 0.211695411552931 74
750 0.1 0.6712320187068083 0.0 0.6806200741166032 0.010410810585712204 0.2179477403871133 75
760 0.1 0.6075156576200417 0.0 0.6806200741166032 0.010410810585712204 0.22391200720710924 76
770 0.1 0.6575788572740747 0.0 0.6806200741166032 0.010410810585712204 0.22889387279688758 77
780 0.1 0.7054673721340388 0.0 0.7054673721340388 0.010410810585712204 0.2343898341363387 78
790 0.1 0.6691092808901972 0.0 0.7054673721340388 0.010410810585712204 0.24035284094643616 79
800 0.1 0.7268442238304795 0.0 0.7268442238304795 0.010410810585712204 0.24571229644573317 80
810 0.1 0.701366202916097 0.0 0.7268442238304795 0.010410810585712204 0.25165219678381645 81
820 0.1 0.7134289439374185 0.0 0.7268442238304795 0.010410810585712204 0.2571365139317711 82
830 0.1 0.7376262415491194 0.0 0.7376262415491194 0.010410810585712204 0.2626340130884657 83
840 0.1 0.7510796770357389 0.0 0.7510796770357389 0.010410810585712204 0.268288682474902 84
850 0.1 0.8010430247718383 0.0 0.8010430247718383 0.010410810585712204 0.2739685765285589 85
860 0.1 0.8176717214909994 0.0 0.8176717214909994 0.010410810585712204 0.2800973491825505 86
870 0.1 0.8081418992898779 0.0 0.8176717214909994 0.010410810585712204 0.2862763649562109 87
880 0.1 0.8237232289950577 0.0 0.8237232289950577 0.010410810585712204 0.2922066551190935 88
890 0.1 0.8848635184007837 0.0 0.8848635184007837 0.010410810585712204 0.2981787514547785 89
900 0.1 0.8289625976246834 0.0 0.8848635184007837 0.010410810585712204 0.30469747108751194 90
910 0.1 0.5208333333333333 0.0 0.8848635184007837 0.010410810585712204 0.31045862632418414 91
920 0.1 0.0926591081821116 0.0 0.8848635184007837 0.010410810585712204 0.3127453079221097 92
930 0.1 0.01873711823121604 0.0 0.8848635184007837 0.010410810585712204 0.3103787896453355 93
940 0.1 0.33445164516868453 0.0 0.8848635184007837 0.010410810585712204 0.3072762186728449 94
950 0.1 1.2914609064238958 0.0 1.2914609064238958 0.010410810585712204 0.30756227579385376 95
960 0.1 1.2922299061905858 0.0 1.2922299061905858 0.010410810585712204 0.3178112198629167 96
970 0.1 1.5981282053960328 0.0 1.5981282053960328 0.010410810585712204 0.32785677333021224 97
980 0.1 1.6495857753262084 0.0 1.6495857753262084 0.010410810585712204 0.34081872671863894 98
990 0.1 1.5898400752587016 0.0 1.6495857753262084 0.010410810585712204 0.35403859589649317 99
1000 0.1 1.5609654163619266 0.0 1.6495857753262084 0.010410810585712204 0.36639661069011525 100
1010 0.1 1.6012952420744766 0.0 1.6495857753262084 0.010410810585712204 0.3782240246076579 101
1020 0.1 1.6531343720283813 0.0 1.6531343720283813 0.010410810585712204 0.3902149188965483 102
1030 0.1 1.6662487986293928 0.0 1.6662487986293928 0.010410810585712204 0.4024762728104496 103
1040 0.1 1.6356457980823462 0.0 1.6662487986293928 0.010410810585712204 0.4146279317125548 104
