0 1.9 19
10 5.8 77
20 9.8 175
30 9.9 274
40 9.8 372
50 9.3 465
60 10.8 573
70 11 683
80 8 763
90 9.9 862
100 8.7 949
110 11.2 1061
120 10.9 1170
130 8.7 1257
140 11.2 1369
150 9.4 1463
160 8.4 1547
170 9.2 1639
180 9.7 1736
190 9.8 1834
200 8.4 1918
210 2.7 1945
220 0.6 1951
230 0.3 1954
240 7.2 2026
250 16.6 2192
260 19 2382
270 18.1 2563
280 19 2753
290 21 2963
300 19.8 3161
310 18 3341
320 20.2 3543
330 19.5 3738
340 17.7 3915
350 19.2 4107
360 19.6 4303
370 19.4 4497
380 19.4 4691
390 21.4 4905
400 20.2 5107
410 18.5 5292
420 18 5472
430 18 5652
440 14.5 5797
450 2.3 5820
460 0.6 5826
470 14.6 5972
480 35.2 6324
490 41.8 6742
500 41.5 7157
510 42 7577
520 36 7937
530 38.8 8325
540 38.9 8714
550 42.4 9138
560 38.5 9523
570 36.9 9892
580 38.3 10275
590 38.1 10656
600 39.1 11047
610 37.4 11421
620 38.6 11807
630 38.8 12195
640 44.3 12638
650 39.9 13037
660 38.7 13424
670 24.6 13670
680 4.8 13718
690 1.4 13732
700 7.3 13805
710 55.7 14362
720 77 15132
730 76.1 15893
740 78.7 16680
750 75.1 17431
760 80.1 18232
770 78.6 19018
780 81.7 19835
790 80.1 20636
800 79.7 21433
810 76.8 22201
820 77.5 22976
830 76.4 23740
840 78 24520
850 83.4 25354
860 79.9 26153
870 74.8 26901
880 79.1 27692
890 79.6 28488
900 71.9 29207
910 24.4 29451
920 3.5 29486
930 0.8 29494
940 58.8 30082
950 132.5 31407
960 146 32867
970 165.6 34523
980 155.5 36078
990 161.7 37695
1000 158.4 39279
1010 165.2 40931
1020 160.9 42540
1030 166.3 44203
1040 164.4 45847
