0 0.1 380202.02734375 0 380202.02734375 380202.02734375 0 0
10 0.1 380169.5546875 0.0 380202.02734375 380169.5546875 380202.02734375 1
20 0.1 380148.75390625 0.0 380202.02734375 380148.75390625 380185.791015625 2
30 0.1 380152.30078125 0.0 380202.02734375 380148.75390625 380173.4453125 3
40 0.1 380149.921875 0.0 380202.02734375 380148.75390625 380168.1591796875 4
50 0.1 380152.125 0.0 380202.02734375 380148.75390625 380164.51171875 5
60 0.1 380147.48828125 0.0 380202.02734375 380147.48828125 380162.447265625 6
70 0.1 380147.74609375 0.0 380202.02734375 380147.48828125 380160.31026785716 7
80 0.1 380148.125 0.0 380202.02734375 380147.48828125 380158.73974609375 8
90 0.1 380144.91796875 0.0 380202.02734375 380144.91796875 380157.5603298611 9
100 0.1 380144.171875 0.0 380202.02734375 380144.171875 380156.29609375 10
110 0.1 380141.72265625 0.0 380202.02734375 380141.72265625 380155.19389204547 11
120 0.1 380124.18359375 0.0 380202.02734375 380124.18359375 380154.0712890625 12
130 0.1 380133.6015625 0.0 380202.02734375 380124.18359375 380151.77223557694 13
140 0.1 380131.953125 0.0 380202.02734375 380124.18359375 380150.47433035716 14
150 0.1 380129.890625 0.0 380202.02734375 380124.18359375 380149.2395833333 15
160 0.1 380127.5 0.0 380202.02734375 380124.18359375 380148.0302734375 16
170 0.1 380131.3984375 0.0 380202.02734375 380124.18359375 380146.8226102941 17
180 0.1 380130.5390625 0.0 380202.02734375 380124.18359375 380145.96571180556 18
190 0.1 380128.734375 0.0 380202.02734375 380124.18359375 380145.1537828947 19
200 0.1 380129.0 0.0 380202.02734375 380124.18359375 380144.3328125 20
210 0.1 380153.68359375 0.0 380202.02734375 380124.18359375 380143.6026785714 21
220 0.1 380174.26953125 0.0 380202.02734375 380124.18359375 380144.06090198865 22
230 0.1 380186.0703125 0.0 380202.02734375 380124.18359375 380145.37432065216 23
240 0.1 380157.703125 0.0 380202.02734375 380124.18359375 380147.0699869792 24
250 0.1 380102.7578125 0.0 380202.02734375 380102.7578125 380147.4953125 25
260 0.1 380087.4609375 0.0 380202.02734375 380087.4609375 380145.77463942306 26
270 0.1 380080.21875 0.0 380202.02734375 380080.21875 380143.61487268517 27
280 0.1 380072.5234375 0.0 380202.02734375 380072.5234375 380141.3507254464 28
290 0.1 380064.0 0.0 380202.02734375 380064.0 380138.9773706897 29
300 0.1 380070.9375 0.0 380202.02734375 380064.0 380136.478125 30
310 0.1 380060.24609375 0.0 380202.02734375 380060.24609375 380134.3639112903 31
320 0.1 380073.5 0.0 380202.02734375 380060.24609375 380132.0477294922 32
330 0.1 380057.015625 0.0 380202.02734375 380057.015625 380130.2735558712 33
340 0.1 380067.91796875 0.0 380202.02734375 380057.015625 380128.1189108456 34
350 0.1 380071.0078125 0.0 380202.02734375 380057.015625 380126.39888392854 35
360 0.1 380063.6171875 0.0 380202.02734375 380057.015625 380124.86024305556 36
370 0.1 380066.61328125 0.0 380202.02734375 380057.015625 380123.2050253378 37
380 0.1 380064.4453125 0.0 380202.02734375 380057.015625 380121.71576891444 38
390 0.1 380051.21484375 0.0 380202.02734375 380051.21484375 380120.247295673 39
400 0.1 380061.6953125 0.0 380202.02734375 380051.21484375 380118.5214843749 40
410 0.1 380060.1484375 0.0 380202.02734375 380051.21484375 380117.1354801828 41
420 0.1 380059.70703125 0.0 380202.02734375 380051.21484375 380115.77864583326 42
430 0.1 380056.109375 0.0 380202.02734375 380051.21484375 380114.4746547964 43
440 0.1 380055.26171875 0.0 380202.02734375 380051.21484375 380113.1481711647 44
450 0.1 380145.23828125 0.0 380202.02734375 380051.21484375 380111.86180555547 45
460 0.1 380164.55859375 0.0 380202.02734375 380051.21484375 380112.5873811141 46
470 0.1 380105.171875 0.0 380202.02734375 380051.21484375 380113.69315159565 47
480 0.1 379997.15625 0.0 380202.02734375 379997.15625 380113.51562499994 48
490 0.1 379926.0078125 0.0 380202.02734375 379926.0078125 380111.14094387746 49
500 0.1 379931.35546875 0.0 380202.02734375 379926.0078125 380107.43828124995 50
510 0.1 379934.22265625 0.0 380202.02734375 379926.0078125 380103.98567708326 51
520 0.1 379944.0078125 0.0 380202.02734375 379926.0078125 380100.7210036057 52
530 0.1 379947.53125 0.0 380202.02734375 379926.0078125 380097.7641509433 53
540 0.1 379938.56640625 0.0 380202.02734375 379926.0078125 380094.9820601851 54
550 0.1 379944.90234375 0.0 380202.02734375 379926.0078125 380092.1381392045 55
560 0.1 379948.29296875 0.0 380202.02734375 379926.0078125 380089.50892857136 56
570 0.1 379966.1953125 0.0 380202.02734375 379926.0078125 380087.031455592 57
580 0.1 379962.55078125 0.0 380202.02734375 379926.0078125 380084.94807381456 58
590 0.1 379962.1484375 0.0 380202.02734375 379926.0078125 380082.87354343216 59
600 0.1 379927.453125 0.0 380202.02734375 379926.0078125 380080.86145833327 60
610 0.1 379940.32421875 0.0 380202.02734375 379926.0078125 380078.3465676229 61
620 0.1 379953.34375 0.0 380202.02734375 379926.0078125 380076.1204007056 62
630 0.1 379946.58984375 0.0 380202.02734375 379926.0078125 380074.1715649801 63
640 0.1 379938.93359375 0.0 380202.02734375 379926.0078125 380072.1781005859 64
650 0.1 379938.46484375 0.0 380202.02734375 379926.0078125 380070.1281850961 65
660 0.1 379943.83203125 0.0 380202.02734375 379926.0078125 380068.1332859848 66
670 0.1 379955.5546875 0.0 380202.02734375 379926.0078125 380066.2780433768 67
680 0.1 380124.2265625 0.0 380202.02734375 379926.0078125 380064.64975873154 68
690 0.1 380133.48828125 0.0 380202.02734375 379926.0078125 380065.51319067023 69
700 0.1 380147.9765625 0.0 380202.02734375 379926.0078125 380066.4842633928 70
710 0.1 379893.48828125 0.0 380202.02734375 379893.48828125 380067.63204225345 71
720 0.1 379761.1328125 0.0 380202.02734375 379761.1328125 380065.2133789062 72
730 0.1 379734.546875 0.0 380202.02734375 379734.546875 380061.04789169517 73
740 0.1 379733.19921875 0.0 380202.02734375 379733.19921875 380056.6357157939 74
750 0.1 379734.6015625 0.0 380202.02734375 379733.19921875 380052.3232291666 75
760 0.1 379739.58203125 0.0 380202.02734375 379733.19921875 380048.142680921 76
770 0.1 379725.984375 0.0 380202.02734375 379725.984375 380044.13539975643 77
780 0.1 379746.671875 0.0 380202.02734375 379725.984375 380040.0565404647 78
790 0.1 379709.7734375 0.0 380202.02734375 379709.7734375 380036.3428105221 79
800 0.1 379719.97265625 0.0 380202.02734375 379709.7734375 380032.2606933593 80
810 0.1 379714.92578125 0.0 380202.02734375 379709.7734375 380028.40528549376 81
820 0.1 379719.7890625 0.0 380202.02734375 379709.7734375 380024.58236471034 82
830 0.1 379720.2890625 0.0 380202.02734375 379709.7734375 380020.91015624994 83
840 0.1 379713.62890625 0.0 380202.02734375 379709.7734375 380017.33133370534 84
850 0.1 379698.1953125 0.0 380202.02734375 379698.1953125 380013.7583639706 85
860 0.1 379714.94140625 0.0 380202.02734375 379698.1953125 380010.0890261628 86
870 0.1 379710.45703125 0.0 380202.02734375 379698.1953125 380006.6965247845 87
880 0.1 379715.90625 0.0 380202.02734375 379698.1953125 380003.3301669034 88
890 0.1 379709.41015625 0.0 380202.02734375 379698.1953125 380000.100684691 89
900 0.1 379721.94921875 0.0 380202.02734375 379698.1953125 379996.8707899306 90
910 0.1 379905.7421875 0.0 380202.02734375 379698.1953125 379993.84967376373 91
920 0.1 380125.9609375 0.0 380202.02734375 379698.1953125 379992.8919836957 92
930 0.1 380134.0546875 0.0 380202.02734375 379698.1953125 379994.3228326613 93
940 0.1 379891.6015625 0.0 380202.02734375 379698.1953125 379995.80934175535 94
950 0.1 379515.015625 0.0 380202.02734375 379515.015625 379994.71241776313 95
960 0.1 379406.37109375 0.0 380202.02734375 379406.37109375 379989.7155761719 96
970 0.1 379328.4765625 0.0 380202.02734375 379328.4765625 379983.7017155283 97
980 0.1 379345.984375 0.0 380202.02734375 379328.4765625 379977.0157445791 98
990 0.1 379360.99609375 0.0 380202.02734375 379328.4765625 379970.6416903409 99
1000 0.1 379386.21875 0.0 380202.02734375 379328.4765625 379964.545234375 100
1010 0.1 379299.4375 0.0 380202.02734375 379299.4375 379958.8192295792 101
1020 0.1 379304.9921875 0.0 380202.02734375 379299.4375 379952.3547028186 102
1030 0.1 379341.33203125 0.0 380202.02734375 379299.4375 379946.06962985435 103
1040 0.1 379320.625 0.0 380202.02734375 379299.4375 379940.2548452524 104
