0 0.1 0.0 0 0.0 0.0 0 0
10 0.1 0.0 0.0 0.0 0.0 0.0 1
20 0.1 0.0703125 0.0 0.0703125 0.0 0.0 2
30 0.1 0.05859375 0.0 0.0703125 0.0 0.0234375 3
40 0.1 0.05078125 0.0 0.0703125 0.0 0.0322265625 4
50 0.1 0.0390625 0.0 0.0703125 0.0 0.0359375 5
60 0.1 0.0390625 0.0 0.0703125 0.0 0.036458333333333336 6
70 0.1 0.03125 0.0 0.0703125 0.0 0.036830357142857144 7
80 0.1 0.1015625 0.0 0.1015625 0.0 0.0361328125 8
90 0.1 0.078125 0.0 0.1015625 0.0 0.043402777777777776 9
100 0.1 0.0703125 0.0 0.1015625 0.0 0.046875 10
110 0.1 0.05859375 0.0 0.1015625 0.0 0.049005681818181816 11
120 0.1 0.05078125 0.0 0.1015625 0.0 0.0498046875 12
130 0.1 0.0390625 0.0 0.1015625 0.0 0.049879807692307696 13
140 0.1 0.0390625 0.0 0.1015625 0.0 0.049107142857142856 14
150 0.1 0.109375 0.0 0.109375 0.0 0.0484375 15
160 0.1 0.08984375 0.0 0.109375 0.0 0.05224609375 16
170 0.1 0.078125 0.0 0.109375 0.0 0.054457720588235295 17
180 0.1 0.0703125 0.0 0.109375 0.0 0.05577256944444445 18
190 0.1 0.05859375 0.0 0.109375 0.0 0.05653782894736842 19
200 0.1 0.05078125 0.0 0.109375 0.0 0.056640625 20
210 0.1 0.0390625 0.0 0.109375 0.0 0.056361607142857144 21
220 0.1 0.03125 0.0 0.109375 0.0 0.05557528409090909 22
230 0.1 0.03125 0.0 0.109375 0.0 0.054517663043478264 23
240 0.1 0.01953125 0.0 0.109375 0.0 0.053548177083333336 24
250 0.1 0.01953125 0.0 0.109375 0.0 0.0521875 25
260 0.1 0.01953125 0.0 0.109375 0.0 0.050931490384615384 26
270 0.1 0.08984375 0.0 0.109375 0.0 0.04976851851851852 27
280 0.1 0.0703125 0.0 0.109375 0.0 0.05119977678571429 28
290 0.1 0.05859375 0.0 0.109375 0.0 0.051858836206896554 29
300 0.1 0.05078125 0.0 0.109375 0.0 0.052083333333333336 30
310 0.1 0.12109375 0.0 0.12109375 0.0 0.05204133064516129 31
320 0.1 0.171875 0.0 0.171875 0.0 0.05419921875 32
330 0.1 0.1484375 0.0 0.171875 0.0 0.05776515151515151 33
340 0.1 0.12109375 0.0 0.171875 0.0 0.06043198529411765 34
350 0.1 0.1015625 0.0 0.171875 0.0 0.06216517857142857 35
360 0.1 0.23828125 0.0 0.23828125 0.0 0.0632595486111111 36
370 0.1 0.19921875 0.0 0.23828125 0.0 0.06798986486486487 37
380 0.1 0.171875 0.0 0.23828125 0.0 0.07144325657894739 38
390 0.1 0.140625 0.0 0.23828125 0.0 0.07401842948717952 39
400 0.1 0.19921875 0.0 0.23828125 0.0 0.07568359375000003 40
410 0.1 0.171875 0.0 0.23828125 0.0 0.07869664634146344 41
420 0.1 0.21875 0.0 0.23828125 0.0 0.08091517857142859 42
430 0.1 0.26953125 0.0 0.26953125 0.0 0.08412063953488375 43
440 0.1 0.23046875 0.0 0.26953125 0.0 0.08833451704545457 44
450 0.1 0.19140625 0.0 0.26953125 0.0 0.09149305555555559 45
460 0.1 0.16015625 0.0 0.26953125 0.0 0.09366508152173916 46
470 0.1 0.140625 0.0 0.26953125 0.0 0.09507978723404259 47
480 0.1 0.19140625 0.0 0.26953125 0.0 0.09602864583333337 48
490 0.1 0.16015625 0.0 0.26953125 0.0 0.09797512755102045 49
500 0.1 0.2109375 0.0 0.26953125 0.0 0.09921875000000004 50
510 0.1 0.26171875 0.0 0.26953125 0.0 0.10140931372549022 51
520 0.1 0.30078125 0.0 0.30078125 0.0 0.10449218750000003 52
530 0.1 0.41015625 0.0 0.41015625 0.0 0.10819575471698116 53
540 0.1 0.5 0.0 0.5 0.0 0.11378761574074077 54
550 0.1 0.5 0.0 0.5 0.0 0.12080965909090913 55
560 0.1 0.4296875 0.0 0.5 0.0 0.12758091517857145 56
570 0.1 0.359375 0.0 0.5 0.0 0.13288103070175442 57
580 0.1 0.30078125 0.0 0.5 0.0 0.13678609913793108 58
590 0.1 0.33984375 0.0 0.5 0.0 0.13956567796610175 59
600 0.1 0.359375 0.0 0.5 0.0 0.1429036458333334 60
610 0.1 0.30078125 0.0 0.5 0.0 0.1464523565573771 61
620 0.1 0.26171875 0.0 0.5 0.0 0.14894153225806459 62
630 0.1 0.30078125 0.0 0.5 0.0 0.1507316468253969 63
640 0.1 0.328125 0.0 0.5 0.0 0.15307617187500006 64
650 0.1 0.359375 0.0 0.5 0.0 0.15576923076923083 65
660 0.1 0.5390625 0.0 0.5390625 0.0 0.1588541666666667 66
670 0.1 0.4609375 0.0 0.5390625 0.0 0.16452891791044782 67
680 0.1 0.390625 0.0 0.5390625 0.0 0.16888786764705888 68
690 0.1 0.328125 0.0 0.5390625 0.0 0.17210144927536236 69
700 0.1 0.26953125 0.0 0.5390625 0.0 0.1743303571428572 70
710 0.1 0.23046875 0.0 0.5390625 0.0 0.17567121478873243 71
720 0.1 0.4296875 0.0 0.5390625 0.0 0.1764322916666667 72
730 0.1 0.6015625 0.0 0.6015625 0.0 0.17990154109589046 73
740 0.1 0.578125 0.0 0.6015625 0.0 0.1855996621621622 74
750 0.1 0.48828125 0.0 0.6015625 0.0 0.19083333333333338 75
760 0.1 0.5 0.0 0.6015625 0.0 0.19474712171052636 76
770 0.1 0.578125 0.0 0.6015625 0.0 0.19871144480519484 77
780 0.1 0.6484375 0.0 0.6484375 0.0 0.2035757211538462 78
790 0.1 0.7109375 0.0 0.7109375 0.0 0.20920688291139244 79
800 0.1 0.6015625 0.0 0.7109375 0.0 0.21547851562500003 80
810 0.1 0.8984375 0.0 0.8984375 0.0 0.2202449845679013 81
820 0.1 1.0703125 0.0 1.0703125 0.0 0.22851562500000006 82
830 0.1 0.8984375 0.0 1.0703125 0.0 0.23865775602409642 83
840 0.1 0.83984375 0.0 1.0703125 0.0 0.24651227678571433 84
850 0.1 0.78125 0.0 1.0703125 0.0 0.2534926470588236 85
860 0.1 0.87890625 0.0 1.0703125 0.0 0.2596293604651163 86
870 0.1 0.96875 0.0 1.0703125 0.0 0.2667474856321839 87
880 0.1 0.8203125 0.0 1.0703125 0.0 0.2747247869318182 88
890 0.1 0.69921875 0.0 1.0703125 0.0 0.2808549859550562 89
900 0.1 0.73828125 0.0 1.0703125 0.0 0.2855034722222223 90
910 0.1 0.62890625 0.0 1.0703125 0.0 0.29047905219780223 91
920 0.1 0.53125 0.0 1.0703125 0.0 0.2941576086956522 92
930 0.1 0.44921875 0.0 1.0703125 0.0 0.29670698924731187 93
940 0.1 0.37890625 0.0 1.0703125 0.0 0.2983294547872341 94
950 0.1 0.859375 0.0 1.0703125 0.0 0.29917763157894744 95
960 0.1 0.94921875 0.0 1.0703125 0.0 0.3050130208333334 96
970 0.1 0.87890625 0.0 1.0703125 0.0 0.3116543170103094 97
980 0.1 0.8203125 0.0 1.0703125 0.0 0.3174426020408164 98
990 0.1 1.1484375 0.0 1.1484375 0.0 0.3225220959595961 99
1000 0.1 1.28125 0.0 1.28125 0.0 0.33078125000000014 100
1010 0.1 1.5390625 0.0 1.5390625 0.0 0.34019183168316847 101
1020 0.1 1.5390625 0.0 1.5390625 0.0 0.35194546568627466 102
1030 0.1 1.62109375 0.0 1.62109375 0.0 0.3634708737864079 103
1040 0.1 1.44921875 0.0 1.62109375 0.0 0.3755634014423078 104
