230 0.1 1
240 0 1
250 0 1
260 0 1
270 0 1
280 0 1
290 0 1
300 0 1
310 0 1
320 0 1
330 0 1
340 0 1
350 0 1
360 0 1
370 0 1
380 0 1
390 0 1
400 0 1
410 0 1
420 0 1
430 0 1
440 0 1
450 0 1
460 0.1 2
470 0 2
480 0 2
490 0 2
500 0 2
510 0 2
520 0 2
530 0 2
540 0 2
550 0 2
560 0 2
570 0 2
580 0 2
590 0 2
600 0 2
610 0 2
620 0 2
630 0 2
640 0 2
650 0 2
660 0 2
670 0 2
680 0 2
690 0 2
700 0.1 3
710 0 3
720 0 3
730 0 3
740 0 3
750 0 3
760 0 3
770 0 3
780 0 3
790 0 3
800 0 3
810 0 3
820 0 3
830 0 3
840 0 3
850 0 3
860 0 3
870 0 3
880 0 3
890 0 3
900 0 3
910 0 3
920 0 3
930 0.1 4
940 0 4
950 0 4
960 0 4
970 0 4
980 0 4
990 0 4
1000 0 4
1010 0 4
1020 0 4
1030 0 4
1040 0 4
