0 27.1 108.47964944649435 110.08020392375532 375.929 8.892 0 0
10 51.8 75.91073552123541 103.07201205466797 375.929 7.957 108.47964944649435 271
20 62.3 65.69480417335475 96.1858099408687 375.929 7.686 87.09726996197708 789
30 56.8 67.32249119718311 96.30383571264564 375.929 7.502 77.65411402266284 1412
40 57.4 62.59535888501743 93.61869602355046 375.929 7.502 74.69029494949491 1980
50 62.4 64.93822275641017 97.73969482936096 375.929 7.502 71.97201252936567 2554
60 61.9 64.65493376413566 97.80633716400112 375.929 6.853 70.59092857142853 3178
70 59.1 59.53654314720812 93.06446875078446 375.929 6.853 69.62322228074791 3797
80 49.9 61.39306212424852 94.773041905672 375.929 6.853 68.26469279854143 4388
90 65.3 61.61159571209804 95.45150507330116 375.929 6.853 67.56304685901367 4887
100 54.6 65.49421062271072 98.61283587198837 375.929 6.853 66.8615490974729 5540
110 63.6 59.52164622641513 92.74619651908603 375.929 6.853 66.73887955964507 6086
120 62.9 62.243372019077874 96.12616034179021 375.929 6.853 66.05602320737874 6722
130 60.8 66.60530592105258 99.3794151962163 375.929 6.853 65.72978764793905 7351
140 59.6 58.57439932885906 92.08714047054492 375.929 6.853 65.79666980776479 7959
150 55.3 64.0241754068715 96.8615435220021 375.929 6.853 65.29351689070718 8555
160 51.8 62.69874710424712 96.18846562370258 375.929 6.853 65.21644773825207 9108
170 55 62.073236363636376 95.99879313581613 375.929 6.853 65.08096374402658 9626
180 58.6 60.2065051194539 93.98293371911379 375.929 6.853 64.91839986242137 10176
190 60.6 65.92664191419136 98.56168743076675 375.929 6.853 64.66183320944062 10762
200 30.1 40.49632225913623 75.8404716762246 375.929 6.853 64.72925703729766 11368
210 3.6 33.23533333333333 41.91923735324603 375.929 6.853 64.10417233696117 11669
220 0.6 30.44366666666666 2.3250900818869122 375.929 6.853 64.00923186672361 11705
230 13.3 99.13951127819547 107.73713069832058 375.929 6.853 63.992034924430016 11711
240 85 70.778294117647 102.79221636707068 375.929 6.853 64.38671698750422 11844
250 107.4 63.52437150837997 96.63472802197737 375.929 6.853 64.81470190641247 12694
260 113.4 62.0317469135803 95.98128338905937 375.929 6.831 64.71404713829169 13768
270 112.9 62.99679450841445 96.08281315795095 375.929 6.831 64.50993168702188 14902
280 124.9 63.86094075260213 98.17953320316654 513.533 6.831 64.40336741313705 16031
290 122.6 62.22798939641108 95.65998869872837 513.533 6.831 64.36416076388889 17280
300 115.8 60.55624352331603 94.72064373216477 513.533 6.831 64.22264200799741 18506
310 108.6 62.882069981583726 96.21201764021096 513.533 6.766 64.00673021765662 19664
320 123.1 63.71451015434609 96.90518930476853 513.533 6.766 63.9478684819277 20750
330 110.9 59.3889900811543 93.48312379093062 513.533 6.766 63.93479973613574 21981
340 108.7 62.1839668813247 95.38604827273303 513.533 6.654 63.716466998700724 23090
350 116.2 63.50350946643707 97.11656884223618 513.533 6.654 63.64756566157918 24177
360 118.5 62.975081856540044 96.29810211592087 513.533 6.654 63.640959509057176 25339
370 123 63.722806504065026 97.05006175130269 513.533 6.654 63.611210413210664 26524
380 120 62.3143391666667 95.67673711485004 513.533 6.654 63.61615612164011 27754
390 122.8 61.73111319218252 95.43691929614458 513.533 6.654 63.562202251847744 28954
400 118.5 63.412693670886014 96.56515400952111 513.533 6.654 63.48770164336358 30182
410 106.5 59.68900751173712 93.78801081469032 513.533 6.654 63.484867950393706 31367
420 112 61.062090178571545 94.79892575707038 513.533 6.595 63.360219721262936 32432
430 106.8 64.58682022471929 99.90487423319287 513.533 6.595 63.283505811874086 33552
440 29.3 26.42595563139932 42.73075527441873 513.533 6.595 63.32371204506065 34620
450 2.7 36.5947777777778 47.45668274396905 513.533 6.595 63.0140553948386 34913
460 27.1 91.5363321033211 103.47266779738219 513.533 6.595 62.99363981110475 34940
470 188.7 72.80237943826191 104.51868019919705 517.832 6.595 63.213317457612675 35211
480 246.2 63.424583671811504 98.5168048352239 529.463 6.595 63.701067739500786 37098
490 244 63.1363663934425 97.87911578700164 529.463 6.443 63.683860869565216 39560
500 246.6 62.064062854825565 96.31719537813083 529.463 6.443 63.65205404761904 42000
510 235.1 61.61983836665251 96.56846421407262 529.463 6.443 63.56398706877163 44466
520 223.5 62.209042058165615 96.17224051086028 529.463 6.443 63.46635813913748 46817
530 234.8 63.594408432708825 97.62576058337612 529.463 6.443 63.409069925793034 49052
540 235.3 61.9204980875479 96.2934380765299 529.463 6.443 63.417536361867704 51400
550 243.5 62.35952854209451 97.61972227188389 529.463 6.208 63.35200455788514 53753
560 227.2 60.30487676056334 95.29884244653454 529.463 6.208 63.308993966683275 56188
570 225.8 64.2250101860055 98.24043782424494 529.463 6.208 63.192241412931914 58460
580 234.1 62.93074839812054 97.4332232542013 529.463 6.208 63.23064834151322 60718
590 229.5 62.07416862745096 95.73804608738801 529.463 6.208 63.2195148670293 63059
600 238.7 61.40605948889843 96.51248002719343 529.463 6.208 63.17929438136917 65354
610 217 62.09904608294928 96.2769100884306 529.463 6.208 63.11681063167064 67741
620 238.3 63.78845614771292 98.97449681246798 529.463 6.208 63.085219765129956 69911
630 247.2 62.9082560679611 97.02132947435035 529.463 6.208 63.1084002821811 72294
640 257.3 61.95327399922262 96.44412436961827 529.463 6.208 63.101782882593696 74766
650 237.3 61.63109650231772 95.78061906351861 529.463 6.208 63.06357300973636 77339
660 210.8 59.079135199240994 95.61493889739315 529.463 6.208 63.020928655660384 79712
670 50 27.717391999999993 46.0029362437914 529.463 6.208 62.91937279393792 81820
680 5.8 25.970862068965513 7.3821579417895675 529.463 6.208 62.70556095724005 82320
690 1.4 31.030357142857138 2.847591629207864 529.463 6.208 62.67969710359563 82378
700 215.9 85.28530106530813 110.42814838045865 529.463 6.208 62.674319266433635 82392
710 452.1 65.81991218756905 100.77850299469989 529.463 6.208 63.251688069922295 84551
720 463.2 64.52691709844551 100.96911472702708 529.463 6.201 63.38204262843542 89072
730 464.8 69.20299913941483 106.10067123866655 551.422 6.201 63.4386363549048 93704
740 445.8 63.0057086137283 98.44092966607417 551.422 6.201 63.71105336952985 98352
750 456.1 65.90301600526178 100.1529868188672 551.422 6.201 63.68046853418929 102810
760 474 62.17231350210988 98.26846020315794 551.422 6.125 63.774879865140484 107371
770 483.3 67.02826484585161 101.71788095430755 551.422 6.125 63.707124118061564 112111
780 494.3 63.488097107020025 99.80800177195499 551.422 6.118 63.84437847174717 116944
790 485.3 64.41156933855366 100.92919435365268 1073.417 6.118 63.829929853060634 121887
800 478.1 64.55840179878669 100.8881460780633 1073.417 6.118 63.85220140445007 126740
810 449.3 64.68522835521945 99.76502863699984 1073.417 6.104 63.87787292523628 131521
820 472.6 63.52343355903497 99.18025119720433 1073.417 6.104 63.904542591203864 136014
830 453.3 63.53377674829078 99.26975012709143 1073.417 6.104 63.89174508313203 140740
840 480.5 65.949151092612 101.41435008931208 1073.417 6.104 63.88057528239936 145273
850 494.1 63.237933211900334 98.68167942626927 1073.417 6.104 63.94680422180468 150078
860 469.9 64.37877484571193 99.85387241243158 1073.417 6.104 63.92421001296618 155019
870 460.8 63.57228059895826 98.42902447200223 1073.417 6.104 63.93758358481826 159718
880 484.8 65.11340305280505 101.53096245352006 1073.417 6.104 63.927339824495235 164326
890 475.6 64.05894449116914 100.5538608894835 1073.417 6.104 63.9613287029922 169174
900 263.6 45.78335091047042 83.62495550250566 1073.417 6.104 63.9639979417007 173930
910 33.2 24.438737951807266 8.617574589630001 1073.417 6.104 63.69257430649164 176566
920 3.8 30.14178947368421 5.220905709679393 1073.417 6.104 63.61890318714742 176898
930 100.2 98.08122854291435 110.7739789499405 1073.417 6.104 63.61171341049873 176936
940 718.6 81.23515377122153 116.16114104047962 1073.417 6.104 63.80581727905228 177938
950 887.1 70.70503415623924 108.15240613122111 1073.417 6.104 64.48237575895077 185124
960 925.4 72.88864199265223 111.4499013512806 1073.417 6.104 64.76692537436533 193995
970 985.1 71.22477961628267 109.52390877682801 1073.417 6.104 65.13671005023397 203249
980 963.7 71.99532063920317 109.44504206940627 1073.417 6.104 65.41814399343035 213100
990 917 71.78902159214876 110.00224797989091 1073.417 6.104 65.7027139182085 222737
1000 956 71.09831046025089 109.76498591549657 1073.417 6.104 65.9433769485182 231907
1010 978.8 71.32900715161428 109.63804078905757 1073.417 6.104 66.14746762911707 241467
1020 989.8 72.40945494039225 110.49145898141178 1073.417 6.104 66.34932195578203 251255
1030 996.6 75.4536205097335 114.24295460282868 1073.417 6.104 66.5790079876548 261153
1040 993.2 70.37699919452334 108.87374785076663 1073.417 6.104 66.90522779665025 271119
