0 45 65.29071777777787 76.6784675806587 291.293 3.219 0 0
10 82.4 47.685088592233015 75.63015118249187 296.483 2.959 65.29071777777787 450
20 101.6 40.243234251968474 69.44237932229275 296.483 2.957 53.90371742543174 1274
30 95.8 39.884479123173286 68.71818729038999 296.483 2.957 47.84299650655022 2290
40 96.3 37.5112492211837 67.24909664139965 296.483 2.599 45.49562592364532 3248
50 102.9 39.10325461613221 70.41306232611385 296.483 2.599 43.66970458323436 4211
60 103.9 38.4797526467757 70.4819163923365 296.483 2.599 42.772972328244265 5240
70 100 35.143343999999985 66.66335015687153 296.483 2.513 42.06256378404203 6279
80 83.1 37.119729241877224 68.75111179456854 296.483 2.513 41.111990932820426 7279
90 107 37.34747850467285 68.99645661390034 296.483 2.513 40.70291948212082 8110
100 90.8 39.32726321585906 71.409541091208 296.483 2.513 40.311816884531574 9180
110 106.7 35.43955670103097 66.56212822263885 296.483 2.513 40.22319924662964 10088
120 104.5 37.65790334928238 69.50139135879826 296.483 2.513 39.7656334379202 11155
130 100.6 40.00604771371771 71.73587264783522 296.483 2.513 39.58509426229507 12200
140 100.3 34.73339780658028 65.95162957854853 296.483 2.513 39.617161441768886 13206
150 92.8 38.11174030172408 69.74182575717681 296.483 2.513 39.27242114153001 14209
160 86.2 37.92205800464041 69.64384743222973 296.483 2.513 39.20126359252163 15137
170 91.1 37.16770252469812 69.05267649911089 296.483 2.513 39.13234208388024 15999
180 97.2 36.51907921810698 68.09243654292871 296.483 2.513 39.02650017740981 16910
190 101.8 38.95594891945004 70.79062246455254 296.483 2.513 38.89020596130187 17882
200 50.6 24.04354743083004 53.37149849046133 296.483 2.513 38.893747037037045 18900
210 9.3 12.796860215053767 24.531419946098882 296.483 2.513 38.506536844274976 19406
220 1.8 10.068999999999999 4.4743568377042875 296.483 2.513 38.3839151751372 19499
230 24.5 53.78110204081633 79.2206662546485 296.483 2.513 38.357801096479996 19517
240 132.3 45.439767951625115 76.3999554001156 296.483 2.513 38.54901194211112 19762
250 178.6 38.17760974244115 69.78405414086643 296.483 2.304 38.981379511501075 21085
260 188.7 37.23045574986746 69.16569681843349 296.483 2.304 38.918613003366715 22871
270 187.6 38.00094029850753 69.55941605898984 296.483 2.304 38.78994539138864 24758
280 205.8 38.60378328474244 70.75337224535019 296.483 2.304 38.73437080423519 26634
290 205.2 37.12219103313843 68.95054866267965 296.483 2.304 38.72500411264464 28692
300 192.6 36.36825181723779 68.2676282784432 296.483 2.304 38.61802478532397 30744
310 181.3 37.89312520683933 69.71973689762233 296.483 2.304 38.48539354147536 32670
320 205.2 37.9460307017546 69.63614924724047 296.483 2.304 38.45425406722153 34483
330 185.2 35.688467062635056 67.30603104541913 296.483 2.304 38.425709538798415 36535
340 181.4 37.20019128996687 68.86525295494319 296.483 2.291 38.29364990752079 38387
350 193.3 38.012792550439656 70.11218419367319 296.483 2.291 38.244309494788695 40201
360 198.3 37.69285879979833 69.50207397167611 296.483 2.291 38.23368809037832 42134
370 203.4 38.373905604719766 70.19380324095312 296.483 2.291 38.20937853888524 44117
380 198.6 37.61494259818727 69.08307287067154 296.483 2.291 38.21662969383112 46151
390 205.4 36.85939727361249 68.67921818338729 296.483 2.291 38.19180574194487 48137
400 199.4 37.76469859578726 69.70267741488368 296.483 2.291 38.13727869538364 50191
410 177.2 35.69453329571114 67.42806480433735 296.483 2.291 38.123042330171515 52185
420 185.1 37.0384532685035 68.7568260339191 296.483 2.291 38.04328774765092 53957
430 175.3 39.16840559041649 72.09628899979332 450.307 2.291 38.00996011324543 55808
440 59.3 13.00124114671165 27.263319813851925 450.307 2.291 38.04524016261012 57561
450 7.4 13.281175675675678 27.315329844671332 450.307 2.291 37.78986492760603 58154
460 49.9 49.675286573146316 75.4852410489393 450.307 2.291 37.75871766160612 58228
470 296.9 46.32492286965312 77.55542476209784 450.307 2.291 37.85997207417373 58727
480 401.8 38.90223419611754 71.0429691607646 450.307 2.225 38.267331366701264 61696
490 405.5 38.0171797780518 70.39405625849571 450.307 2.225 38.30615170283351 65714
500 410.5 37.07413520097453 69.48692810815152 479.425 2.225 38.289356548037105 69769
510 395.8 36.630758969176284 69.44246435238308 479.558 2.225 38.221829628827486 73874
520 370.8 37.42193689320405 69.53255524317667 479.558 2.205 38.14091872237642 77832
530 390.6 38.18114976958517 70.45003309098296 479.558 2.205 38.10822330144716 81540
540 394.1 37.004375539203174 69.0182314189924 479.558 2.205 38.11155699506122 85446
550 405.4 37.42504859398128 69.70570850499884 479.558 2.205 38.06274226677259 89387
560 378.1 36.13275376884431 68.36381236975448 479.558 2.178 38.03507550218856 93441
570 378.4 38.30294688160677 70.49518516068609 479.558 2.178 37.961093497356586 97222
580 388.7 37.8615829688707 70.3242294305821 479.558 2.178 37.97390039205593 101006
590 385 37.044635064935015 69.05961774290694 479.558 2.178 37.96973826661456 104893
600 393.6 37.19953658536592 69.59736577991836 479.558 2.178 37.936985378369194 108743
610 363.4 36.98363758943315 69.16731064191565 479.558 2.178 37.91122549010909 112679
620 396.7 38.34899470632728 70.79440842425258 479.558 2.178 37.88224459862614 116313
630 409.5 38.07354700854686 70.23542524065542 479.558 2.178 37.897638659793834 120280
640 430.6 36.92698745935916 69.17939442160194 479.558 2.178 37.90343037587941 124375
650 396.4 36.739118567103866 68.73310331670221 479.558 2.178 37.87075606344373 128681
660 345.5 36.01513458755425 68.89501603547272 479.558 2.178 37.83693789437975 132645
670 102.2 13.50272700587084 29.271483535995866 479.558 2.178 37.79069005878033 136100
680 15.6 9.578852564102561 4.198070522618461 479.558 2.178 37.60966660346262 137122
690 4.2 10.270761904761908 4.636960651781273 479.558 2.178 37.57781294162212 137278
700 351.4 52.729969265794004 81.54913354189532 479.558 2.178 37.56946094523742 137320
710 722.9 41.18466385392158 73.5711224455383 479.558 2.141 37.94773626397036 140834
720 770.5 38.59881194029869 71.4031867625234 479.558 2.141 38.10577540641484 148063
730 775.1 41.51085756676571 75.97847030252476 537.434 2.141 38.130163255610924 155768
740 740.1 37.922601810565894 70.53374916499396 537.434 2.141 38.290412288480255 163519
750 767.3 39.21373608757972 71.58826840223186 537.434 2.141 38.274485741867544 170920
760 784.2 37.47217827084936 70.04621846921778 537.434 2.141 38.314839327409246 178593
770 808.3 40.18935358159119 72.55238492720075 537.434 2.141 38.27939454501569 186435
780 822.1 38.06471779588849 70.83124024666364 537.434 2.141 38.35876097327755 194518
790 805.8 38.79154542069999 72.2327938935779 1065.409 2.141 38.3468376188104 202739
800 797 38.76239774153069 71.40898415560824 1065.409 2.141 38.36383717510212 210797
810 751.5 38.519340119760564 71.00342566357521 1065.409 2.141 38.37835731623143 218767
820 785.7 38.21665292096224 70.87782902898016 1065.409 2.141 38.38303946403161 226282
830 758 38.00301912928802 70.69145276434061 1065.409 2.141 38.37745603252769 234139
840 803.3 39.48093153242865 72.22075072060584 1065.409 2.141 38.365714168104304 241719
850 821.1 37.97781585677762 70.49012210814753 1065.409 2.141 38.40158391524394 249752
860 781.7 38.606970449021546 71.26150436922515 1065.409 2.141 38.388095315994946 257963
870 771.8 37.893677636693496 70.15883938490765 1065.409 2.141 38.394532771465144 265780
880 803.3 39.33345051661873 72.57994915859942 1065.409 2.141 38.38039884752359 273498
890 791.7 38.460242642415146 71.29362399511827 1065.409 2.141 38.407592527998716 281531
900 449.1 26.677016922734204 57.90730515138781 1065.409 2.141 38.4090326172577 289448
910 83.8 9.578754176610971 4.34302394670158 1065.409 2.141 38.229782900533806 293939
920 11.1 10.098711711711713 4.708165524020428 1065.409 2.141 38.148332983916674 294777
930 182.4 55.20114364035096 80.15325524160484 1065.409 2.141 38.13777471107677 294888
940 1133.7 51.45312304842529 82.52112328530573 1065.409 2.141 38.242669642616434 296712
950 1454.2 43.04061738412878 75.98765581934222 1065.409 2.141 38.728848498128556 308049
960 1538 43.92798985695729 76.98939062200729 1065.409 2.141 38.92321766261304 322591
970 1638 42.72555903540932 76.57663368874506 1065.409 2.141 39.15096914528172 337971
980 1601.4 43.34858967153739 76.37169838355737 1065.409 2.141 39.31620582416873 354351
990 1532.9 42.93307378172093 76.20968950259154 1065.409 2.116 39.490559758616534 370365
1000 1592.1 42.71324596444942 76.3365077290477 1065.409 2.116 39.627378836590694 385694
1010 1634.4 42.61848390846792 75.8778056910933 1065.409 2.116 39.74971015026832 401615
1020 1645.6 43.52755548128349 76.464437486678 1065.409 2.116 39.861891580274644 417959
1030 1666.1 45.227751095372646 78.81510073587893 1065.409 2.116 40.00074996489535 434415
1040 1649.6 42.38571653734286 75.28691483269272 1065.409 2.116 40.19381513758217 451076
