0 167.753125 167.753125
10 332.91015625 500.66328125
20 423.59765625 924.2609375
30 397.1484375 1321.409375
40 397.2625 1718.671875
50 422.89921875 2141.57109375
60 435.015625 2576.58671875
70 417.3140625 2993.90078125
80 342.90859375 3336.809375
90 440.0453125 3776.8546875
100 375.07265625 4151.92734375
110 441.1046875 4593.03203125
120 437.61328125 5030.6453125
130 414.2515625 5444.896875
140 416.9203125 5861.8171875
150 386.365625 6248.1828125
160 357.1890625 6605.371875
170 379.4609375 6984.8328125
180 401.84375 7386.6765625
190 420.6203125 7807.296875
200 227.6 8034.896875
210 45.0453125 8079.9421875
220 8.8734375 8088.815625
230 82.8265625 8171.6421875
240 522.9171875 8694.559375
250 734.840625 9429.4
260 786.91171875 10216.31171875
270 768.88515625 10985.196875
280 847.63046875 11832.82734375
290 853.1890625 12686.01640625
300 805.165625 13491.18203125
310 748.3328125 14239.51484375
320 845.9140625 15085.42890625
330 771.6859375 15857.11484375
340 748.81640625 16605.93125
350 804.82734375 17410.75859375
360 820.2265625 18230.98515625
370 839.378125 19070.36328125
380 820.6015625 19890.96484375
390 855.56015625 20746.525
400 831.1 21577.625
410 736.56875 22314.19375
420 764.0140625 23078.2078125
430 737.43671875 23815.64453125
440 280.19921875 24095.84375
450 36.278125 24132.121875
460 163.39296875 24295.51484375
470 1175.20703125 25470.721875
480 1644.6421875 27115.3640625
490 1685.25546875 28800.61953125
500 1697.2859375 30497.90546875
510 1654.196875 32152.10234375
520 1535.70859375 33687.8109375
530 1621.35703125 35309.16796875
540 1629.35703125 36938.525
550 1684.38671875 38622.91171875
560 1573.93046875 40196.8421875
570 1555.55546875 41752.39765625
580 1615.34453125 43367.7421875
590 1587.97109375 44955.71328125
600 1637.83671875 46593.55
610 1510.4703125 48104.0203125
620 1638.83203125 49742.85234375
630 1687.675 51430.52734375
640 1787.27734375 53217.8046875
650 1639.7265625 54857.53125
660 1476.10859375 56333.63984375
670 482.13515625 56815.775
680 76.3890625 56892.1640625
690 20.6953125 56912.859375
700 1306.2953125 58219.1546875
710 2929.1640625 61148.31875
720 3201.11953125 64349.43828125
730 3208.178125 67557.61640625
740 3074.73828125 70632.3546875
750 3167.9625 73800.3171875
760 3257.56015625 77057.87734375
770 3336.61875 80394.49609375
780 3411.13984375 83805.6359375
790 3344.5125 87150.1484375
800 3300.7515625 90450.9
810 3116.45546875 93567.35546875
820 3259.23671875 96826.5921875
830 3140.21484375 99966.80703125
840 3316.53828125 103283.3453125
850 3409.9515625 106693.296875
860 3244.9734375 109938.2703125
870 3183.61640625 113121.88671875
880 3344.05625 116465.94296875
890 3283.21328125 119749.15625
900 2008.38984375 121757.54609375
910 406.9515625 122164.49765625
920 54.215625 122218.71328125
930 613.89296875 122832.60625
940 4482.7484375 127315.3546875
950 5980.2171875 133295.571875
960 6341.92578125 139637.49765625
970 6800.08046875 146437.578125
980 6615.7140625 153053.2921875
990 6369.65078125 159422.94296875
1000 6584.9421875 166007.88515625
1010 6763.9828125 172771.86796875
1020 6820.3125 179592.18046875
1030 6906.515625 186498.69609375
1040 6843.7640625 193342.46015625
