0 9.6 96
10 9.5 191
20 8.7 278
30 10.1 379
40 9.9 478
50 10.9 587
60 9.1 678
70 10 778
80 9 868
90 11 978
100 8.8 1066
110 11.3 1179
120 9.4 1273
130 10.5 1378
140 9.5 1473
150 9.3 1566
160 8.7 1653
170 8.6 1739
180 9.9 1838
190 10.8 1946
200 0.6 1952
210 0 1952
220 0 1952
230 7.2 2024
240 17.7 2201
250 20 2401
260 17.6 2577
270 20.7 2784
280 20.8 2992
290 19.4 3186
300 18.7 3373
310 18.7 3560
320 21 3770
330 17.5 3945
340 19.4 4139
350 18.4 4323
360 19.9 4522
370 21.3 4735
380 20.2 4937
390 19.2 5129
400 19.4 5323
410 17.1 5494
420 19.1 5685
430 13.9 5824
440 0 5824
450 0 5824
460 15.3 5977
470 39.8 6375
480 43.4 6809
490 42.4 7233
500 40.2 7635
510 37.1 8006
520 37.3 8379
530 38.8 8767
540 40.4 9171
550 40 9571
560 35 9921
570 40.6 10327
580 37.7 10704
590 41.4 11118
600 36.2 11480
610 36.6 11846
620 41.1 12257
630 41.6 12673
640 42.4 13097
650 40.1 13498
660 23.4 13732
670 0 13732
680 0 13732
690 0 13732
700 70.2 14434
710 81 15244
720 74.4 15988
730 79 16778
740 75.4 17532
750 81.8 18350
760 73.7 19087
770 86 19947
780 81.3 20760
790 77.1 21531
800 79.7 22328
810 75.5 23083
820 77.6 23859
830 76.5 24624
840 84.8 25472
850 78.1 26253
860 75.9 27012
870 81 27822
880 77.3 28595
890 79.2 29387
900 10.3 29490
910 0 29490
920 0 29490
930 57.4 30064
940 151.3 31577
950 151.6 33093
960 161.5 34708
970 158.2 36290
980 163.1 37921
990 160.6 39527
1000 160.1 41128
1010 165.4 42782
1020 164.6 44428
1030 167.7 46105
1040 163.8 47743
