0 37.8 378
10 110.9 1487
20 180.4 3291
30 219 5481
40 259.9 8080
50 275.2 10832
60 297.4 13806
70 296.6 16772
80 295.7 19729
90 305.5 22784
100 303.6 25820
110 289.9 28719
120 295.3 31672
130 298.4 34656
140 285.4 37510
150 293.9 40449
160 298.8 43437
170 328.5 46722
180 303.9 49761
190 289.2 52653
200 248.4 55137
210 168.6 56823
220 111.2 57935
230 68.9 58624
240 36 58984
250 16.8 59152
260 8 59232
270 1.8 59250
280 24.3 59493
290 189.6 61389
300 317.9 64568
310 384 68408
320 466.3 73071
330 551.9 78590
340 572.1 84311
350 600.8 90319
360 658 96899
370 625.2 103151
380 622.8 109379
390 590.4 115283
400 582.7 121110
410 579.3 126903
420 584.3 132746
430 579.7 138543
440 584.6 144389
450 590.4 150293
460 600 156293
470 624.3 162536
480 560.2 168138
490 410.4 172242
500 297.2 175214
510 211.1 177325
520 109.3 178418
530 65.4 179072
540 21.6 179288
550 7.1 179359
560 3.4 179393
570 0.7 179400
580 169.8 181098
590 476.6 185864
600 662.9 192493
610 796.9 200462
620 882.6 209288
630 959.5 218883
640 1001.9 228902
650 1008.6 238988
660 1021.1 249199
670 1050.6 259705
680 1060 270305
690 1005.3 280358
700 1061.1 290969
710 997.6 300945
720 1002.1 310966
730 1003.7 321003
740 942 330423
750 985.5 340278
760 987.7 350155
770 955.7 359712
780 956.8 369280
790 905.6 378336
800 894.1 387277
810 927.9 396556
820 776.5 404321
830 473.7 409058
840 211.5 411173
850 71.7 411890
860 17.5 412065
870 6.6 412131
880 0.9 412140
890 363.4 415774
900 813 423904
910 953.9 433443
920 925.8 442701
930 978.1 452482
940 979.7 462279
950 999.3 472272
960 1028.4 482556
970 969.3 492249
980 979.8 502047
990 1007.5 512122
1000 1004.7 522169
1010 994.1 532110
1020 980.5 541915
1030 1010.6 552021
1040 983.9 561860
1050 971.9 571579
1060 990 581479
1070 921.7 590696
1080 981.9 600515
1090 1039 610905
1100 1009.1 620996
1110 997.1 630967
1120 979.4 640761
1130 899.8 649759
1140 886.2 658621
1150 982.3 668444
1160 1138.2 679826
1170 1103 690856
1180 944.9 700305
1190 860.4 708909
1200 875.1 717660
1210 1055.9 728219
1220 1334.3 741562
1230 1927.3 760835
1240 1110.7 771942
1250 375 775692
1260 82.8 776520
1270 11.2 776632
1280 1.8 776650
1290 163.5 778285
1300 945.8 787743
1310 1017.9 797922
1320 933.2 807254
1330 929.9 816553
1340 1012.7 826680
1350 1022.4 836904
1360 1020.1 847105
1370 930.7 856412
1380 931.6 865728
1390 899.5 874723
1400 868.8 883411
1410 915.6 892567
1420 937.8 901945
1430 1025 912195
1440 1011.4 922309
1450 967.3 931982
1460 1028.7 942269
1470 1097.3 953242
1480 1157.9 964821
1490 1198.8 976809
1500 1268.6 989495
1510 1327.2 1002767
1520 1280.1 1015568
1530 1226.1 1027829
1540 1171.8 1039547
1550 1121.4 1050761
1560 1073.1 1061492
1570 1126.9 1072761
1580 1112 1083881
1590 1152.6 1095407
1600 1248.5 1107892
1610 1573.7 1123629
1620 1943.1 1143060
1630 1035 1153410
1640 330.1 1156711
1650 66.4 1157375
1660 12.2 1157497
1670 1.3 1157510
1676 0.6 1157516
