0 8.6 86
10 25.6 342
20 49.7 839
30 62.7 1466
40 79.7 2263
50 85.4 3117
60 98.1 4098
70 107.5 5173
80 105.9 6232
90 104.6 7278
100 111.7 8395
110 112.1 9516
120 111.2 10628
130 113.6 11764
140 108.8 12852
150 111.6 13968
160 115.3 15121
170 127.3 16394
180 113.4 17528
190 115.3 18681
200 107.2 19753
210 81.1 20564
220 55.9 21123
230 39.2 21515
240 26.9 21784
250 14.8 21932
260 7.5 22007
270 2.4 22031
280 5 22081
290 48.9 22570
300 94.7 23517
310 117.7 24694
320 142.9 26123
330 177.2 27895
340 206.9 29964
350 220.3 32167
360 252.9 34696
370 240.7 37103
380 241 39513
390 228.4 41797
400 229.4 44091
410 223.5 46326
420 221.9 48545
430 225.4 50799
440 228.3 53082
450 217 55252
460 226.8 57520
470 232.7 59847
480 220.4 62051
490 183.6 63887
500 149.4 65381
510 112.6 66507
520 70.9 67216
530 53.2 67748
540 21.8 67966
550 8 68046
560 3.6 68082
570 1 68092
580 38.7 68479
590 131.1 69790
600 201.8 71808
610 243.4 74242
620 275.9 77001
630 323.5 80236
640 352.4 83760
650 364.5 87405
660 367 91075
670 390.2 94977
680 393.4 98911
690 375.4 102665
700 399.3 106658
710 366.2 110320
720 375.5 114075
730 379.3 117868
740 361.5 121483
750 370.8 125191
760 373.3 128924
770 356.8 132492
780 384.1 136333
790 379.3 140126
800 403.5 144161
810 456.8 148729
820 394 152669
830 293.5 155604
840 178.7 157391
850 77.7 158168
860 20.6 158374
870 7.3 158447
880 1.4 158461
890 81.9 159280
900 207.6 161356
910 261.4 163970
920 254.4 166514
930 274.8 169262
940 288.3 172145
950 312.7 175272
960 323.8 178510
970 330.6 181816
980 340.5 185221
990 360.9 188830
1000 376.1 192591
1010 380.4 196395
1020 405.5 200450
1030 417.3 204623
1040 426.3 208886
1050 430.9 213195
1060 434.5 217540
1070 436.4 221904
1080 454.4 226448
1090 513.4 231582
1100 522.3 236805
1110 522.8 242033
1120 552.3 247556
1130 526.2 252818
1140 574.8 258566
1150 654.1 265107
1160 695.6 272063
1170 652.1 278584
1180 537.1 283955
1190 499.6 288951
1200 494.1 293892
1210 594 299832
1220 776.1 307593
1230 1196.6 319559
1240 970.6 329265
1250 440.8 333673
1260 114.1 334814
1270 15.3 334967
1280 2.8 334995
1290 27.9 335274
1300 228.2 337556
1310 239.1 339947
1320 230.7 342254
1330 255 344804
1340 283.6 347640
1350 304.9 350689
1360 301.8 353707
1370 318.9 356896
1380 328.4 360180
1390 355 363730
1400 413.4 367864
1410 498.5 372849
1420 569.7 378546
1430 690.5 385451
1440 690.8 392359
1450 675.8 399117
1460 696.8 406085
1470 764 413725
1480 817.7 421902
1490 870.2 430604
1500 1012.9 440733
1510 1042.3 451156
1520 1005.9 461215
1530 975.4 470969
1540 900.8 479977
1550 845.7 488434
1560 806.8 496502
1570 809.7 504599
1580 733.5 511934
1590 696.3 518897
1600 729.9 526196
1610 920 535396
1620 1252 547916
1630 910.2 557018
1640 388.7 560905
1650 89.2 561797
1660 16.7 561964
1670 2.2 561986
1676 0.8 561994
