10 1.5 15
20 3.7 52
30 5 102
40 7.6 178
50 8.6 264
60 8 344
70 6.2 406
80 10.1 507
90 4.6 553
100 4.4 597
110 2.7 624
120 1.1 635
130 0.5 640
140 0 640
150 0 640
160 0 640
170 0 640
180 0 640
190 0 640
200 0 640
210 0 640
220 0 640
230 0 640
240 0 640
250 0 640
260 0 640
270 0 640
280 0 640
290 0 640
300 0 640
310 0 640
320 0 640
330 0 640
340 0 640
350 0 640
360 0 640
370 0 640
380 0 640
390 0 640
400 0 640
410 0 640
420 0 640
430 0 640
440 0 640
450 0 640
460 0 640
470 0 640
480 0 640
490 0 640
500 0 640
510 0 640
520 0 640
530 0 640
540 0 640
550 0 640
560 0 640
570 0 640
580 0 640
590 0 640
600 0 640
610 0 640
620 0 640
630 0 640
640 0 640
650 0 640
660 0 640
670 0 640
680 0 640
690 0 640
700 0 640
710 0 640
720 0 640
730 0 640
740 0 640
750 0 640
760 0 640
770 0 640
780 0 640
790 0 640
800 0 640
810 0 640
820 0 640
830 0 640
840 0 640
850 0 640
860 0 640
870 0 640
880 0 640
890 0 640
900 0 640
910 0 640
920 0 640
930 0 640
940 0 640
950 0 640
960 0 640
970 0 640
980 0 640
990 0 640
1000 0 640
1010 0 640
1020 0 640
1030 0 640
1040 0 640
1050 0 640
1060 0 640
1070 0 640
1080 0 640
1090 0 640
1100 0 640
1110 0 640
1120 0 640
1130 0 640
1140 0 640
1150 0 640
1160 0 640
1170 0 640
1180 0 640
1190 0 640
1200 0 640
1210 0 640
1220 0 640
1230 0 640
1240 0 640
1250 0 640
1260 0 640
1270 0 640
1280 0 640
1290 0 640
1300 0 640
1310 0 640
1320 0 640
1330 0 640
1340 0 640
1350 0 640
1360 0 640
1370 0 640
1380 0 640
1390 0 640
1400 0 640
1410 0 640
1420 0 640
1430 0 640
1440 0 640
1450 0 640
1460 0 640
1470 0 640
1480 0 640
1490 0 640
1500 0 640
1510 0 640
1520 0 640
1530 0 640
1540 0 640
1550 0 640
1560 0 640
1570 0 640
1580 0 640
1590 0 640
1600 0 640
1610 0 640
1620 0 640
1630 0 640
1640 0 640
1650 0 640
1660 0 640
1670 0 640
1676 0 640
