20 0.1 1
30 0.5 6
40 0 6
50 0.1 7
60 0.3 10
70 0.4 14
80 0.2 16
90 0.4 20
100 0.4 24
110 0.3 27
120 0.1 28
130 0.1 29
140 0 29
150 0 29
160 0 29
170 0 29
180 0 29
190 0 29
200 0 29
210 0 29
220 0 29
230 0 29
240 0 29
250 0 29
260 0 29
270 0 29
280 0 29
290 0 29
300 0 29
310 0 29
320 0 29
330 0 29
340 0 29
350 0 29
360 0 29
370 0 29
380 0 29
390 0 29
400 0 29
410 0 29
420 0 29
430 0 29
440 0 29
450 0 29
460 0 29
470 0 29
480 0 29
490 0 29
500 0 29
510 0 29
520 0 29
530 0 29
540 0 29
550 0 29
560 0 29
570 0 29
580 0 29
590 0 29
600 0 29
610 0 29
620 0 29
630 0 29
640 0 29
650 0 29
660 0 29
670 3.8 67
680 1.7 84
690 11.2 196
700 9.2 288
710 7.5 363
720 12.3 486
730 23.9 725
740 18.1 906
750 34.6 1252
760 25.1 1503
770 50.2 2005
780 45.2 2457
790 36.5 2822
800 21.5 3037
810 9.2 3129
820 0.8 3137
830 0.1 3138
840 0 3138
850 0 3138
860 0 3138
870 0 3138
880 0 3138
890 0 3138
900 0 3138
910 0 3138
920 16.8 3306
930 33.9 3645
940 58.5 4230
950 107.1 5301
960 127.6 6577
970 191.1 8488
980 231.4 10802
990 224.6 13048
1000 293 15978
1010 345.6 19434
1020 397.6 23410
1030 413.3 27543
1040 478.2 32325
1050 508.1 37406
1060 524.6 42652
1070 633.4 48986
1080 635 55336
1090 606.1 61397
1100 563.9 67036
1110 585.7 72893
1120 570.6 78599
1130 607.4 84673
1140 583.7 90510
1150 475.8 95268
1160 348 98748
1170 309.2 101840
1180 354.3 105383
1190 358.5 108968
1200 302.6 111994
1210 203.4 114028
1220 101.2 115040
1230 24.5 115285
1240 3.2 115317
1250 0.1 115318
1260 0.1 115319
1270 0 115319
1280 0 115319
1290 0 115319
1300 0 115319
1310 10.6 115425
1320 93.4 116359
1330 190.8 118267
1340 255.1 120818
1350 311.4 123932
1360 441 128342
1370 656.2 134904
1380 715.8 142062
1390 737.1 149433
1400 736.4 156797
1410 675.4 163551
1420 621.9 169770
1430 526.9 175039
1440 526.3 180302
1450 538.3 185685
1460 499.7 190682
1470 438.8 195070
1480 387.5 198945
1490 321.5 202160
1500 303.9 205199
1510 309.1 208290
1520 353.6 211826
1530 391.4 215740
1540 426.8 220008
1550 470.5 224713
1560 432.1 229034
1570 327.1 232305
1580 272.5 235030
1590 227.2 237302
1600 153 238832
1610 78.5 239617
1620 11 239727
1630 0.8 239735
1640 0.1 239736
1650 0 239736
1660 0 239736
1670 0 239736
1676 0 239736
