1380 481.3 4813
1390 1870.6 23519
1400 3133.5 54854
1410 4186.4 96718
1420 4766.8 144386
1430 4872.9 193115
1440 4889 242005
1450 4761.8 289623
1460 4670.7 336330
1470 4616.8 382498
1480 4552.3 428021
1490 3891.7 466938
1500 2683.8 493776
1510 1265 506426
1520 468.3 511109
1530 54.7 511656
1540 15.3 511809
1550 4.3 511852
1560 0 511852
1570 0 511852
1580 0 511852
1590 0 511852
1600 0 511852
1610 0 511852
1620 0 511852
1630 0 511852
1640 0 511852
1650 0 511852
1660 0 511852
1670 0 511852
1676 0 511852
