0 77 77
10 161 84
20 240 79
30 294 54
40 313 19
50 364 51
60 391 27
70 384 -7
80 375 -9
90 387 12
100 389 2
110 385 -4
120 382 -3
130 378 -4
140 378 0
150 379 1
160 400 21
170 378 -22
180 385 7
190 356 -29
200 273 -83
210 185 -88
220 129 -56
230 83 -46
240 44 -39
250 19 -25
260 7 -12
270 2 -5
280 73 71
290 286 213
300 393 107
310 505 112
320 611 106
330 731 120
340 752 21
350 801 49
360 815 14
370 809 -6
380 791 -18
390 762 -29
400 732 -30
410 742 10
420 743 1
430 740 -3
440 730 -10
450 773 43
460 789 16
470 789 0
480 695 -94
490 502 -193
500 349 -153
510 232 -117
520 143 -89
530 66 -77
540 25 -41
550 9 -16
560 2 -7
570 0 -2
580 314 314
590 644 330
600 877 233
610 1149 272
620 1413 264
630 1632 219
640 1793 161
650 1948 155
660 2072 124
670 2169 97
680 2265 96
690 2416 151
700 2496 80
710 2627 131
720 2714 87
730 2782 68
740 2875 93
750 2966 91
760 3089 123
770 3210 121
780 2953 -257
790 2625 -328
800 2246 -379
810 1660 -586
820 855 -805
830 505 -350
840 218 -287
850 62 -156
860 17 -45
870 4 -13
880 0 -4
890 715 715
900 1477 762
910 2227 750
920 2878 651
930 3567 689
940 4255 688
950 4945 690
960 5620 675
970 6299 679
980 6924 625
990 7491 567
1000 8097 606
1010 8686 589
1020 9214 528
1030 9766 552
1040 10277 511
1050 10795 518
1060 11336 541
1070 11826 490
1080 12375 549
1090 12157 -218
1100 11822 -335
1110 11459 -363
1120 11058 -401
1130 10648 -410
1140 10213 -435
1150 9687 -526
1160 9147 -540
1170 8623 -524
1180 8040 -583
1190 7323 -717
1200 6558 -765
1210 5695 -863
1220 4668 -1027
1230 2777 -1891
1240 1233 -1544
1250 316 -917
1260 44 -272
1270 9 -35
1280 1 -8
1290 520 519
1300 2038 1518
1310 3526 1488
1320 5177 1651
1330 6694 1517
1340 8236 1542
1350 9714 1478
1360 11245 1531
1370 12774 1529
1380 14251 1477
1390 15550 1299
1400 16607 1057
1410 17335 728
1420 17662 327
1430 17728 66
1440 17661 -67
1450 17603 -58
1460 17575 -28
1470 17573 -2
1480 17523 -50
1490 16987 -536
1500 15676 -1311
1510 14631 -1045
1520 13720 -911
1530 12889 -831
1540 12016 -873
1550 11106 -910
1560 10076 -1030
1570 8989 -1087
1580 7991 -998
1590 6970 -1021
1600 5891 -1079
1610 4571 -1320
1620 2535 -2036
1630 1054 -1481
1640 252 -802
1650 51 -201
1660 9 -42
1670 2 -7
1676 0 -2
