0 7.7 1.677922077922078 1.173967109057545 11.295 0.949 0 0
10 9.6 1.5272500000000004 0.43073928696292985 11.295 0.691 1.677922077922078 77
20 10.9 1.578633027522936 1.4638984627930651 15.823 0.691 1.594312138728324 173
30 10.8 1.372240740740741 0.42944145184461896 15.823 0.691 1.5882517730496455 282
40 8.2 1.3795609756097558 0.39762119175873106 15.823 0.691 1.5284333333333335 390
50 11.4 1.4778508771929826 0.5228108616513566 15.823 0.675 1.502569915254237 472
60 10.7 1.5116261682242988 0.8101934062783444 15.823 0.658 1.4977610921501707 586
70 9.1 1.321846153846154 0.40801338383232727 15.823 0.658 1.4999018759018758 693
80 10.1 1.3705247524752473 0.5018769837450784 15.823 0.658 1.4792346938775511 784
90 9.5 1.4298210526315789 0.6562632170730753 15.823 0.658 1.4668282485875705 885
100 9.7 1.415577319587628 0.6610877608357575 15.823 0.553 1.4632408163265307 980
110 10 1.4434200000000001 0.6725765410717208 15.823 0.553 1.4589480037140206 1077
120 9.6 1.4962812499999998 0.6133167123505094 15.823 0.553 1.4576287170773152 1177
130 10.3 1.4256699029126205 0.4955445252172665 15.823 0.553 1.4605435978004715 1273
140 9.2 1.3593478260869565 0.39336000865405424 15.823 0.553 1.4579331395348838 1376
150 9.6 1.4191979166666666 0.4564542150230694 15.823 0.553 1.4517547683923706 1468
160 11.6 1.4701465517241377 0.5720048115048167 15.823 0.553 1.4497563938618925 1564
170 9.2 1.431858695652174 0.4404524990803488 15.823 0.553 1.4511642857142855 1680
180 10.4 1.4835673076923084 0.5303168639963332 15.823 0.553 1.4501619638826184 1772
190 7.5 1.3817333333333333 0.44294903644650696 15.823 0.553 1.4520138592750533 1876
200 2 1.4434999999999998 0.424189639194547 15.823 0.553 1.4493121476166069 1951
210 0 0 0 15.823 0.553 1.4492531709791985 1971
220 0 0 0 15.823 0.553 1.4492531709791985 1971
230 0 0 0 15.823 0.553 1.4492531709791985 1971
240 0 0 0 15.823 0.553 1.4492531709791985 1971
250 0 0 0 15.823 0.553 1.4492531709791985 1971
260 0 0 0 15.823 0.553 1.4492531709791985 1971
270 0 0 0 15.823 0.553 1.4492531709791985 1971
280 7.3 1.6710958904109587 0.5625583967101893 15.823 0.553 1.4492531709791985 1971
290 22.3 1.4076098654708538 0.8700813658624453 15.823 0.553 1.4571761252446183 2044
300 18.6 1.3358978494623643 0.5926280409680355 15.823 0.553 1.4523003970004411 2267
310 19.9 1.3938492462311565 1.8262627922395316 25.718 0.553 1.4434741133306155 2453
320 19.3 1.2474455958549215 0.5006394029708692 25.718 0.553 1.4397503770739064 2652
330 23.1 1.1766666666666667 0.4216609157248605 25.718 0.553 1.4267047451669594 2845
340 18.5 1.2394486486486478 0.7121788712537995 25.718 0.553 1.4079275032509753 3076
350 22.1 1.2248597285067861 0.6117640565339668 25.718 0.553 1.398369518552591 3261
360 21.6 1.2008055555555557 0.49630515288877525 25.718 0.553 1.387356978747846 3482
370 21.3 1.2163568075117366 0.4691707542377952 25.718 0.553 1.3764605191995671 3698
380 20 1.1916200000000001 0.44676919723723113 25.718 0.552 1.3677409869598565 3911
390 17.5 1.2265999999999992 0.5003872214880907 25.718 0.522 1.3591727073704691 4111
400 17.8 1.2640393258426965 0.5339346881992844 25.718 0.522 1.3537596826878204 4286
410 19.4 1.2759536082474232 0.49271259780258536 25.718 0.522 1.3501821236559135 4464
420 19.4 1.2546391752577313 0.44617662550352366 25.718 0.522 1.3470905968226703 4658
430 19.8 1.3000656565656563 0.524605499430429 25.718 0.522 1.3433940643033797 4852
440 19.8 1.2482121212121213 0.46743323993108393 25.718 0.522 1.341695247524752 5050
450 22.3 1.2532780269058297 0.4788055053345855 25.718 0.522 1.3381682545731703 5248
460 20.8 1.364365384615384 0.6241537741628862 25.718 0.522 1.3347080972399923 5471
470 19.9 1.309145728643216 0.5064486896474061 25.718 0.522 1.3357943299876733 5679
480 9.3 1.3586236559139777 0.6156261418565427 25.718 0.522 1.3348921401837355 5878
490 0 0 0 25.718 0.522 1.3352617651984588 5971
500 0 0 0 25.718 0.522 1.3352617651984588 5971
510 0 0 0 25.718 0.522 1.3352617651984588 5971
520 0 0 0 25.718 0.522 1.3352617651984588 5971
530 0 0 0 25.718 0.522 1.3352617651984588 5971
540 0 0 0 25.718 0.522 1.3352617651984588 5971
550 0 0 0 25.718 0.522 1.3352617651984588 5971
560 0 0 0 25.718 0.522 1.3352617651984588 5971
570 0 0 0 25.718 0.522 1.3352617651984588 5971
580 31.6 1.6046930379746827 0.46073716121415903 25.718 0.522 1.3352617651984588 5971
590 39.5 1.4465164556962014 0.40956825258640156 25.718 0.522 1.3488040400827102 6287
600 38.4 1.4379817708333322 0.542559709829432 25.718 0.522 1.3545802155043398 6682
610 42.1 1.555743467933492 3.0556340410172824 46.262 0.522 1.3591126521369938 7066
620 40.5 1.3363654320987648 0.6456048631313794 46.262 0.522 1.3701693602243887 7487
630 40.5 1.2701086419753087 0.4745269436983389 46.262 0.522 1.368434617334009 7892
640 38.7 1.2335219638242891 0.4597864198116032 46.262 0.522 1.3636350488128237 8297
650 40.2 1.2438184079601986 0.5142175617918711 46.262 0.522 1.3578365960386916 8684
660 41 1.346646341463414 1.337052788894849 46.262 0.522 1.3527919876733432 9086
670 37.8 1.2734629629629615 0.6286697806262859 46.262 0.522 1.3525266427969667 9496
680 37.2 1.2315752688172048 0.5506155179757292 46.262 0.508 1.3494998987239208 9874
690 44.3 1.2823995485327317 0.6071889309951614 46.262 0.508 1.345218426703103 10246
700 39.3 1.1938982188295177 0.4446265778289011 46.262 0.508 1.3426149312377207 10689
710 39.1 1.1984245524296673 0.462631159322636 46.262 0.508 1.3373410034289837 11082
720 38 1.2225921052631568 0.5348023239732106 46.262 0.508 1.332606728841628 11473
730 37.4 1.2511898395721928 0.5256678907262797 46.262 0.508 1.3290797266514804 11853
740 36.8 1.2482554347826105 0.5828971541891141 46.262 0.508 1.3266972274474522 12227
750 38.7 1.1769173126614991 0.4241349346319013 46.262 0.508 1.3244053195712584 12595
760 43 1.2603627906976758 0.5097594722471576 46.262 0.508 1.3200086273301495 12982
770 40 1.2114525000000007 0.4202250263177454 46.262 0.508 1.3180963316433045 13412
780 7.4 1.1836216216216224 0.36858985125939703 46.262 0.508 1.3150078916883872 13812
790 0 0 0 46.262 0.508 1.3143077200057613 13886
800 0 0 0 46.262 0.508 1.3143077200057613 13886
810 0 0 0 46.262 0.508 1.3143077200057613 13886
820 0 0 0 46.262 0.508 1.3143077200057613 13886
830 0 0 0 46.262 0.508 1.3143077200057613 13886
840 0 0 0 46.262 0.508 1.3143077200057613 13886
850 0 0 0 46.262 0.508 1.3143077200057613 13886
860 0 0 0 46.262 0.508 1.3143077200057613 13886
870 0 0 0 46.262 0.508 1.3143077200057613 13886
880 0 0 0 46.262 0.508 1.3143077200057613 13886
890 71.6 1.2482053072625705 0.5402818460878143 46.262 0.482 1.3143077200057613 13886
900 79.1 1.198496839443743 0.5952733054188188 46.262 0.416 1.3110664292562664 14602
910 80.2 1.2207543640897769 0.6550189357923482 46.262 0.416 1.3052818164100568 15393
920 73.6 1.210232336956522 0.5724038547404381 46.262 0.411 1.3010958937943815 16195
930 77.1 1.1605732814526601 0.46790559731859627 46.262 0.383 1.2971460043706813 16931
940 77.2 1.2163264248704664 1.163636680196451 46.262 0.383 1.2911976612812113 17702
950 78 1.1639333333333322 0.4956030029985663 46.262 0.383 1.2880689076540004 18474
960 76.5 1.1655372549019605 0.5728533720481833 46.262 0.383 1.2830400436272984 19254
970 81.3 1.109421894218942 0.4273213491184384 46.262 0.383 1.2785498276637195 20019
980 76.4 1.1677382198952857 0.6280561235259168 46.262 0.383 1.2719493567588325 20832
990 74.7 1.1397684069611766 0.629253229167886 46.262 0.383 1.2682626875347285 21596
1000 76.6 1.098980417754567 0.4378894532251018 46.262 0.383 1.2639667009801727 22343
1010 79.4 1.1105025188916882 0.9364105501901978 46.262 0.383 1.2584978579774113 23109
1020 75.9 1.118848484848482 0.5290927920287287 46.262 0.383 1.2535818098146676 23903
1030 76.8 1.1166953125000003 0.5270117096055461 46.262 0.383 1.249435244505717 24662
1040 76.7 1.1208722294654503 0.5259695331256227 46.262 0.383 1.2454264254817142 25430
1050 78.9 1.1036032953105213 0.539394890312374 46.262 0.383 1.2417797076001065 26197
1060 80.6 1.0783870967741929 0.4602810653167148 46.262 0.383 1.2377397910027417 26986
1070 78.4 1.1132640306122454 0.5243453867677014 46.262 0.383 1.233118379389752 27792
1080 85.5 1.1574280701754398 0.5477498845770489 46.262 0.383 1.2298301021836502 28576
1090 13.2 1.4247272727272724 0.5380547044806635 46.262 0.383 1.2277267507050384 29431
1100 0 0 0 46.262 0.383 1.2286063660656898 29563
1110 0 0 0 46.262 0.383 1.2286063660656898 29563
1120 0 0 0 46.262 0.383 1.2286063660656898 29563
1130 0 0 0 46.262 0.383 1.2286063660656898 29563
1140 0 0 0 46.262 0.383 1.2286063660656898 29563
1150 0 0 0 46.262 0.383 1.2286063660656898 29563
1160 0 0 0 46.262 0.383 1.2286063660656898 29563
1170 0 0 0 46.262 0.383 1.2286063660656898 29563
1180 0 0 0 46.262 0.383 1.2286063660656898 29563
1190 0 0 0 46.262 0.383 1.2286063660656898 29563
1200 0 0 0 46.262 0.383 1.2286063660656898 29563
1210 0 0 0 46.262 0.383 1.2286063660656898 29563
1220 0 0 0 46.262 0.383 1.2286063660656898 29563
1230 0 0 0 46.262 0.383 1.2286063660656898 29563
1240 0 0 0 46.262 0.383 1.2286063660656898 29563
1250 0 0 0 46.262 0.383 1.2286063660656898 29563
1260 0 0 0 46.262 0.383 1.2286063660656898 29563
1270 0 0 0 46.262 0.383 1.2286063660656898 29563
1280 0 0 0 46.262 0.383 1.2286063660656898 29563
1290 52 1.5000423076923068 0.6390118108172219 46.262 0.383 1.2286063660656898 29563
1300 152.2 1.354636005256237 0.5235886883338776 46.262 0.383 1.2332982747731271 30083
1310 149.7 1.2800260521042077 0.5476973392365455 46.262 0.383 1.239141528239202 31605
1320 166.7 1.1884901019796024 0.49320079576884324 46.262 0.383 1.2409904839586725 33102
1330 155.8 1.1846643132220789 0.5432975502760469 46.262 0.383 1.2384733526992429 34769
1340 158.5 1.1444384858044168 0.4696884894595885 46.262 0.383 1.2361655793211654 36327
1350 150.6 1.1114256308100945 0.5073064459738257 46.262 0.383 1.2323307132306387 37912
1360 157.1 1.1232291534054746 0.5137412527685161 46.262 0.383 1.2277114262519655 39418
1370 157.3 1.1357870311506693 0.49356600591685507 46.262 0.383 1.223706896972358 40989
1380 154.9 1.6078960619754668 0.8350856816622011 46.262 0.383 1.2204575677834684 42562
1390 153.1 2.687240365774006 0.6675548916315509 46.262 0.383 1.2340628414681143 44111
1400 148.5 2.7169393939393958 1.5506240078869298 46.262 0.383 1.2828077428684106 45642
1410 144.9 2.6715659075224276 0.5562803496769745 46.262 0.383 1.327998090266726 47127
1420 139.2 2.6651666666666722 0.5644712441219775 46.262 0.383 1.3680761075428194 48576
1430 143.4 2.616829149232911 0.5949813266302953 46.262 0.383 1.4042102345501122 49968
1440 143 2.5400132867132914 0.5836423015744315 46.262 0.383 1.4380395704447297 51402
1450 143.2 2.3792248603351953 0.735786009239872 46.262 0.383 1.4678666149303454 52832
1460 145.4 2.1372166437414 0.8384436377424049 46.262 0.383 1.491916906236179 54264
1470 145.1 1.8719620951068259 0.8670356513747359 46.262 0.383 1.5087564521339605 55718
1480 145.5 1.7003484536082472 0.8539572642493748 46.262 0.383 1.51797493396771 57169
1490 90.7 1.384796030871005 0.814986815638456 46.262 0.383 1.52250129639738 58624
1500 0 0 0 46.262 0.383 1.520403252087148 59531
1510 0 0 0 46.262 0.383 1.520403252087148 59531
1520 0 0 0 46.262 0.383 1.520403252087148 59531
1530 0 0 0 46.262 0.383 1.520403252087148 59531
1540 0 0 0 46.262 0.383 1.520403252087148 59531
1550 0 0 0 46.262 0.383 1.520403252087148 59531
1560 0 0 0 46.262 0.383 1.520403252087148 59531
1570 0 0 0 46.262 0.383 1.520403252087148 59531
1580 0 0 0 46.262 0.383 1.520403252087148 59531
1590 0 0 0 46.262 0.383 1.520403252087148 59531
1600 0 0 0 46.262 0.383 1.520403252087148 59531
1610 0 0 0 46.262 0.383 1.520403252087148 59531
1620 0 0 0 46.262 0.383 1.520403252087148 59531
1630 0 0 0 46.262 0.383 1.520403252087148 59531
1640 0 0 0 46.262 0.383 1.520403252087148 59531
1650 0 0 0 46.262 0.383 1.520403252087148 59531
1660 0 0 0 46.262 0.383 1.520403252087148 59531
1670 0 0 0 46.262 0.383 1.520403252087148 59531
1676 0 0 0 46.262 0.383 1.520403252087148 59531
