0 0.1 0.4226776477669456 0 0.4226776477669456 0.4226776477669456 0 0
10 0.1 0.04581329001895004 0.0 0.4226776477669456 0.04581329001895004 0.4226776477669456 1
20 0.1 0.1499671946761646 0.0 0.4226776477669456 0.04581329001895004 0.23424546889294784 2
30 0.1 0.2717334721499219 0.0 0.4226776477669456 0.04581329001895004 0.20615271082068676 3
40 0.1 0.3353363256719744 0.0 0.4226776477669456 0.04581329001895004 0.22254790115299555 4
50 0.1 0.4113983377424126 0.0 0.4226776477669456 0.04581329001895004 0.2451055860567913 5
60 0.1 0.5092211727707254 0.0 0.5092211727707254 0.04581329001895004 0.27282104467106155 6
70 0.1 0.5497766532346234 0.0 0.5497766532346234 0.04581329001895004 0.3065924915424421 7
80 0.1 0.5467781746982305 0.0 0.5497766532346234 0.04581329001895004 0.33699051175396477 8
90 0.1 0.5551273772574833 0.0 0.5551273772574833 0.04581329001895004 0.36030025208110544 9
100 0.1 0.4980463662412086 0.0 0.5551273772574833 0.04581329001895004 0.3797829645987432 10
110 0.1 0.548878288582915 0.0 0.5551273772574833 0.04581329001895004 0.39053418292987646 11
120 0.1 0.5239583333333333 0.0 0.5551273772574833 0.04581329001895004 0.40372952506762966 12
130 0.1 0.5478481856434612 0.0 0.5551273772574833 0.04581329001895004 0.4129778949342223 13
140 0.1 0.5364583333333334 0.0 0.5551273772574833 0.04581329001895004 0.4226114871277394 14
150 0.1 0.5374552120656612 0.0 0.5551273772574833 0.04581329001895004 0.430201276874779 15
160 0.1 0.5135363173300278 0.0 0.5551273772574833 0.04581329001895004 0.4369046478242091 16
170 0.1 0.5281910238779848 0.0 0.5551273772574833 0.04581329001895004 0.4414123930892573 17
180 0.1 0.5739822492603858 0.0 0.5739822492603858 0.04581329001895004 0.4462334281330755 18
190 0.1 0.5314382177021029 0.0 0.5739822492603858 0.04581329001895004 0.45295705029767075 19
200 0.1 0.49398670196135647 0.0 0.5739822492603858 0.04581329001895004 0.4568811086678924 20
210 0.1 0.48248264938204705 0.0 0.5739822492603858 0.04581329001895004 0.45864804168186685 21
220 0.1 0.33951613743113346 0.0 0.5739822492603858 0.04581329001895004 0.45973143294096597 22
230 0.1 0.2281297527031813 0.0 0.5739822492603858 0.04581329001895004 0.4545046809622776 23
240 0.1 0.15306122448979592 0.0 0.5739822492603858 0.04581329001895004 0.4450723922848152 24
250 0.1 0.09995106562412154 0.0 0.5739822492603858 0.04581329001895004 0.43339194557301447 25
260 0.1 0.05829811155760061 0.0 0.5739822492603858 0.04581329001895004 0.4205672963442109 26
270 0.1 0.01977951050916624 0.0 0.5739822492603858 0.01977951050916624 0.407149919129892 27
280 0.1 0.0052055678753995275 0.0 0.5739822492603858 0.0052055678753995275 0.3933152616791518 28
290 0.1 0.06560654815833046 0.0 0.5739822492603858 0.0052055678753995275 0.37993216878936725 29
300 0.1 0.22926219258024177 0.0 0.5739822492603858 0.0052055678753995275 0.369454648101666 30
310 0.1 0.3148588348137954 0.0 0.5739822492603858 0.0052055678753995275 0.36493231082678135 31
320 0.1 0.37942752308879024 0.0 0.5739822492603858 0.0052055678753995275 0.36336751470137557 32
330 0.1 0.4276535380507343 0.0 0.5739822492603858 0.0052055678753995275 0.3638541816222063 33
340 0.1 0.5610829526729658 0.0 0.5739822492603858 0.0052055678753995275 0.3657306332818689 34
350 0.1 0.5995703947780026 0.0 0.5995703947780026 0.0052055678753995275 0.3713121281216145 35
360 0.1 0.6643444161695382 0.0 0.6643444161695382 0.0052055678753995275 0.3776526355287364 36
370 0.1 0.7685649630317124 0.0 0.7685649630317124 0.0052055678753995275 0.3854010620325419 37
380 0.1 0.786489897672866 0.0 0.786489897672866 0.0052055678753995275 0.39548432258515165 38
390 0.1 0.8578188678458635 0.0 0.8578188678458635 0.0052055678753995275 0.40551010656175973 39
400 0.1 0.7236855825981772 0.0 0.8578188678458635 0.0052055678753995275 0.4168178255938623 40
410 0.1 0.7932950411241648 0.0 0.8578188678458635 0.0052055678753995275 0.42430240503299194 41
420 0.1 0.8307881542326416 0.0 0.8578188678458635 0.0052055678753995275 0.43308794398754363 42
430 0.1 0.8307275380446112 0.0 0.8578188678458635 0.0052055678753995275 0.44233678608626686 43
440 0.1 0.8348707044807854 0.0 0.8578188678458635 0.0052055678753995275 0.45116384863077474 44
450 0.1 0.8525806720587009 0.0 0.8578188678458635 0.0052055678753995275 0.4596906676496639 45
460 0.1 0.8493033628244807 0.0 0.8578188678458635 0.0052055678753995275 0.4682317547020342 46
470 0.1 0.8296852199291225 0.0 0.8578188678458635 0.0052055678753995275 0.476339661257831 47
480 0.1 0.8952206265502219 0.0 0.8952206265502219 0.0052055678753995275 0.4837010270634829 48
490 0.1 0.7973484256277164 0.0 0.8952206265502219 0.0052055678753995275 0.49209938623668165 49
500 0.1 0.6856023506366308 0.0 0.8952206265502219 0.0052055678753995275 0.4982043670245024 50
510 0.1 0.6425142404898521 0.0 0.8952206265502219 0.0052055678753995275 0.5018788372914069 51
520 0.1 0.4217695576105973 0.0 0.8952206265502219 0.0052055678753995275 0.5045833642759925 52
530 0.1 0.2436637024387196 0.0 0.8952206265502219 0.0052055678753995275 0.5030208396219285 53
540 0.1 0.17801374141161774 0.0 0.8952206265502219 0.0052055678753995275 0.4982179296740913 54
550 0.1 0.0749430120845607 0.0 0.8952206265502219 0.0052055678753995275 0.49239603534204635 55
560 0.1 0.01665747035490823 0.0 0.8952206265502219 0.0052055678753995275 0.4849415170695912 56
570 0.1 0.014575438304251863 0.0 0.8952206265502219 0.0052055678753995275 0.4767260074781055 57
580 0.1 0.005205405292856102 0.0 0.8952206265502219 0.005205405292856102 0.4687578942164874 58
590 0.1 0.3083429690511162 0.0 0.8952206265502219 0.005205405292856102 0.4609010723703241 59
600 0.1 0.6465472292322773 0.0 0.8952206265502219 0.005205405292856102 0.458358437315004 60
610 0.1 0.9336056349768683 0.0 0.9336056349768683 0.005205405292856102 0.4614434994775822 61
620 0.1 1.460134685733289 0.0 1.460134685733289 0.005205405292856102 0.4690590177920868 62
630 0.1 1.8044285803224935 0.0 1.8044285803224935 0.005205405292856102 0.48479037760067734 63
640 0.1 2.0020757654385055 0.0 2.0020757654385055 0.005205405292856102 0.5054097245182056 64
650 0.1 2.010739175139952 0.0 2.010739175139952 0.005205405292856102 0.5284353559169794 65
660 0.1 1.9847946656695956 0.0 2.010739175139952 0.005205405292856102 0.5508945046930851 66
670 0.1 1.8734340399430276 0.0 2.010739175139952 0.005205405292856102 0.572295999633033 67
680 0.1 1.8344235188901947 0.0 2.010739175139952 0.005205405292856102 0.5914303825787682 68
690 0.1 1.7101401003393217 0.0 2.010739175139952 0.005205405292856102 0.609444775858644 69
700 0.1 1.5581090364079186 0.0 2.010739175139952 0.005205405292856102 0.6251689947797966 70
710 0.1 1.6935215255225247 0.0 2.010739175139952 0.005205405292856102 0.6383089953661082 71
720 0.1 1.6668400790760585 0.0 2.010739175139952 0.005205405292856102 0.652964724951614 72
730 0.1 1.6320922631748773 0.0 2.010739175139952 0.005205405292856102 0.6668534284327707 73
740 0.1 1.6026241799437675 0.0 2.010739175139952 0.005205405292856102 0.6798971964698263 74
750 0.1 1.5522126843903659 0.0 2.010739175139952 0.005205405292856102 0.6922002229161455 75
760 0.1 1.523487974657163 0.0 2.010739175139952 0.005205405292856102 0.7035161763565958 76
770 0.1 1.4952745157290375 0.0 2.010739175139952 0.005205405292856102 0.7141651607501096 77
780 0.1 1.4313116360527907 0.0 2.010739175139952 0.005205405292856102 0.7241793832498394 78
790 0.1 1.5055467511885896 0.0 2.010739175139952 0.005205405292856102 0.7331304244245603 79
800 0.1 1.4053354755918164 0.0 2.010739175139952 0.005205405292856102 0.7427856285091108 80
810 0.1 1.2760003341408404 0.0 2.010739175139952 0.005205405292856102 0.7509652562508726 81
820 0.1 1.2636943739490971 0.0 2.010739175139952 0.005205405292856102 0.7573681230544088 82
830 0.1 1.089033443663663 0.0 2.010739175139952 0.005205405292856102 0.7634684393302485 83
840 0.1 0.8254643236820711 0.0 2.010739175139952 0.005205405292856102 0.7673442131913607 84
850 0.1 0.4675378768157442 0.0 2.010739175139952 0.005205405292856102 0.7680279791971337 85
860 0.1 0.1749070806134241 0.0 2.010739175139952 0.005205405292856102 0.7645339082392105 86
870 0.1 0.07078687944369841 0.0 2.010739175139952 0.005205405292856102 0.7577565883814429 87
880 0.1 0.027065853303075094 0.0 2.010739175139952 0.005205405292856102 0.7499501144162413 88
890 0.1 0.018737898440590452 0.0 2.010739175139952 0.005205405292856102 0.7418278193475539 89
900 0.1 0.5836190634998384 0.0 2.010739175139952 0.005205405292856102 0.7337934868930321 90
910 0.1 1.3883685108863077 0.0 2.010739175139952 0.005205405292856102 0.732143218504096 91
920 0.1 1.5084118964529403 0.0 2.010739175139952 0.005205405292856102 0.7392761021169462 92
930 0.1 1.3780800767802375 0.0 2.010739175139952 0.005205405292856102 0.7475463794753977 93
940 0.1 1.325257166727586 0.0 2.010739175139952 0.005205405292856102 0.7542541847658747 94
950 0.1 1.323071782126522 0.0 2.010739175139952 0.005205405292856102 0.7602647424707347 95
960 0.1 1.368989769152794 0.0 2.010739175139952 0.005205405292856102 0.7661273158004825 96
970 0.1 1.3564919321126996 0.0 2.010739175139952 0.005205405292856102 0.772342392639166 97
980 0.1 1.3237692918984483 0.0 2.010739175139952 0.005205405292856102 0.7783031022256308 98
990 0.1 1.3926062228169955 0.0 2.010739175139952 0.005205405292856102 0.7838128617172754 99
1000 0.1 1.4214589042528711 0.0 2.010739175139952 0.005205405292856102 0.7899007953282725 100
1010 0.1 1.4027196652719665 0.0 2.010739175139952 0.005205405292856102 0.7961538459116844 101
1020 0.1 1.4123850475502966 0.0 2.010739175139952 0.005205405292856102 0.8021005696309028 102
1030 0.1 1.378422506907812 0.0 2.010739175139952 0.005205405292856102 0.8080256616495377 103
1040 0.1 1.4282425815092288 0.0 2.010739175139952 0.005205405292856102 0.8135102467000981 104
1050 0.1 1.4234875444839856 0.0 2.010739175139952 0.005205405292856102 0.8193648403649468 105
1060 0.1 1.4036740461610928 0.0 2.010739175139952 0.005205405292856102 0.8250641111585227 106
1070 0.1 1.5047035064405077 0.0 2.010739175139952 0.005205405292856102 0.830471680644528 107
1080 0.1 1.478394706258049 0.0 2.010739175139952 0.005205405292856102 0.8367145679204167 108
1090 0.1 1.5984099586798473 0.0 2.010739175139952 0.005205405292856102 0.8426015416666335 109
1100 0.1 1.5171027420925338 0.0 2.010739175139952 0.005205405292856102 0.8494725272758445 110
1110 0.1 1.5634162687442406 0.0 2.010739175139952 0.005205405292856102 0.8554872138958147 111
1120 0.1 1.5974641433637762 0.0 2.010739175139952 0.005205405292856102 0.8618080090283898 112
1130 0.1 1.563399294691349 0.0 2.010739175139952 0.005205405292856102 0.8683182403056943 113
1140 0.1 1.5923167057248075 0.0 2.010739175139952 0.005205405292856102 0.8744154425371473 114
1150 0.1 1.557743207758377 0.0 2.010739175139952 0.005205405292856102 0.8806580622170401 115
1160 0.1 1.6251649249198936 0.0 2.010739175139952 0.005205405292856102 0.8864950031268792 116
1170 0.1 1.4629804167975704 0.0 2.010739175139952 0.005205405292856102 0.8928084212618623 117
1180 0.1 1.8294019985590326 0.0 2.010739175139952 0.005205405292856102 0.8976403873257242 118
1190 0.1 1.8761706555671176 0.0 2.010739175139952 0.005205405292856102 0.9054703168318864 119
1200 0.1 2.3106347248281796 0.0 2.3106347248281796 0.005205405292856102 0.9135594863213468 120
1210 0.1 2.5676025024559226 0.0 2.5676025024559226 0.005205405292856102 0.9251055626726429 121
1220 0.1 2.4711304437885144 0.0 2.5676025024559226 0.005205405292856102 0.9385686523429977 122
1230 0.1 2.655757424921188 0.0 2.655757424921188 0.005205405292856102 0.9510285043059693 123
1240 0.1 2.688491133810223 0.0 2.688491133810223 0.005205405292856102 0.9647763181818985 124
1250 0.1 1.7735975113263878 0.0 2.688491133810223 0.005205405292856102 0.9785660367069251 125
1260 0.1 0.8457628530955753 0.0 2.688491133810223 0.005205405292856102 0.984875810315016 126
1270 0.1 0.20510578044311178 0.0 2.688491133810223 0.005205405292856102 0.983780432699115 127
1280 0.1 0.03435209860093271 0.0 2.688491133810223 0.005205405292856102 0.9776970369783649 128
1290 0.1 0.009369924624161911 0.0 2.688491133810223 0.005205405292856102 0.9703842855180747 129
1300 0.1 0.436476519854994 0.0 2.688491133810223 0.005205405292856102 0.9629918673573523 130
1310 0.1 1.0071189279731994 0.0 2.688491133810223 0.005205405292856102 0.9589726662313801 131
1320 0.1 1.302464744528602 0.0 2.688491133810223 0.005205405292856102 0.9593374106385151 132
1330 0.1 1.4008620689655173 0.0 2.688491133810223 0.005205405292856102 0.961917315404606 133
1340 0.1 1.5242180144366564 0.0 2.688491133810223 0.005205405292856102 0.9651930225207321 134
1350 0.1 1.6393614127591907 0.0 2.688491133810223 0.005205405292856102 0.969333948386776 135
1360 0.1 1.710188916217489 0.0 2.688491133810223 0.005205405292856102 0.9742606209189262 136
1370 0.1 1.8546638879870978 0.0 2.688491133810223 0.005205405292856102 0.9796323603006675 137
1380 0.1 2.057031593492871 0.0 2.688491133810223 0.005205405292856102 0.9859731684723082 138
1390 0.1 2.2907405854231317 0.0 2.688491133810223 0.005205405292856102 0.9936786247674202 139
1400 0.1 2.8202681875845292 0.0 2.8202681875845292 0.005205405292856102 1.002943353057818 140
1410 0.1 3.2751824205317455 0.0 3.2751824205317455 0.005205405292856102 1.0158321816714826 141
1420 0.1 3.7440663935199257 0.0 3.7440663935199257 0.005205405292856102 1.0317430988465548 142
1430 0.1 4.322190105148507 0.0 4.322190105148507 0.005205405292856102 1.0507103946135015 143
1440 0.1 4.581964984207334 0.0 4.581964984207334 0.005205405292856102 1.073429003714439 144
1450 0.1 4.674399908119904 0.0 4.674399908119904 0.005205405292856102 1.0976258035799071 145
1460 0.1 4.769556643050179 0.0 4.769556643050179 0.005205405292856102 1.1221242563507292 146
1470 0.1 4.917211806316316 0.0 4.917211806316316 0.005205405292856102 1.1469367215663717 147
1480 0.1 5.324944531827793 0.0 5.324944531827793 0.005205405292856102 1.1724115532200876 148
1490 0.1 5.417287397514299 0.0 5.417287397514299 0.005205405292856102 1.2002809020698035 149
1500 0.1 5.267478593399285 0.0 5.417287397514299 0.005205405292856102 1.2283942787061002 150
1510 0.1 4.825020466957522 0.0 5.417287397514299 0.005205405292856102 1.2551431814524125 151
1520 0.1 3.724126493848402 0.0 5.417287397514299 0.005205405292856102 1.2786292162254724 152
1530 0.1 3.18651102464332 0.0 5.417287397514299 0.005205405292856102 1.2946128585628771 153
1540 0.1 2.815380782327049 0.0 5.417287397514299 0.005205405292856102 1.3068979115893735 154
1550 0.1 2.437603387467618 0.0 5.417287397514299 0.005205405292856102 1.31663005914252 155
1560 0.1 2.322771493448326 0.0 5.417287397514299 0.005205405292856102 1.3238157856061423 156
1570 0.1 2.0914351248501277 0.0 5.417287397514299 0.005205405292856102 1.3301785608153283 157
1580 0.1 2.005530338602807 0.0 5.417287397514299 0.005205405292856102 1.334996640334536 158
1590 0.1 1.8096143598959367 0.0 5.417287397514299 0.005205405292856102 1.3392138334054053 159
1600 0.1 1.6720378353492655 0.0 5.417287397514299 0.005205405292856102 1.342153836695971 160
1610 0.1 1.6079359758652476 0.0 5.417287397514299 0.005205405292856102 1.344202805631706 161
1620 0.1 1.927791630869811 0.0 5.417287397514299 0.005205405292856102 1.3458307881640117 162
1630 0.1 2.3331763228136286 0.0 5.417287397514299 0.005205405292856102 1.3494011000824522 163
1640 0.1 1.7935020762473133 0.0 5.417287397514299 0.005205405292856102 1.3553997294893496 164
1650 0.1 0.9318548597011818 0.0 5.417287397514299 0.005205405292856102 1.3580548952272766 165
1660 0.1 0.22903067970059446 0.0 5.417287397514299 0.005205405292856102 1.355487425133746 166
1670 0.1 0.03539528201711466 0.0 5.417287397514299 0.005205405292856102 1.3487421751610924 167
1676 0.1 0.020816203332674154 0.0 5.417287397514299 0.005205405292856102 1.3409246341304735 168
