0 0 0
10 1.3 13
20 3 43
30 5.5 98
40 6.3 161
50 6.1 222
60 8.2 304
70 10.2 406
80 10.4 510
90 8.5 595
100 9.7 692
110 10.3 795
120 9.9 894
130 10.5 999
140 9.1 1090
150 9.7 1187
160 9.6 1283
170 11.1 1394
180 10 1494
190 10.3 1597
200 10.2 1699
210 8.7 1786
220 5.6 1842
230 4.6 1888
240 4 1928
250 2.4 1952
260 1.2 1964
270 0.5 1969
280 0.2 1971
290 1.2 1983
300 7.8 2061
310 8.9 2150
320 8.9 2239
330 11 2349
340 16.3 2512
350 17.7 2689
360 19.9 2888
370 22.4 3112
380 21.1 3323
390 20.3 3526
400 20.8 3734
410 18.5 3919
420 19.4 4113
430 19.9 4312
440 20.6 4518
450 18.1 4699
460 19.3 4892
470 19.7 5089
480 18.7 5276
490 20.4 5480
500 14.7 5627
510 11.8 5745
520 8.5 5830
530 7.6 5906
540 4.1 5947
550 1.5 5962
560 0.7 5969
570 0.2 5971
580 0.2 5973
590 6.6 6039
600 15.2 6191
610 15.1 6342
620 14.1 6483
630 18.6 6669
640 22.9 6898
650 24.5 7143
660 28.5 7428
670 27.9 7707
680 27.8 7985
690 29.2 8277
700 31.1 8588
710 25.9 8847
720 29.4 9141
730 30.4 9445
740 28.8 9733
750 29.9 10032
760 30.4 10336
770 28 10616
780 32.8 10944
790 33.2 11276
800 38.1 11657
810 58.8 12245
820 80.4 13049
830 34.1 13390
840 28.4 13674
850 15.3 13827
860 4.3 13870
870 1.3 13883
880 0.3 13886
890 0.2 13888
900 2.8 13916
910 5.4 13970
920 8.4 14054
930 8.5 14139
940 8.1 14220
950 9 14310
960 9.1 14401
970 13.2 14533
980 13.9 14672
990 19.2 14864
1000 15.9 15023
1010 20.9 15232
1020 22.9 15461
1030 20.5 15666
1040 26.6 15932
1050 26.5 16197
1060 26.7 16464
1070 29.3 16757
1080 30.6 17063
1090 36 17423
1100 33 17753
1110 36.6 18119
1120 39.5 18514
1130 40.6 18920
1140 43.5 19355
1150 52.9 19884
1160 53.7 20421
1170 52.5 20946
1180 58.5 21531
1190 71.4 22245
1200 76.4 23009
1210 86.5 23874
1220 102.3 24897
1230 189.4 26791
1240 161.1 28402
1250 86.7 29269
1260 25.3 29522
1270 3.3 29555
1280 0.7 29562
1290 0.1 29563
1300 0.5 29568
1310 0.8 29576
1320 1.7 29593
1330 4.1 29634
1340 4.4 29678
1350 2.7 29705
1360 3.9 29744
1370 4.5 29789
1380 7.8 29867
1390 22.6 30093
1400 44 30533
1410 72.3 31256
1420 106.3 32319
1430 136.6 33685
1440 149.7 35182
1450 149.3 36675
1460 147.4 38149
1470 145.1 39600
1480 150.4 41104
1490 151.9 42623
1500 126.9 43892
1510 106.3 44955
1520 89.9 45854
1530 82.7 46681
1540 87.1 47552
1550 91.2 48464
1560 101.6 49480
1570 109.6 50576
1580 99.7 51573
1590 102.3 52596
1600 107.4 53670
1610 133.9 55009
1620 203.5 57044
1630 145.6 58500
1640 78.6 59286
1650 19.6 59482
1660 4 59522
1670 0.7 59529
1676 0.2 59531
