0 0.1 380186.0390625 0 380186.0390625 380186.0390625 0 0
10 0.1 380137.08203125 0.0 380186.0390625 380137.08203125 380186.0390625 1
20 0.1 380081.1015625 0.0 380186.0390625 380081.1015625 380161.560546875 2
30 0.1 380024.484375 0.0 380186.0390625 380024.484375 380134.7408854167 3
40 0.1 379975.36328125 0.0 380186.0390625 379975.36328125 380107.1767578125 4
50 0.1 379950.4140625 0.0 380186.0390625 379950.4140625 380080.8140625 5
60 0.1 379902.03515625 0.0 380186.0390625 379902.03515625 380059.0807291667 6
70 0.1 379877.4453125 0.0 380186.0390625 379877.4453125 380036.6456473214 7
80 0.1 379877.1171875 0.0 380186.0390625 379877.1171875 380016.74560546875 8
90 0.1 379852.53125 0.0 380186.0390625 379852.53125 380001.23133680556 9
100 0.1 379861.61328125 0.0 380186.0390625 379852.53125 379986.361328125 10
110 0.1 379860.37890625 0.0 380186.0390625 379852.53125 379975.0205965909 11
120 0.1 379851.7109375 0.0 380186.0390625 379851.7109375 379965.4671223958 12
130 0.1 379873.109375 0.0 380186.0390625 379851.7109375 379956.7166466346 13
140 0.1 379878.61328125 0.0 380186.0390625 379851.7109375 379950.74469866074 14
150 0.1 379881.78125 0.0 380186.0390625 379851.7109375 379945.9359375 15
160 0.1 379875.00390625 0.0 380186.0390625 379851.7109375 379941.92626953125 16
170 0.1 379857.78515625 0.0 380186.0390625 379851.7109375 379937.98965992645 17
180 0.1 379851.6015625 0.0 380186.0390625 379851.6015625 379933.5338541667 18
190 0.1 379841.6015625 0.0 380186.0390625 379841.6015625 379929.2216282895 19
200 0.1 379861.953125 0.0 380186.0390625 379841.6015625 379924.840625 20
210 0.1 379900.18359375 0.0 380186.0390625 379841.6015625 379921.84598214284 21
220 0.1 379963.859375 0.0 380186.0390625 379841.6015625 379920.861328125 22
230 0.1 380006.6875 0.0 380186.0390625 379841.6015625 379922.7308084239 23
240 0.1 380045.4453125 0.0 380186.0390625 379841.6015625 379926.22900390625 24
250 0.1 380086.56640625 0.0 380186.0390625 379841.6015625 379930.99765625 25
260 0.1 380117.1484375 0.0 380186.0390625 379841.6015625 379936.98106971156 26
270 0.1 380122.0703125 0.0 380186.0390625 379841.6015625 379943.65393518517 27
280 0.1 380125.84765625 0.0 380186.0390625 379841.6015625 379950.02594866074 28
290 0.1 380101.01953125 0.0 380186.0390625 379841.6015625 379956.0887661638 29
300 0.1 379966.99609375 0.0 380186.0390625 379841.6015625 379960.9197916667 30
310 0.1 379869.3125 0.0 380186.0390625 379841.6015625 379961.1158014113 31
320 0.1 379785.65625 0.0 380186.0390625 379785.65625 379958.2469482422 32
330 0.1 379702.54296875 0.0 380186.0390625 379702.54296875 379953.0169270833 33
340 0.1 379662.0703125 0.0 380186.0390625 379662.0703125 379945.6500459559 34
350 0.1 379630.8984375 0.0 380186.0390625 379630.8984375 379937.54776785715 35
360 0.1 379572.859375 0.0 380186.0390625 379572.859375 379929.02973090275 36
370 0.1 379545.6328125 0.0 380186.0390625 379545.6328125 379919.4035050676 37
380 0.1 379540.99609375 0.0 380186.0390625 379540.99609375 379909.5674342105 38
390 0.1 379533.41796875 0.0 380186.0390625 379533.41796875 379900.11688701925 39
400 0.1 379552.06640625 0.0 380186.0390625 379533.41796875 379890.9494140625 40
410 0.1 379573.92578125 0.0 380186.0390625 379533.41796875 379882.68397484755 41
420 0.1 379570.03515625 0.0 380186.0390625 379533.41796875 379875.33258928574 42
430 0.1 379577.87109375 0.0 380186.0390625 379533.41796875 379868.2326489826 43
440 0.1 379587.90625 0.0 380186.0390625 379533.41796875 379861.6335227273 44
450 0.1 379575.20703125 0.0 380186.0390625 379533.41796875 379855.55069444445 45
460 0.1 379567.62890625 0.0 380186.0390625 379533.41796875 379849.4562669837 46
470 0.1 379567.36328125 0.0 380186.0390625 379533.41796875 379843.4599401596 47
480 0.1 379567.2421875 0.0 380186.0390625 379533.41796875 379837.7079264323 48
490 0.1 379590.2734375 0.0 380186.0390625 379533.41796875 379832.1882174745 49
500 0.1 379714.453125 0.0 380186.0390625 379533.41796875 379827.349921875 50
510 0.1 379792.71875 0.0 380186.0390625 379533.41796875 379825.1362591912 51
520 0.1 379867.921875 0.0 380186.0390625 379533.41796875 379824.5128455529 52
530 0.1 379937.34375 0.0 380186.0390625 379533.41796875 379825.33188384434 53
540 0.1 380030.25 0.0 380186.0390625 379533.41796875 379827.406177662 54
550 0.1 380081.66796875 0.0 380186.0390625 379533.41796875 379831.0942471591 55
560 0.1 380103.47265625 0.0 380186.0390625 379533.41796875 379835.56877790176 56
570 0.1 380107.4375 0.0 380186.0390625 379533.41796875 379840.268845943 57
580 0.1 380107.921875 0.0 380186.0390625 379533.41796875 379844.8752020474 58
590 0.1 379906.46875 0.0 380186.0390625 379533.41796875 379849.33362023305 59
600 0.1 379715.515625 0.0 380186.0390625 379533.41796875 379850.28587239585 60
610 0.1 379549.01953125 0.0 380186.0390625 379533.41796875 379848.07652407786 61
620 0.1 379381.7578125 0.0 380186.0390625 379381.7578125 379843.2530241936 62
630 0.1 379227.23828125 0.0 380186.0390625 379227.23828125 379835.927703373 63
640 0.1 379079.26171875 0.0 380186.0390625 379079.26171875 379826.41693115234 64
650 0.1 378949.265625 0.0 380186.0390625 378949.265625 379814.9222355769 65
660 0.1 378897.890625 0.0 380186.0390625 378897.890625 379801.80622632575 66
670 0.1 378849.2421875 0.0 380186.0390625 378849.2421875 379788.314948694 67
680 0.1 378766.48046875 0.0 380186.0390625 378766.48046875 379774.50505514705 68
690 0.1 378702.828125 0.0 380186.0390625 378702.828125 379759.8960031703 69
700 0.1 378600.828125 0.0 380186.0390625 378600.828125 379744.79503348214 70
710 0.1 378576.0390625 0.0 380186.0390625 378576.0390625 379728.6828235035 71
720 0.1 378528.64453125 0.0 380186.0390625 378528.64453125 379712.6738823785 72
730 0.1 378497.5625 0.0 380186.0390625 378497.5625 379696.454302226 73
740 0.1 378459.25 0.0 380186.0390625 378459.25 379680.2530616554 74
750 0.1 378419.6015625 0.0 380186.0390625 378419.6015625 379663.97302083333 75
760 0.1 378384.953125 0.0 380186.0390625 378384.953125 379647.59971217107 76
770 0.1 378309.12109375 0.0 380186.0390625 378309.12109375 379631.20170454547 77
780 0.1 378221.3984375 0.0 380186.0390625 378221.3984375 379614.251953125 78
790 0.1 378233.27734375 0.0 380186.0390625 378221.3984375 379596.6208959652 79
800 0.1 378313.5546875 0.0 380186.0390625 378221.3984375 379579.5791015625 80
810 0.1 378480.76953125 0.0 380186.0390625 378221.3984375 379563.9491705247 81
820 0.1 378726.26171875 0.0 380186.0390625 378221.3984375 379550.7396627287 82
830 0.1 379058.06640625 0.0 380186.0390625 378221.3984375 379540.8061935241 83
840 0.1 379410.98828125 0.0 380186.0390625 378221.3984375 379535.05929129466 84
850 0.1 379808.78125 0.0 380186.0390625 378221.3984375 379533.59963235294 85
860 0.1 379958.609375 0.0 380186.0390625 378221.3984375 379536.79941860464 86
870 0.1 380018.57421875 0.0 380186.0390625 378221.3984375 379541.647808908 87
880 0.1 380024.59375 0.0 380186.0390625 378221.3984375 379547.06742720166 88
890 0.1 380029.87109375 0.0 380186.0390625 378221.3984375 379552.4328915028 89
900 0.1 379706.0546875 0.0 380186.0390625 378221.3984375 379557.73776041664 90
910 0.1 379332.796875 0.0 380186.0390625 378221.3984375 379559.3676167582 91
920 0.1 378941.16015625 0.0 380186.0390625 378221.3984375 379556.9048913043 92
930 0.1 378594.15625 0.0 380186.0390625 378221.3984375 379550.28398017475 93
940 0.1 378265.1796875 0.0 380186.0390625 378221.3984375 379540.1124085771 94
950 0.1 377907.55078125 0.0 380186.0390625 377907.55078125 379526.69206414477 95
960 0.1 377595.046875 0.0 380186.0390625 377595.046875 379509.82600911456 96
970 0.1 377293.84765625 0.0 380186.0390625 377293.84765625 379490.08601804124 97
980 0.1 376968.00390625 0.0 380186.0390625 376968.00390625 379467.67542251275 98
990 0.1 376696.63671875 0.0 380186.0390625 376696.63671875 379442.42621527775 99
1000 0.1 376398.1328125 0.0 380186.0390625 376398.1328125 379414.9683203125 100
1010 0.1 376129.2421875 0.0 380186.0390625 376129.2421875 379385.0986618193 101
1020 0.1 375940.08203125 0.0 380186.0390625 375940.08203125 379353.1785003064 102
1030 0.1 375686.109375 0.0 380186.0390625 375686.109375 379320.0416413835 103
1040 0.1 375432.9140625 0.0 380186.0390625 375432.9140625 379285.09998497594 104
1050 0.1 375185.98046875 0.0 380186.0390625 375185.98046875 379248.4125 105
1060 0.1 374983.40234375 0.0 380186.0390625 374983.40234375 379210.0876695165 106
1070 0.1 374806.5546875 0.0 380186.0390625 374806.5546875 379170.5859375 107
1080 0.1 374552.6875 0.0 380186.0390625 374552.6875 379130.17824074073 108
1090 0.1 374313.01171875 0.0 380186.0390625 374313.01171875 379088.18291284406 109
1100 0.1 374074.23828125 0.0 380186.0390625 374074.23828125 379044.772265625 110
1110 0.1 373973.59375 0.0 380186.0390625 373973.59375 378999.9926801802 111
1120 0.1 373908.69140625 0.0 380186.0390625 373908.69140625 378955.1141183036 112
1130 0.1 373897.18359375 0.0 380186.0390625 373897.18359375 378910.4555102323 113
1140 0.1 373869.0703125 0.0 380186.0390625 373869.0703125 378866.4794407895 114
1150 0.1 373955.109375 0.0 380186.0390625 373869.0703125 378823.02370923915 115
1160 0.1 374052.609375 0.0 380186.0390625 373869.0703125 378781.0589304957 116
1170 0.1 374152.65625 0.0 380186.0390625 373869.0703125 378740.64483173075 117
1180 0.1 374209.69140625 0.0 380186.0390625 373869.0703125 378701.76357256353 118
1190 0.1 374443.796875 0.0 380186.0390625 373869.0703125 378664.01506696426 119
1200 0.1 374567.3125 0.0 380186.0390625 373869.0703125 378628.8465820312 120
1210 0.1 374686.11328125 0.0 380186.0390625 373869.0703125 378595.2801846591 121
1220 0.1 374889.07421875 0.0 380186.0390625 373869.0703125 378563.2378329918 122
1230 0.1 375210.99609375 0.0 380186.0390625 373869.0703125 378533.3665840955 123
1240 0.1 376052.27734375 0.0 380186.0390625 373869.0703125 378506.57327368954 124
1250 0.1 378064.234375 0.0 380186.0390625 373869.0703125 378486.93890625 125
1260 0.1 379487.79296875 0.0 380186.0390625 373869.0703125 378483.58410838293 126
1270 0.1 379921.24609375 0.0 380186.0390625 373869.0703125 378491.49126476375 127
1280 0.1 379940.5 0.0 380186.0390625 373869.0703125 378502.66122436523 128
1290 0.1 379957.0859375 0.0 380186.0390625 373869.0703125 378513.80726138566 129
1300 0.1 379747.40234375 0.0 380186.0390625 373869.0703125 378524.90940504806 130
1310 0.1 379092.96875 0.0 380186.0390625 373869.0703125 378534.2414122137 131
1320 0.1 378513.59375 0.0 380186.0390625 373869.0703125 378538.47419507575 132
1330 0.1 377921.7265625 0.0 380186.0390625 373869.0703125 378538.28712406015 133
1340 0.1 377279.19921875 0.0 380186.0390625 373869.0703125 378533.6859258395 134
1350 0.1 376611.36328125 0.0 380186.0390625 373869.0703125 378524.393431713 135
1360 0.1 376001.16015625 0.0 380186.0390625 373869.0703125 378510.3270335478 136
1370 0.1 375369.453125 0.0 380186.0390625 373869.0703125 378492.0119468522 137
1380 0.1 374850.21484375 0.0 380186.0390625 373869.0703125 378469.3847090127 138
1390 0.1 374404.265625 0.0 380186.0390625 373869.0703125 378443.3475157374 139
1400 0.1 374193.56640625 0.0 380186.0390625 373869.0703125 378414.4969308036 140
1410 0.1 374206.4453125 0.0 380186.0390625 373869.0703125 378384.56125332444 141
1420 0.1 374233.81640625 0.0 380186.0390625 373869.0703125 378355.1379016285 142
1430 0.1 374131.46484375 0.0 380186.0390625 373869.0703125 378326.3174715909 143
1440 0.1 374009.26171875 0.0 380186.0390625 373869.0703125 378297.1865505642 144
1450 0.1 373884.37109375 0.0 380186.0390625 373869.0703125 378267.61465517234 145
1460 0.1 373739.34765625 0.0 380186.0390625 373739.34765625 378237.59243899817 146
1470 0.1 373583.3515625 0.0 380186.0390625 373583.3515625 378206.9921343536 147
1480 0.1 373415.59375 0.0 380186.0390625 373415.59375 378175.7513196789 148
1490 0.1 373207.5625 0.0 380186.0390625 373207.5625 378143.80395343946 149
1500 0.1 373110.97265625 0.0 380186.0390625 373110.97265625 378110.8956770832 150
1510 0.1 373095.44921875 0.0 380186.0390625 373095.44921875 378077.78360409755 151
1520 0.1 373309.5625 0.0 380186.0390625 373095.44921875 378045.00508840446 152
1530 0.1 373307.45703125 0.0 380186.0390625 373095.44921875 378014.0544832515 153
1540 0.1 373203.359375 0.0 380186.0390625 373095.44921875 377983.4921621346 154
1550 0.1 373350.2265625 0.0 380186.0390625 373095.44921875 377952.652595766 155
1560 0.1 373397.07421875 0.0 380186.0390625 373095.44921875 377923.1498647835 156
1570 0.1 373634.90234375 0.0 380186.0390625 373095.44921875 377894.3213574839 157
1580 0.1 373770.7265625 0.0 380186.0390625 373095.44921875 377867.3630092957 158
1590 0.1 373861.4296875 0.0 380186.0390625 373095.44921875 377841.59800019633 159
1600 0.1 374167.94140625 0.0 380186.0390625 373095.44921875 377816.721948242 160
1610 0.1 374462.7109375 0.0 380186.0390625 373095.44921875 377794.0587150619 161
1620 0.1 374989.7578125 0.0 380186.0390625 373095.44921875 377773.4948398918 162
1630 0.1 376230.98828125 0.0 380186.0390625 373095.44921875 377756.41669861943 163
1640 0.1 378272.97265625 0.0 380186.0390625 373095.44921875 377747.1153058306 164
1650 0.1 379531.73828125 0.0 380186.0390625 373095.44921875 377750.30232007557 165
1660 0.1 379810.13671875 0.0 380186.0390625 373095.44921875 377761.03386201034 166
1670 0.1 379848.6015625 0.0 380186.0390625 373095.44921875 377773.3039389968 167
1676 0.1 379860.04296875 0.0 380186.0390625 373095.44921875 377785.65690104145 168
