0 0.1 0.08984375 0 0.08984375 0.08984375 0 0
10 0.1 0.078125 0.0 0.08984375 0.078125 0.08984375 1
20 0.1 0.0703125 0.0 0.08984375 0.0703125 0.083984375 2
30 0.1 0.05859375 0.0 0.08984375 0.05859375 0.07942708333333333 3
40 0.1 0.05078125 0.0 0.08984375 0.05078125 0.07421875 4
50 0.1 0.0390625 0.0 0.08984375 0.0390625 0.06953125 5
60 0.1 0.03125 0.0 0.08984375 0.03125 0.064453125 6
70 0.1 0.03125 0.0 0.08984375 0.03125 0.05970982142857143 7
80 0.1 0.01953125 0.0 0.08984375 0.01953125 0.05615234375 8
90 0.1 0.1796875 0.0 0.1796875 0.01953125 0.052083333333333336 9
100 0.1 0.37890625 0.0 0.37890625 0.01953125 0.06484375 10
110 0.1 0.390625 0.0 0.390625 0.01953125 0.09339488636363637 11
120 0.1 0.640625 0.0 0.640625 0.01953125 0.1181640625 12
130 0.1 0.76953125 0.0 0.76953125 0.01953125 0.1583533653846154 13
140 0.1 0.80859375 0.0 0.80859375 0.01953125 0.20200892857142858 14
150 0.1 0.8984375 0.0 0.8984375 0.01953125 0.24244791666666668 15
160 0.1 0.76171875 0.0 0.8984375 0.01953125 0.283447265625 16
170 0.1 0.640625 0.0 0.8984375 0.01953125 0.3115808823529412 17
180 0.1 0.55078125 0.0 0.8984375 0.01953125 0.3298611111111111 18
190 0.1 0.4609375 0.0 0.8984375 0.01953125 0.34148848684210525 19
200 0.1 0.55078125 0.0 0.8984375 0.01953125 0.3474609375 20
210 0.1 0.69140625 0.0 0.8984375 0.01953125 0.35714285714285715 21
220 0.1 0.58984375 0.0 0.8984375 0.01953125 0.3723366477272727 22
230 0.1 0.5703125 0.0 0.8984375 0.01953125 0.38179347826086957 23
240 0.1 0.48046875 0.0 0.8984375 0.01953125 0.3896484375 24
250 0.1 0.41015625 0.0 0.8984375 0.01953125 0.39328125 25
260 0.1 0.33984375 0.0 0.8984375 0.01953125 0.39393028846153844 26
270 0.1 0.2890625 0.0 0.8984375 0.01953125 0.3919270833333333 27
280 0.1 0.25 0.0 0.8984375 0.01953125 0.3882533482142857 28
290 0.1 0.2109375 0.0 0.8984375 0.01953125 0.38348599137931033 29
300 0.1 0.171875 0.0 0.8984375 0.01953125 0.377734375 30
310 0.1 0.1484375 0.0 0.8984375 0.01953125 0.37109375 31
320 0.1 0.12109375 0.0 0.8984375 0.01953125 0.3641357421875 32
330 0.1 0.25 0.0 0.8984375 0.01953125 0.3567708333333333 33
340 0.1 0.2109375 0.0 0.8984375 0.01953125 0.35363051470588236 34
350 0.1 0.48828125 0.0 0.8984375 0.01953125 0.3495535714285714 35
360 0.1 0.5703125 0.0 0.8984375 0.01953125 0.3534071180555556 36
370 0.1 0.62890625 0.0 0.8984375 0.01953125 0.35926942567567566 37
380 0.1 0.76171875 0.0 0.8984375 0.01953125 0.36636513157894735 38
390 0.1 0.73046875 0.0 0.8984375 0.01953125 0.37650240384615385 39
400 0.1 0.76953125 0.0 0.8984375 0.01953125 0.3853515625 40
410 0.1 0.73046875 0.0 0.8984375 0.01953125 0.3947217987804878 41
420 0.1 0.78125 0.0 0.8984375 0.01953125 0.40271577380952384 42
430 0.1 0.73828125 0.0 0.8984375 0.01953125 0.41151889534883723 43
440 0.1 0.62109375 0.0 0.8984375 0.01953125 0.4189453125 44
450 0.1 0.83984375 0.0 0.8984375 0.01953125 0.4234375 45
460 0.1 0.9296875 0.0 0.9296875 0.01953125 0.4324898097826087 46
470 0.1 0.9296875 0.0 0.9296875 0.01953125 0.44306848404255317 47
480 0.1 0.7890625 0.0 0.9296875 0.01953125 0.4532063802083333 48
490 0.1 0.75 0.0 0.9296875 0.01953125 0.46006058673469385 49
500 0.1 0.7109375 0.0 0.9296875 0.01953125 0.465859375 50
510 0.1 0.6015625 0.0 0.9296875 0.01953125 0.47066482843137253 51
520 0.1 0.578125 0.0 0.9296875 0.01953125 0.47318209134615385 52
530 0.1 0.48828125 0.0 0.9296875 0.01953125 0.4751621462264151 53
540 0.1 0.55859375 0.0 0.9296875 0.01953125 0.4754050925925926 54
550 0.1 0.55078125 0.0 0.9296875 0.01953125 0.47691761363636365 55
560 0.1 0.4609375 0.0 0.9296875 0.01953125 0.47823660714285715 56
570 0.1 0.390625 0.0 0.9296875 0.01953125 0.4779331140350877 57
580 0.1 0.328125 0.0 0.9296875 0.01953125 0.47642780172413796 58
590 0.1 0.28125 0.0 0.9296875 0.01953125 0.4739141949152542 59
600 0.1 0.3984375 0.0 0.9296875 0.01953125 0.470703125 60
610 0.1 0.48828125 0.0 0.9296875 0.01953125 0.46951844262295084 61
620 0.1 0.5703125 0.0 0.9296875 0.01953125 0.4698210685483871 62
630 0.1 0.62890625 0.0 0.9296875 0.01953125 0.47141617063492064 63
640 0.1 1.0703125 0.0 1.0703125 0.01953125 0.473876953125 64
650 0.1 0.98828125 0.0 1.0703125 0.01953125 0.4830528846153846 65
660 0.1 1.140625 0.0 1.140625 0.01953125 0.49070785984848486 66
670 0.1 0.96875 0.0 1.140625 0.01953125 0.5004081156716418 67
680 0.1 1.05078125 0.0 1.140625 0.01953125 0.5072954963235294 68
690 0.1 0.9609375 0.0 1.140625 0.01953125 0.5151721014492754 69
700 0.1 0.8203125 0.0 1.140625 0.01953125 0.5215401785714285 70
710 0.1 0.69140625 0.0 1.140625 0.01953125 0.5257482394366197 71
720 0.1 0.80859375 0.0 1.140625 0.01953125 0.5280490451388888 72
730 0.1 0.9296875 0.0 1.140625 0.01953125 0.5318921232876712 73
740 0.1 0.9296875 0.0 1.140625 0.01953125 0.5372677364864865 74
750 0.1 0.87109375 0.0 1.140625 0.01953125 0.5425 75
760 0.1 0.9609375 0.0 1.140625 0.01953125 0.5468236019736842 76
770 0.1 0.890625 0.0 1.140625 0.01953125 0.5522017045454546 77
780 0.1 0.91015625 0.0 1.140625 0.01953125 0.5565404647435898 78
790 0.1 0.8515625 0.0 1.140625 0.01953125 0.5610166139240507 79
800 0.1 1.25 0.0 1.25 0.01953125 0.5646484375 80
810 0.1 1.2109375 0.0 1.25 0.01953125 0.5731095679012346 81
820 0.1 1.328125 0.0 1.328125 0.01953125 0.5808879573170732 82
830 0.1 1.3515625 0.0 1.3515625 0.01953125 0.5898908132530121 83
840 0.1 1.2109375 0.0 1.3515625 0.01953125 0.5989583333333334 84
850 0.1 1.171875 0.0 1.3515625 0.01953125 0.6061580882352942 85
860 0.1 0.98828125 0.0 1.3515625 0.01953125 0.6127361918604651 86
870 0.1 0.83984375 0.0 1.3515625 0.01953125 0.6170528017241379 87
880 0.1 0.7109375 0.0 1.3515625 0.01953125 0.6195845170454546 88
890 0.1 0.6015625 0.0 1.3515625 0.01953125 0.6206109550561798 89
900 0.1 0.58984375 0.0 1.3515625 0.01953125 0.6203993055555556 90
910 0.1 0.66015625 0.0 1.3515625 0.01953125 0.6200635302197802 91
920 0.1 0.7890625 0.0 1.3515625 0.01953125 0.620499320652174 92
930 0.1 0.96875 0.0 1.3515625 0.01953125 0.6223118279569892 93
940 0.1 0.96875 0.0 1.3515625 0.01953125 0.6259973404255319 94
950 0.1 0.96875 0.0 1.3515625 0.01953125 0.6296052631578948 95
960 0.1 0.96875 0.0 1.3515625 0.01953125 0.6331380208333334 96
970 0.1 1.19921875 0.0 1.3515625 0.01953125 0.6365979381443299 97
980 0.1 1.25 0.0 1.3515625 0.01953125 0.6423389668367346 98
990 0.1 1.51171875 0.0 1.51171875 0.01953125 0.6484769570707071 99
1000 0.1 1.66015625 0.0 1.66015625 0.01953125 0.657109375 100
1010 0.1 1.3984375 0.0 1.66015625 0.01953125 0.6670405321782178 101
1020 0.1 1.33984375 0.0 1.66015625 0.01953125 0.6742110906862745 102
1030 0.1 1.4296875 0.0 1.66015625 0.01953125 0.6806735436893204 103
1040 0.1 1.4296875 0.0 1.66015625 0.01953125 0.6878756009615384 104
1050 0.1 1.6015625 0.0 1.66015625 0.01953125 0.6949404761904762 105
1060 0.1 1.66015625 0.0 1.66015625 0.01953125 0.7034935141509434 106
1070 0.1 1.55078125 0.0 1.66015625 0.01953125 0.7124342873831776 107
1080 0.1 1.7109375 0.0 1.7109375 0.01953125 0.7201967592592593 108
1090 0.1 1.53125 0.0 1.7109375 0.01953125 0.729286123853211 109
1100 0.1 1.44921875 0.0 1.7109375 0.01953125 0.7365767045454545 110
1110 0.1 1.46875 0.0 1.7109375 0.01953125 0.7429969031531531 111
1120 0.1 1.62109375 0.0 1.7109375 0.01953125 0.7494768415178571 112
1130 0.1 1.51953125 0.0 1.7109375 0.01953125 0.7571902654867256 113
1140 0.1 1.578125 0.0 1.7109375 0.01953125 0.7638774671052632 114
1150 0.1 1.578125 0.0 1.7109375 0.01953125 0.7709578804347826 115
1160 0.1 1.80078125 0.0 1.80078125 0.01953125 0.7779162176724138 116
1170 0.1 1.83984375 0.0 1.83984375 0.01953125 0.7866586538461539 117
1180 0.1 2.171875 0.0 2.171875 0.01953125 0.7955839512711864 118
1190 0.1 2.078125 0.0 2.171875 0.01953125 0.8071494222689075 119
1200 0.1 2.21875 0.0 2.21875 0.01953125 0.8177408854166667 120
1210 0.1 2.421875 0.0 2.421875 0.01953125 0.8293194731404959 121
1220 0.1 2.671875 0.0 2.671875 0.01953125 0.8423732069672131 122
1230 0.1 2.55859375 0.0 2.671875 0.01953125 0.8572472052845529 123
1240 0.1 2.46875 0.0 2.671875 0.01953125 0.8709677419354839 124
1250 0.1 2.48046875 0.0 2.671875 0.01953125 0.88375 125
1260 0.1 2.25 0.0 2.671875 0.01953125 0.896422371031746 126
1270 0.1 1.8984375 0.0 2.671875 0.01953125 0.9070804625984252 127
1280 0.1 1.609375 0.0 2.671875 0.01953125 0.914825439453125 128
1290 0.1 1.359375 0.0 2.671875 0.01953125 0.9202095445736435 129
1300 0.1 1.1484375 0.0 2.671875 0.01953125 0.9235877403846153 130
1310 0.1 1.359375 0.0 2.671875 0.01953125 0.9253041507633588 131
1320 0.1 1.30859375 0.0 2.671875 0.01953125 0.9285925662878788 132
1330 0.1 1.26171875 0.0 2.671875 0.01953125 0.9314497180451128 133
1340 0.1 1.0703125 0.0 2.671875 0.01953125 0.9339144123134329 134
1350 0.1 1.2890625 0.0 2.671875 0.01953125 0.9349247685185185 135
1360 0.1 1.55859375 0.0 2.671875 0.01953125 0.9375287224264706 136
1370 0.1 1.5390625 0.0 2.671875 0.01953125 0.9420620437956204 137
1380 0.1 1.76953125 0.0 2.671875 0.01953125 0.9463881340579711 138
1390 0.1 1.5 0.0 2.671875 0.01953125 0.9523100269784173 139
1400 0.1 1.33984375 0.0 2.671875 0.01953125 0.9562220982142857 140
1410 0.1 1.671875 0.0 2.671875 0.01953125 0.9589428191489362 141
1420 0.1 1.62890625 0.0 2.671875 0.01953125 0.9639634683098591 142
1430 0.1 2.21875 0.0 2.671875 0.01953125 0.9686134178321678 143
1440 0.1 2.359375 0.0 2.671875 0.01953125 0.977294921875 144
1450 0.1 2.609375 0.0 2.671875 0.01953125 0.9868265086206897 145
1460 0.1 2.8984375 0.0 2.8984375 0.01953125 0.9979398544520548 146
1470 0.1 3.1484375 0.0 3.1484375 0.01953125 1.0108684098639455 147
1480 0.1 3.58984375 0.0 3.58984375 0.01953125 1.0253114442567568 148
1490 0.1 3.87890625 0.0 3.87890625 0.01953125 1.0425230704697988 149
1500 0.1 4.19921875 0.0 4.19921875 0.01953125 1.0614322916666667 150
1510 0.1 4.3203125 0.0 4.3203125 0.01953125 1.0822123344370862 151
1520 0.1 4.12109375 0.0 4.3203125 0.01953125 1.1035156250000002 152
1530 0.1 3.80859375 0.0 4.3203125 0.01953125 1.1232383578431375 153
1540 0.1 3.75 0.0 4.3203125 0.01953125 1.1406757305194808 154
1550 0.1 3.71875 0.0 4.3203125 0.01953125 1.1575100806451615 155
1560 0.1 3.609375 0.0 4.3203125 0.01953125 1.1739282852564104 156
1570 0.1 3.6015625 0.0 4.3203125 0.01953125 1.189440684713376 157
1580 0.1 3.359375 0.0 4.3203125 0.01953125 1.2047072784810129 158
1590 0.1 3.140625 0.0 4.3203125 0.01953125 1.2182586477987423 159
1600 0.1 2.9609375 0.0 4.3203125 0.01953125 1.2302734375000002 160
1610 0.1 2.80859375 0.0 4.3203125 0.01953125 1.2410229037267082 161
1620 0.1 2.609375 0.0 4.3203125 0.01953125 1.2506992669753088 162
1630 0.1 2.51953125 0.0 4.3203125 0.01953125 1.2590347009202456 163
1640 0.1 2.4296875 0.0 4.3203125 0.01953125 1.266720655487805 164
1650 0.1 2.19921875 0.0 4.3203125 0.01953125 1.2737689393939395 165
1660 0.1 1.859375 0.0 4.3203125 0.01953125 1.2793439382530123 166
1670 0.1 1.578125 0.0 4.3203125 0.01953125 1.2828171781437128 167
1676 0.1 1.328125 0.0 4.3203125 0.01953125 1.2845749627976193 168
