0 20.3 182.19036453201971 143.93373671431905 539.866 31.388 0 0
10 64.1 115.60398439937595 125.05225714172461 540.762 10.678 182.19036453201971 203
20 103 110.75063592233008 125.15600466907959 571.483 7.565 131.61942890995257 844
30 129.7 106.81614494988445 131.69564559306738 644.251 7.234 120.14938794023476 1874
40 158.8 98.66497040302276 126.46371576451094 644.251 7.065 114.69583506780198 3171
50 178.6 95.80366741321377 123.58691871124095 644.251 6.587 109.34659928556425 4759
60 194.7 95.67548587570633 126.98551124374303 783.163 6.587 105.65100320855616 6545
70 198.7 93.84538550578779 131.10645398086518 865.163 6.587 103.3638703485634 8492
80 199.5 93.61367368421071 129.09800127933843 865.163 6.469 101.55900066800272 10479
90 206.4 95.38462063953497 132.72444167967043 865.163 6.287 100.28828338945013 12474
100 203.4 95.23437512291052 133.43502106100192 865.163 6.287 99.59209684963551 14538
110 196.5 102.8280315521629 144.7361540853876 865.163 6.287 99.05724251749946 16572
120 195.2 101.12627305327854 146.18398023315726 914.944 6.287 99.45696202190221 18537
130 199.1 105.35804972375709 157.7751501356869 966.566 6.287 99.61599834057303 20489
140 191.4 102.0779294670847 147.55231851294366 966.566 6.287 100.12455814056945 22480
150 200.9 93.49425236436039 137.40201655817646 966.566 6.248 100.27782339919658 24394
160 199.1 97.63815770969362 140.01353437601426 966.566 6.248 99.76166257622246 26403
170 215.2 108.11629739776957 155.3184805731168 966.566 6.248 99.61276146368957 28394
180 199.4 102.91313841524568 150.9286620508553 966.566 6.248 100.21184511883722 30546
190 194.9 100.6944207285788 149.2217666977635 966.566 6.248 100.37737612169641 32540
200 174.5 90.34646189111758 137.89435405664779 966.566 6.248 100.39529255704721 34489
210 126.8 86.35748659306 134.56161867472986 992.567 6.248 99.9113490368163 36234
220 88.7 80.99342390078924 116.99748292326414 992.567 6.248 99.45307220948222 37502
230 58.9 76.73458404074702 105.54198790876352 992.567 6.248 99.02655138190632 38389
240 33.1 75.01915709969792 88.62755351025993 992.567 6.248 98.6896954948946 38978
250 16 75.7431125 87.20657006362732 992.567 6.248 98.49037859014479 39309
260 7.6 71.31913157894735 81.69194637805688 992.567 6.248 98.39816539562698 39469
270 2.1 86.40614285714285 86.04982035413897 992.567 6.248 98.34612325199143 39545
280 12.4 117.69693548387094 124.13708552506431 992.567 6.248 98.33978600313404 39566
290 100.1 145.72620479520467 158.10926663025367 992.567 6.248 98.40026185437141 39690
300 177.2 139.13601580135406 187.589969290289 992.567 6.248 99.56448167899538 40691
310 224.2 120.96389562890275 176.38861344986805 992.567 6.248 101.21581951345878 42463
320 288.8 108.11716343490303 158.01404688370172 992.567 6.248 102.2062050777318 44705
330 351.2 108.72874202733486 159.61681189858075 1152.763 6.248 102.56488908032694 47593
340 377.6 107.4311358580507 158.10050229446784 1152.763 6.248 102.98847682222875 51105
350 396.5 105.08372862547297 155.66813578596611 1152.763 6.248 103.29414691787686 54881
360 432.6 115.09421497919563 165.65190811746209 1152.763 6.248 103.41472761105257 58846
370 419.4 112.20024511206485 162.58081742662532 1293.675 6.167 104.21453547457735 63172
380 412 114.40798179611633 163.98025802141498 1293.675 6.167 104.7117011994181 67366
390 399.2 104.98416157314625 156.21560128693466 1293.675 5.99 105.270533363176 71486
400 386.8 111.45907290589481 160.44832678946563 1293.675 5.99 105.25538727841224 75478
410 388.7 107.12221276048342 151.42777116911523 1293.675 5.99 105.55780776598695 79346
420 392.6 108.72548089658662 156.05089008530413 1293.675 5.99 105.63086583446469 83233
430 390 108.13812820512807 156.1417546471156 1293.675 5.99 105.77026003051893 87159
440 389 109.88571696658109 158.52988729431712 1293.675 5.99 105.87167434300835 91059
450 388.2 114.90919397217951 162.8550112494597 1293.675 5.886 106.03612711034344 94949
460 404.6 105.06271601581808 152.26693759724358 1293.675 5.886 106.38465384342969 98831
470 409.5 114.33319853479819 164.72163235275465 1293.675 5.886 106.33266398709138 102877
480 378.4 109.62791966173344 163.42149141868646 1293.675 5.886 106.63893281419435 106972
490 298.4 95.56184282841859 148.5266473730638 1293.675 5.886 106.74105212358695 110756
500 233.7 78.72828112965364 113.74479398411886 1293.675 5.886 106.44776251098996 113740
510 175.6 77.3884037585421 101.08427499494863 1293.675 5.886 105.88968099623524 116077
520 95.9 77.5688154327425 96.50779045489682 1293.675 5.886 105.46494223180262 117833
530 61.8 74.15810194174745 88.00619525635297 1293.675 5.886 105.23973863559836 118792
540 22.3 77.39826457399099 86.42356042552903 1293.675 5.886 105.07887730508332 119410
550 7 74.91005714285717 75.57953764665704 1293.675 5.886 105.02727969707354 119633
560 3.3 84.68351515151512 87.8203846013128 1293.675 5.886 105.00966772762587 119703
570 0.8 94.63575 85.93714298653116 1293.675 5.886 105.00406571123136 119736
580 87.4 147.8215606407322 149.80358581097977 1293.675 5.886 105.0033730124265 119744
590 257.9 159.51014346645962 200.06728119763264 1356.006 5.886 105.31363430002153 120618
600 374.8 200.61562459978725 305.8077828733758 2331.036 5.886 106.44818138428694 123197
610 468.9 256.5805438259761 422.39863653786995 3186.592 5.886 109.22843722084369 126945
620 537.6 421.66886681547624 764.4230679790546 6611.354 5.886 114.47733969187294 131634
630 604.3 542.6785098461046 1102.0724473444955 10448.526 5.886 126.53092446536752 137010
640 652.2 708.0751619135215 1573.840514646261 14645.586 5.886 144.11028217513797 143053
650 659.6 860.5252844147985 1978.3092068629041 17790.916 5.886 168.7011492695972 149575
660 675.3 1059.589910262104 2479.2298613669923 21226.942 5.886 197.92086352779975 156171
670 698.6 1148.8954533352419 2784.8362437570736 21419.793 5.886 233.63598881687167 162924
680 703.8 1256.3696226200636 2922.781410016174 23276.878 5.886 271.2676915955506 169910
690 668.4 1503.8997479054442 3361.0244332184175 26356.692 5.886 310.4495268836043 176948
700 703.1 1622.4925990613035 3528.24626251355 29526.684 5.886 353.88978390476603 183632
710 660.1 1760.740959551583 3748.237223981511 29526.684 5.886 400.6715212810038 190663
720 670.8 2085.7575153547873 4149.469915575249 32437.807 5.886 446.18321303430946 197264
730 670.6 2248.6439622725943 4490.09819170831 35788.636 5.886 500.10367476418304 203972
740 624.7 2376.5684379702207 4687.505811684214 35788.636 5.886 555.7607019242633 210678
750 661.1 2483.6390052942284 4634.601846130159 35788.636 5.886 608.196271485536 216925
760 661.3 2575.976943142286 4727.416227367574 38634.578 5.886 663.6618426383225 223536
770 652.2 2773.377751763272 4881.311697171105 38634.578 5.886 718.6094624830001 230149
780 668 3100.2508173652727 5320.930543610273 38936.745 5.886 775.2332092989849 236671
790 645.1 2516.7891985738515 5154.75858435783 40959.293 5.886 839.0550864307114 243351
800 638.1 2575.3635798464184 5461.952887329988 40959.293 5.886 882.3816521004635 249802
810 679.1 1961.3986290678863 4990.198355322975 40959.293 5.886 924.5504052220482 256183
820 600.5 1242.9851675270666 3381.1452392510973 40959.293 5.886 951.3258137724641 262974
830 405 87.95153358024685 129.52338369291348 40959.293 5.886 957.8371563653668 268979
840 202.1 75.69506234537353 96.04691090961558 40959.293 5.886 944.9336304678258 273029
850 73.5 81.94661088435362 89.4464237611742 40959.293 5.886 938.5466784730048 275050
860 17.7 78.13414124293789 81.09239242608909 40959.293 5.886 936.2637368711133 275785
870 6.8 80.87375 82.52147325008183 40959.293 5.886 935.7133388510011 275962
880 1 86.20899999999997 79.0608667888229 40959.293 5.886 935.5027490888671 276030
890 183.8 163.74956800870484 168.74397114085852 40959.293 5.886 935.4719820352122 276040
900 440.8 378.4808584392002 595.8097668759098 40959.293 5.886 930.3674908664954 277878
910 537.2 807.7851545048376 1462.6919728241453 40959.293 5.886 921.749577559638 282286
920 556.7 1688.1161002335177 2797.408394227159 40959.293 5.886 919.6212971688602 287658
930 600.8 2597.241404627161 3914.367977342534 40959.293 5.886 934.2114943507545 293225
940 626.1 3392.097571633936 4717.079714551874 40959.293 5.886 967.6018079222545 299233
950 662.8 4334.946643331309 5476.34502543384 40959.293 5.886 1017.2910586983706 305494
960 701.9 4702.626822624309 5543.972785615424 42716.422 5.886 1087.7424245583456 312122
970 709.2 5713.718019317555 6222.078422378085 49017.531 5.886 1167.246072131127 319141
980 725.9 6442.632986223995 6553.852257684962 49017.531 5.886 1266.0821158466497 326233
990 754.9 6774.574459928453 6995.929135978646 49301.479 5.886 1378.7582303203676 333492
1000 785.7 7087.401854524646 6903.249512506172 50831.252 5.886 1498.195531751314 341041
1010 805.2 7797.473918777941 7107.672854368656 54754.875 5.886 1624.0615271941945 348898
1020 830.1 8263.877037224425 7458.952760572397 58008.67 5.886 1763.3200131923238 356950
1030 858.3 8446.716968775454 7414.893654585807 59507.612 5.886 1911.057114135211 365251
1040 879.1 8994.789302354706 8011.43975915005 59904.273 5.886 2061.1118671335394 373834
1050 904.4 9327.24848352497 8000.352646513968 62943.489 5.886 2220.4165605880426 382625
1060 913.6 9507.71292097198 7649.033257883554 62943.489 5.886 2384.5198925112777 391669
1070 924.4 10124.979379813887 8244.43686874171 66707.528 5.886 2546.8868577637495 400805
1080 969.5 10023.77676193914 7608.797404042449 67637.725 5.886 2717.724702201442 410049
1090 1022.6 10486.460972129833 8549.479103562018 67637.725 5.886 2886.475594934053 419744
1100 997.6 10137.61376463521 8152.968073471385 68624.179 5.886 3067.2264623601623 429970
1110 1013.2 9900.91239636798 8265.048497006743 68624.179 5.886 3227.551101582921 439946
1120 995.3 9608.819147593691 8327.11914749683 69607.234 5.886 3377.779498969068 450078
1130 955.9 9761.262894026604 8712.712559810341 70216.836 5.886 3512.5911477987356 460031
1140 975.2 9558.031843724424 8557.93699478181 70924.304 5.886 3639.789455305693 469590
1150 997 9057.08490692078 8715.521892508377 70924.304 5.886 3760.1934669964267 479342
1160 1054.3 8363.81509541878 8792.949924124885 70924.304 5.886 3868.120531233653 489312
1170 987.1 7630.912662242923 8233.771225594677 70924.304 5.886 3962.944245691253 499855
1180 903 7359.368072868227 7017.835397449303 70924.304 5.886 4033.9755767196516 509726
1190 879.5 7615.863726208067 7514.281074344796 70924.304 5.886 4091.8607756189836 518756
1200 905.1 6883.373984532096 7526.378999546147 70924.304 5.886 4150.610746617865 527551
1210 1010.7 5741.447154744226 7747.784515423662 70924.304 5.886 4196.704946912239 536602
1220 1191.5 3892.5754933277267 6803.597981880281 70924.304 5.886 4225.2625698790425 546709
1230 1740.6 1963.5616478225859 5655.241564377135 70924.304 5.886 4218.166622484893 558624
1240 1093.6 108.4291128383317 704.0816382610965 70924.304 5.886 4150.038826729512 576030
1250 391.2 80.6025447341513 83.52009754756247 70924.304 5.886 4074.737968023703 586966
1260 89.9 84.32843937708552 80.79228182285725 70924.304 5.886 4048.2941712062407 590878
1270 12.2 88.42084426229512 82.51034007472175 70924.304 5.886 4042.2722994658484 591777
1280 2 86.55720000000001 77.73035257709822 70924.304 5.886 4041.4573464459327 591899
1290 82.2 131.33659732360115 132.42199309569085 70924.304 5.886 4041.3237166706954 591919
1300 497.4 451.6133624849207 500.8531547853678 70924.304 5.886 4035.901433730755 592741
1310 563.7 1393.1060910058566 1573.4018343296495 70924.304 5.886 4006.0740931648047 597715
1320 557.7 3296.4408273265294 3193.0569265287954 70924.304 5.886 3981.6616430060744 603352
1330 630.1 5537.0370077765265 4886.376829262212 70924.304 5.886 3975.38590890728 608929
1340 703.1 6888.96532257145 5719.618127178366 70924.304 5.886 3991.3798681972607 615230
1350 740.8 8074.209122030247 6369.689208434916 70924.304 5.886 4024.1200259923103 622261
1360 808.4 9070.013249134106 6537.874619887193 70924.304 5.886 4071.76896539293 629669
1370 845.6 10103.772807947022 7258.583682928425 70924.304 5.886 4135.1254792623495 637753
1380 1113.3 9538.350083715013 7713.78287821122 70924.304 0.688 4213.228510652128 646209
1390 1787.8 7013.032758977484 7808.372136219161 70924.304 0.679 4303.4168425598855 657342
1400 2351.6 5212.814114645409 7137.319211001479 70924.304 0.657 4375.160146007227 675220
1410 2823.8 4348.426920886799 6605.58508134766 70924.304 0.651 4403.351438178369 698736
1420 3126.1 3898.401852275991 6290.468965412992 70924.304 0.645 4401.217993902123 726974
1430 3239.7 3703.7092628947103 5743.399619095615 70924.304 0.644 4380.487566787344 758235
1440 3317.6 3549.6887679647616 5368.254633522646 71408.701 0.632 4352.755844935446 790632
1450 3321.7 3469.6103018936014 5034.9167420372005 71408.701 0.632 4320.415113423273 823808
1460 3340.1 3485.194580401788 5016.7076807804015 71408.701 0.632 4287.43919857297 857025
1470 3392.1 3490.2238597034097 5012.69146918557 71408.701 0.632 4257.345993195392 890426
1480 3410.4 3424.7894581574055 4827.415559660113 71408.701 0.63 4229.194714627732 924347
1490 3102.6 3593.749831818439 4786.725972969541 71408.701 0.63 4200.572034003825 958451
1500 2603.3 4303.172522567498 4869.610602503931 71408.701 0.63 4181.544542061109 989477
1510 1965.2 5622.945250101763 5184.67570827013 71408.701 0.63 4184.662523387263 1015510
1520 1549 7019.572060619751 5405.291543641472 71408.701 0.63 4211.967555976745 1035162
1530 1315.3 8226.961893180309 5507.57558196997 71408.701 0.63 4253.360704019027 1050652
1540 1256.8 8404.714605585545 5972.470882738868 71408.701 0.63 4302.490738603409 1063805
1550 1222.1 8330.790777350398 6590.435715708613 71408.701 0.63 4350.389329110818 1076373
1560 1169.1 7911.60433769568 6911.274286725598 71408.701 0.63 4395.074938345239 1088594
1570 1149.9 7584.758957300617 7409.33307619489 71408.701 0.63 4432.439571333789 1100285
1580 1104.8 6849.459954742984 7203.6396090716 71408.701 0.63 4465.0434949549535 1111784
1590 1118.9 5895.67869201897 6918.329755504652 71408.701 0.63 4488.504736750466 1122832
1600 1162.7 4874.940944955679 6701.03250971857 71408.701 0.63 4502.388844174842 1134021
1610 1405.7 3283.0010210571218 5919.783043487511 71408.701 0.63 4506.1698164069585 1145648
1620 1746.3 1530.417576647767 4800.056807526324 71408.701 0.63 4491.343559939811 1159705
1630 1020.6 81.59373535175433 93.4690800620321 71408.701 0.63 4447.418945571913 1177168
1640 344.5 81.75686066763414 82.81170065511921 71408.701 0.63 4409.892764187188 1187374
1650 72 86.11073194444434 81.35040383063452 71408.701 0.63 4397.371610101114 1190819
1660 12.8 82.7407343749999 76.13012983531517 71408.701 0.63 4394.766485273247 1191539
1670 1.5 88.69473333333333 77.21715804963442 71408.701 0.63 4394.30331955991 1191667
1676 0.6 83.25150000000001 72.28895934776854 71408.701 0.63 4394.249123785538 1191682
