0 46.4 80.36648275862069 78.43360309618934 295.214 4.545 0 0
10 138 53.61694999999991 70.83252886712933 318.886 3.247 80.36648275862069 464
20 233.9 48.90776913210787 69.20875384008909 394.237 2.979 60.34785195227759 1844
30 287.2 48.2077764623956 70.00858437208188 494.853 2.919 53.95092302175477 4183
40 347.2 45.226503456221245 69.77788620226723 494.853 2.814 51.61296172927007 7055
50 369.3 45.96300054156493 71.64613096943359 494.853 2.637 49.506589246699015 10527
60 403.8 46.100735017335396 73.38883193060644 494.853 2.637 48.58630281293951 14220
70 410.7 45.69888434380335 75.0187742468113 568.739 2.637 48.03658637309673 18258
80 411.9 44.98611264870134 74.5028497260095 568.739 2.637 47.60730212385426 22365
90 415.1 47.58745868465444 77.97328016362387 568.739 2.637 47.19963411871324 26484
100 420.1 46.24468721732928 77.76125421544158 568.739 2.637 47.25218380936844 30635
110 405 49.64889234567893 84.06011009787531 568.739 2.637 47.13068612929161 34836
120 407.7 48.51589036055936 84.77921424011286 629.968 2.637 47.39295880265397 38886
130 412.6 50.776183713039146 90.46991954833963 708.001 2.637 47.4995200754138 42963
140 394.2 49.31528361237948 86.01089142935083 708.001 2.637 47.78662564505517 47089
150 405.5 46.42011122071523 81.27745473266367 708.001 2.637 47.904710136975616 51031
160 414.1 46.90918208162285 82.00453442719652 708.001 2.637 47.79542558907895 55086
170 455.8 50.83461211057472 88.93731494465763 708.001 2.637 47.73346171509621 59227
180 417.3 49.32702156721779 85.8747545664253 708.001 2.637 47.955066222466144 63785
190 404.5 48.544278862793554 86.39100375870127 708.001 2.637 48.039311927955545 67958
200 355.6 44.16625000000003 79.96978334949962 708.001 2.637 48.067680068886055 72003
210 249.7 43.49713536243493 78.26590673949292 708.001 2.637 47.884068780687976 75559
220 167.1 42.91976600837827 74.47230118715959 708.001 2.637 47.74373142359335 78056
230 108.1 41.50713598519899 71.6626222306329 708.001 2.637 47.642625823121435 79727
240 62.9 39.39905564387926 67.71420468702227 708.001 2.637 47.56054899267403 80808
250 31.6 38.30492088607596 67.22573945601714 708.001 2.637 47.49751156108407 81437
260 15.5 34.917858064516125 62.84217166556524 708.001 2.637 47.46197942583151 81753
270 4.2 43.15764285714286 72.56270439578167 708.001 2.637 47.438241343946906 81908
280 29.3 50.834255972696255 78.77171952553509 708.001 2.637 47.436047504576 81950
290 238.5 61.659040670859554 96.07822195006294 708.001 2.637 47.448154007027995 82243
300 412.6 59.59570746485706 102.26046319449075 708.001 2.637 47.848647516188535 84628
310 501.7 54.06097966912516 95.9499762164775 708.001 2.637 48.394745374856385 88754
320 609.2 51.39952806959968 88.94595135875461 708.001 2.637 48.697904106813446 93771
330 729.1 52.44608448772469 90.57907113310549 708.001 2.637 48.86271282657246 99863
340 779 51.97162464698331 90.62345640937751 753.751 2.595 49.10653352184712 107154
350 821.1 50.85744208987951 89.92790273632284 753.751 2.526 49.30070685725229 114944
360 910.9 54.558992315292464 95.42972744635652 769.432 2.526 49.40449763306408 123155
370 865.9 54.25789479154623 93.51391238094958 984.238 2.51 49.75948683693224 132264
380 863.8 54.46932750636713 94.21806503711056 984.238 2.51 50.03589107526808 140923
390 818.8 51.10254995114796 89.18389367830083 984.238 2.51 50.29194729240914 149561
400 812.1 53.15333185568295 91.6870083339455 984.238 2.51 50.334021819472724 157749
410 802.8 51.761994643746704 88.02607675511803 984.238 2.51 50.472055320431686 165870
420 806.2 53.20836070453972 90.76731911119617 984.238 2.51 50.531605360613696 173898
430 805.1 52.17078425040385 89.21984485722362 984.238 2.51 50.65020286326666 181960
440 812.9 52.561875384426315 90.47645550240311 984.238 2.51 50.714631768687084 190011
450 807.4 55.0838923705722 93.23455752195119 984.238 2.51 50.79041779549815 198140
460 826.8 51.52921552975329 87.61962766648334 984.238 2.51 50.9585223554172 206214
470 857 54.79511178529759 93.81167674921423 984.238 2.51 50.98052182933767 214482
480 780.6 52.767217653087535 92.7139804273 984.238 2.51 51.12708422699641 223052
490 594 47.703144949494806 84.56644992797419 984.238 2.51 51.18254204749241 230858
500 446.6 41.00171540528456 70.69713267642152 984.238 2.51 51.095262514886116 236798
510 323.7 41.934740500463356 68.984876031754 984.238 2.51 50.908422450096175 241264
520 180.2 41.07406659267471 69.78211238923551 984.238 2.51 50.78961799338245 244501
530 118.6 38.59291062394592 67.23373358289898 984.238 2.51 50.718537155454875 246303
540 43.4 39.72040552995388 68.83666621423446 984.238 2.51 50.66042955040427 247489
550 15.1 34.670165562913915 61.276091359602376 984.238 2.51 50.64127856229556 247923
560 7 39.872428571428586 67.7262061605553 984.238 2.51 50.63155711602184 248074
570 1.7 44.48464705882353 73.25217112457261 984.238 2.51 50.62852202753241 248144
580 208.5 62.302913189448375 92.46574370657092 984.238 2.51 50.62810114804503 248161
590 607.7 68.67386539410865 114.305927424496 1249.81 2.51 50.72537336460923 250246
600 864.7 87.57136290042781 175.80470667361848 2009.98 2.51 51.15090281792894 256323
610 1040.3 117.03341507257502 252.04722069032263 2839.713 2.51 52.339443854021205 264970
620 1158.5 199.912407078117 485.83873533294036 6128.149 2.51 54.78344302092071 275373
630 1283 260.975693998443 716.5535869551669 10011.012 2.51 60.64255497668642 286958
640 1354.3 347.45668684929376 1054.2627153941728 14121.259 2.51 69.21619426061086 299788
650 1373.1 421.03086344767286 1332.3572176675368 17267.399 2.51 81.24248910896142 313331
660 1388.1 522.6222089186676 1673.5592831894712 20391.583 2.51 95.50777877283203 327062
670 1444.6 561.5149744565982 1876.0126755430906 20471.792 2.51 112.8971236335693 340943
680 1455.1 617.3130114768779 1965.1222862057468 21536.772 2.51 131.1327287676322 355389
690 1391.9 732.9946110352724 2255.5207205435436 24648.05 2.51 150.25585493323263 369940
700 1469.6 793.3976354790439 2373.2816512547024 26464.615 2.51 171.38637615634917 383859
710 1371.2 870.8971031942821 2494.5833465159535 26464.615 2.51 194.3219244922283 398555
720 1390 1019.9356389208579 2761.63448395099 28195.998 2.51 216.82481424659275 412267
730 1406.9 1090.8352821096016 2957.436121772162 30990.097 2.51 243.01933532159921 426167
740 1321.6 1128.762451800859 3024.9365003695534 30990.097 2.51 270.11371777864593 440236
750 1390.9 1205.049593284925 3016.349702364146 30990.097 2.51 295.139302997892 453452
760 1386.1 1246.7045120842656 3066.2587768090293 31056.603 2.51 322.2188886449664 467361
770 1362.7 1352.517645923526 3177.8177394790655 31624.403 2.51 348.84754491274333 481222
780 1386.1 1492.4842492605248 3432.288694797123 32217.049 2.509 376.486304345366 494849
790 1321.4 1204.289157106103 3270.2501100692407 35220.071 2.471 406.89429222543333 508710
800 1319.1 1181.8549275263504 3412.909103185051 35220.071 2.471 427.08262566963816 521924
810 1393.9 879.5894805940233 3092.490123671248 35220.071 2.471 445.68834861478433 535115
820 1171.3 586.343983010328 2190.200446504515 35220.071 2.471 456.70392791783763 549054
830 767.3 45.74983109605107 81.77595487016525 35220.071 2.471 459.41177978019465 560767
840 390.2 39.07830984110709 69.5734462263364 35220.071 2.471 453.8280275244536 568440
850 149.4 40.25712182061585 69.63234524500693 35220.071 2.471 451.0004289935046 572342
860 38.1 36.19821522309711 63.84161667699749 35220.071 2.471 449.93104592775705 573836
870 13.9 39.51339568345323 67.33559398012603 35220.071 2.471 449.65652913619834 574217
880 2.3 37.42608695652173 64.53224618538835 35220.071 2.471 449.5572703218916 574356
890 445.3 69.06235751179008 104.05288900679065 35220.071 2.471 449.5407672512407 574379
900 1020.6 173.85015775034302 374.7046121411902 35220.071 2.471 446.6137169869675 578832
910 1215.3 387.85073331687727 968.7797713600426 35220.071 2.471 441.887663853606 589038
920 1197 859.6670175438613 1947.2998388254487 35220.071 2.471 440.79531413976656 601191
930 1286.8 1336.555006372399 2729.7769193404565 35220.071 2.471 448.97243938052225 613161
940 1326.5 1753.0265498680697 3198.247426775704 35220.071 2.471 467.21666204760555 626029
950 1419.1 2190.396821013324 3633.562641553493 35220.071 2.471 493.89651226040036 639294
960 1479.8 2395.1927437491695 3494.933081907903 38781.499 2.471 530.7375046037789 653485
970 1491 2930.3739280348786 3889.939277421645 38930.843 2.471 572.0227215386307 668283
980 1551.7 3214.4147978990677 3929.2343856754846 40723.277 2.471 623.4913643509238 683193
990 1593 3361.989324670423 4100.953178361502 41205.341 2.471 681.0307711411037 698710
1000 1673.8 3565.308470127858 3899.40476242247 41449.472 2.471 740.7918672982207 714640
1010 1720.1 3828.1627858264096 3849.207063556243 44636.174 2.471 805.4325304001495 731378
1020 1783.5 4026.594601962418 3975.218583051354 44935.05 2.471 874.8894389209431 748579
1030 1841.3 4109.31847270948 3833.2238731329157 44998.612 2.471 948.231864271791 766414
1040 1888.4 4363.073104532945 4097.828593537298 48616.603 2.471 1022.3948170259179 784827
1050 1910.9 4547.265397247359 3969.898804172869 48616.603 2.471 1100.8874204384415 803711
1060 1949.1 4632.200721358562 3659.65384666942 48616.603 2.471 1180.9253834909216 822820
1070 1991.5 4868.449642380151 3915.653773203003 50494.115 2.368 1260.7875811950692 842311
1080 2071.3 4835.530396852181 3554.6626017365465 50740.327 2.368 1344.1144467135075 862226
1090 2158.5 4959.513734074646 3992.1708435125165 50740.327 2.368 1426.0201033616136 882939
1100 2095.3 4815.44919362383 3674.5819168080266 51071.424 2.306 1510.3412048679759 904524
1110 2105.6 4650.2132304806455 3719.329308955884 51071.424 2.306 1585.1695665543293 925477
1120 2102.3 4498.020103695953 3816.0516045765157 51071.424 2.306 1653.3526720431316 946533
1130 2033.4 4492.147777269631 4100.073696615641 51071.424 2.306 1715.1614390970667 967556
1140 2044.7 4322.864665427685 4086.4350935671205 51071.424 2.306 1772.3208801283565 987890
1150 2112.2 4004.2936454881064 4302.8159812310905 51071.424 2.306 1824.040661092474 1008337
1160 2181.8 3741.1402590979715 4437.813790743694 51071.424 2.306 1868.7741604706957 1029459
1170 2064.3 3529.5572973404987 4235.558740269172 51071.424 2.306 1907.6328851834498 1051277
1180 1836.3 3601.4964197571076 3822.220388775876 51071.424 2.306 1938.8678520094797 1071920
1190 1718.5 3747.421022636022 4266.4593820171 51071.424 2.306 1966.8705342392768 1090283
1200 1671.8 3495.9018265940736 4456.71208972293 51071.424 2.306 1994.5000098928379 1107468
1210 1853.3 2883.2102847892847 4632.886892092281 51071.424 2.306 2016.8276634765073 1124186
1220 2211.6 1883.0615921956908 3939.5442153383465 51071.424 2.306 2030.8789474061432 1142719
1230 3148.3 897.528309976815 3145.6534336182294 51071.424 2.306 2028.0724309228349 1164835
1240 2084.6 51.07945164539939 334.63340304256053 51071.424 2.306 1998.3203745634526 1196318
1250 815.9 38.58946365976242 67.18205095482345 51071.424 2.306 1964.9705677345046 1217164
1260 197 38.394874619289304 66.29839959769964 51071.424 2.306 1952.1434654699212 1225323
1270 26.5 40.654528301886785 68.23284390197351 51071.424 2.306 1949.0715953264626 1227293
1280 4.6 37.580347826086964 63.880981871254434 51071.424 2.306 1948.6596143668976 1227558
1290 191.4 58.287420585161925 81.07970249552613 51071.424 2.306 1948.5880036143578 1227604
1300 1174 213.5056775979561 326.0985371516507 51071.424 2.306 1945.6453583534364 1229518
1310 1267.6 740.7134330230324 1131.496909719921 51071.424 2.306 1929.262527505966 1241258
1320 1257.3 1836.8603329356588 2289.9731406104597 51071.424 2.306 1917.2475025352214 1253934
1330 1375.7 2972.349301955376 3364.9285686522294 51071.424 2.306 1916.4494746653595 1266507
1340 1551.4 3603.4514124017032 3659.5644436653533 51071.424 2.306 1927.7955829086818 1280264
1350 1638.7 4252.864130225172 3714.195907872986 51071.424 2.306 1947.857757554921 1295778
1360 1762.9 4674.225031482208 3357.964986507943 51071.424 2.306 1976.643877767659 1312165
1370 1905.8 5080.976039196115 3424.7343674789863 51071.424 2.306 2012.4055507477099 1329794
1380 2457.1 4415.860230800504 3685.7608992947244 51071.424 0.624 2055.761542634774 1348852
1390 3862.2 2973.555883796785 3813.6340343375355 51071.424 0.61 2097.9845029805083 1373423
1400 5152.1 2243.9413939946803 3612.9090382987465 51071.424 0.61 2121.9329733691193 1412045
1410 6275.9 1852.8135735910425 3359.0078527840374 51071.424 0.61 2126.2279596143926 1463566
1420 6896.2 1693.2987038513902 3305.873563761099 51071.424 0.61 2114.9857841586804 1526325
1430 7115.2 1649.265448532701 3170.800197983721 51071.424 0.604 2096.7568482793363 1595287
1440 7117.6 1641.9069669691987 3129.272282010261 51071.424 0.601 2077.650293479087 1666439
1450 6943.2 1648.4455852920844 3036.255694575225 51071.424 0.601 2059.8014218891963 1737615
1460 6895.9 1682.7901004945047 3074.8645488629245 51071.424 0.601 2043.9959345683847 1807047
1470 6916.9 1705.7939105234987 3110.901064115411 51071.424 0.601 2030.7185819842773 1876006
1480 6915.4 1687.843135754959 3016.444913099114 51071.424 0.596 2019.1644983669828 1945175
1490 6282.2 1778.0096806055058 2939.863358172336 51071.424 0.596 2007.7898929722971 2014329
1500 5269.2 2195.6126760419133 3034.0117163109658 51071.424 0.596 2000.8403488605275 2077151
1510 3943.5 2936.0395648282047 3125.7387102310727 51071.424 0.596 2005.6589873535252 2129843
1520 3108 3659.5105972007727 3234.139854539899 51071.424 0.596 2022.5722451622125 2169278
1530 2647.6 4192.390218953038 3051.87082532557 51071.424 0.596 2045.6939571660585 2200358
1540 2514.7 4161.846433610335 3315.705146002303 51071.424 0.596 2071.2171574706485 2226834
1550 2441.9 4016.7753418649145 3661.8146191446945 51071.424 0.596 2094.562405235654 2251981
1560 2312 3833.8479054930685 3753.457434074555 51071.424 0.596 2115.182031707078 2276400
1570 2263.7 3647.193422229085 4023.1716867569257 51071.424 0.596 2132.4619662159894 2299520
1580 2118 3363.307507837592 4034.989234920472 51071.424 0.596 2147.227968673949 2322157
1590 2076 2964.184664643528 3989.2304176063935 51071.424 0.596 2158.2193730854724 2343337
1600 2131.5 2454.7040028149067 3906.0260933347126 51071.424 0.596 2165.2968489473956 2364097
1610 2572.2 1615.0844811056586 3458.8176274994335 51071.424 0.596 2167.8828648996446 2385412
1620 3206.1 700.2035251863573 2678.142616227084 51071.424 0.596 2161.985606585528 2411134
1630 1946 42.66301829393628 71.67975073245071 51071.424 0.596 2142.8032673486928 2443195
1640 718.9 39.112005703157685 67.0417397194315 51071.424 0.596 2126.2078736591156 2462655
1650 155.6 39.80845694087408 67.17556301941691 51071.424 0.596 2120.1329425319936 2469844
1660 28.9 36.527287197231864 62.37723628868471 51071.424 0.596 2118.823164713923 2471400
1670 3.5 37.96117142857142 63.793771155625585 51071.424 0.596 2118.5796941524554 2471689
1676 1.4 35.61485714285714 59.02429885934041 51071.424 0.596 2118.550232267433 2471724
