10 1.3 11340.837846153845 2560.92420685279 16576.335 8493.523 0 0
20 3 15047.250299999998 4988.5512735492675 26515.76 6275.412 11340.837846153845 13
30 5.5 17613.127072727282 6112.0046337160375 32322.355 6275.412 13926.706999999999 43
40 6.3 19986.482571428576 10142.140764526042 45291.343 4834.391 15995.616224489802 98
50 6.1 27293.535147540984 14736.745006042122 54142.363 4380.128 17557.259577639757 161
60 8.2 32983.704658536575 18748.6264258946 66483.301 4380.128 20232.54250450451 222
70 10.2 32827.575264705876 19374.09836874236 75880.813 4380.128 23672.000717105264 304
80 10.4 41218.91999038461 21673.453683130152 76567.232 4380.128 25972.169692118227 406
90 8.5 37010.02237647059 21179.065984246787 77527.428 4380.128 29081.310929411764 510
100 9.7 37720.3502989691 20107.06707428573 77527.428 4380.128 30213.98399327731 595
110 10.3 38319.29622330099 20861.352057330583 82444.375 4380.128 31266.17695809249 692
120 9.9 39757.55828282827 22480.5366797137 90475.293 4380.128 32179.977315723278 795
130 10.5 37999.43512380953 22177.112645921494 98445.67 4380.128 33019.105409395976 894
140 9.1 38513.25296703295 23680.34101346583 108753.223 4380.128 33542.56348748749 999
150 9.7 42526.12121649486 22446.737506087346 108753.223 4380.128 33957.54765504587 1090
160 9.6 39780.42865624997 21147.53785375069 108753.223 3398.403 34657.75964785173 1187
170 11.1 35553.16118018021 22521.086927162345 108753.223 3398.403 35041.0614598597 1283
180 10 35441.164600000004 22635.25118216469 108753.223 3398.403 35081.83841032999 1394
190 10.3 38490.562718446614 22658.27497701707 108753.223 3398.403 35105.88969477912 1494
200 10.2 41852.90955882352 21620.45632070147 108753.223 3398.403 35324.1873287414 1597
210 8.7 42738.312344827566 18832.379718779015 108753.223 3398.403 35716.14122366098 1699
220 5.6 52423.17757142857 16784.318750310907 108753.223 3398.403 36058.20667021277 1786
230 4.6 53279.36102173914 12402.447508705598 108753.223 3398.403 36555.73021552661 1842
240 4 60956.863075000016 8868.242548038903 108753.223 3398.403 36963.19155932203 1888
250 2.4 66219.27291666668 8828.388893676687 108753.223 3398.403 37460.985574170125 1928
260 1.2 73285.59124999998 10694.216890690226 108753.223 3398.403 37814.57107428279 1952
270 0.5 79282.9042 5906.852195152284 108753.223 3398.403 38031.29828513238 1964
280 0.2 85222.45250000001 728.4014999999963 108753.223 3398.403 38136.05096648045 1969
290 1.2 8929.50375 1955.7084459142136 108753.223 3398.403 38183.83016641299 1971
300 7.8 13180.40710256411 3792.1691500067477 108753.223 3398.403 38006.799446797784 1983
310 8.9 15971.385696629217 5811.915343607524 108753.223 3398.403 37067.227101892284 2061
320 8.9 18653.13892134832 7587.564957015024 108753.223 3398.403 36193.95738790698 2150
330 11 22726.841627272726 12147.737057097262 108753.223 3398.403 35496.71181241626 2239
340 16.3 30445.61518404907 17892.1696283256 108753.223 3398.403 34898.71874286931 2349
350 17.7 34918.76812994351 19351.456098499984 108753.223 3398.403 34609.76337659235 2512
360 19.9 36513.16285427135 21070.479762178304 108753.223 3398.403 34630.10322089996 2689
370 22.4 38860.916200892825 22821.8553607648 108753.223 3398.403 34759.85698372575 2888
380 21.1 38440.69932701421 21235.73112267853 108753.223 3398.403 35055.04890681233 3112
390 20.3 38702.78862561576 22278.135036996526 108753.223 3398.403 35270.02701053264 3323
400 20.8 39057.370625000025 21741.919366209873 108753.223 3398.403 35467.65906040839 3526
410 18.5 39704.465016216214 22190.650973645552 108753.223 3398.403 35667.62156855918 3734
420 19.4 39017.36894845362 22977.05811617266 108753.223 3398.403 35858.184476907365 3919
430 19.9 38880.296984924586 21590.212319997478 108753.223 3398.403 36007.195366156084 4113
440 20.6 39932.88255339801 23027.271093408603 108753.223 3398.403 36139.78980542671 4312
450 18.1 36242.296977900536 22814.092030757696 108753.223 3398.403 36312.737372067284 4518
460 19.3 36895.2286373057 22512.200992798316 108753.223 3398.403 36310.024090231964 4699
470 19.7 36512.234497461934 21356.09339904777 108753.223 3398.403 36333.11167763696 4892
480 18.7 38026.846946524085 24000.144130874538 115823.252 3398.403 36340.04569129496 5089
490 20.4 40859.38466176469 22282.975888793582 115823.252 3398.403 36399.83186163762 5276
500 14.7 50444.27133333332 16950.467055530833 115823.252 3398.403 36565.844411131395 5480
510 11.8 56757.26404237288 14341.869147429252 115823.252 3398.403 36928.40505757954 5627
520 8.5 60752.29262352941 12238.758197259382 115823.252 3398.403 37335.681882680605 5745
530 7.6 64208.90993421052 9852.287193342165 115823.252 3398.403 37677.09044408234 5830
540 4.1 69843.62163414634 7186.562887078561 115823.252 3398.403 38018.50904910262 5906
550 1.5 77306.85513333332 8940.311851704519 115823.252 3398.403 38237.918770976976 5947
560 0.7 84472.99571428572 8484.26234739328 115823.252 3398.403 38336.21364609193 5962
570 0.2 92098.81450000001 6965.829499999996 115823.252 3398.403 38390.319438431914 5969
580 0.2 6414.073 648.134 115823.252 3398.403 38408.309220733565 5971
590 6.6 11519.468015151511 3277.5691047876294 115823.252 3398.403 38397.59626703501 5973
600 15.2 15384.951157894733 4500.710717617416 115823.252 3398.403 38103.84623149531 6039
610 15.1 18130.732463576154 5694.405152154476 115823.252 3398.403 37546.05717460833 6191
620 14.1 23099.71503546099 8478.356521810241 115823.252 3398.403 37083.787538631375 6342
630 18.6 32288.0857419355 12273.841120380383 115823.252 3398.403 36779.64528613299 6483
640 22.9 40482.90260698689 13463.449248035688 115823.252 3398.403 36654.37461958317 6669
650 24.5 46670.14416734698 14704.03921406903 115823.252 3398.403 36781.474200492914 6898
660 28.5 51833.24026315793 14501.807894027024 115823.252 3398.403 37120.64879686408 7143
670 27.9 53851.27002150534 14790.077053607509 115823.252 3398.403 37685.14645005387 7428
680 27.8 57855.84741726618 13891.842897912278 115823.252 3398.403 38270.37396743222 7707
690 29.2 59438.15300000001 13747.162980748253 115823.252 3398.403 38952.2476830307 7985
700 31.1 62162.38389389067 13935.771841051954 115823.252 3398.403 39674.95933611214 8277
710 25.9 65456.84517374517 13950.971013293587 121159.628 3398.403 40489.30365812763 8588
720 29.4 67271.17089795922 14401.490408090383 121159.628 3398.403 41220.239936249585 8847
730 30.4 69492.46292763161 13086.800250287304 121159.628 3398.403 42058.110377420424 9141
740 28.8 71929.48244791661 13895.45219936895 121159.628 3398.403 42941.12183059821 9445
750 29.9 73544.52770234112 14519.161530730646 124732.874 3398.403 43798.88899979452 9733
760 30.4 76477.3901282895 15360.338579368301 124732.874 3398.403 44685.446612639564 10032
770 28 80069.9825821428 16117.344431266718 128523.68 3398.403 45620.503774864555 10336
780 32.8 81931.36239024391 15185.047627733791 128697.386 3398.403 46529.11851356443 10616
790 33.2 84057.48241566261 15660.757203517165 129418.28 3398.403 47590.150676535086 10944
800 38.1 84186.23665091876 15960.570033156964 129418.28 3398.403 48663.86069226676 11276
810 58.8 81672.22714965974 17390.053840880588 137764.758 3398.403 49824.88198764691 11657
820 80.4 70993.10811194034 17220.155985714937 137764.758 3398.403 51354.17875818701 12245
830 34.1 80267.38800000004 15896.403093932682 137764.758 3398.403 52564.210116943825 13049
840 28.4 83303.42969718309 13633.285347412379 137764.758 3398.403 53269.72047229275 13390
850 15.3 87407.08402614381 11045.47558960786 137764.758 3398.403 53893.50088913266 13674
860 4.3 94481.33006976744 9198.290847496895 137764.758 3398.403 54264.338975482744 13827
870 1.3 101165.16638461537 6333.383049578466 137764.758 3398.403 54389.02034657534 13870
880 0.3 114099.84566666668 6435.883664438544 137764.758 3398.403 54432.82139090974 13883
890 0.2 5711.8605 30.08550000000014 137764.758 3398.403 54445.71214943107 13886
900 2.8 12004.211 3217.1528931960825 137764.758 3398.403 54438.694025633624 13888
910 5.4 20202.16629629629 3766.612714284434 137764.758 3398.403 54353.31277206092 13916
920 8.4 29669.83544047618 3803.970288817844 137764.758 3398.403 54221.304045526114 13970
930 8.5 38062.3783764706 3746.291385031514 137764.758 3398.403 54074.56124185284 14054
940 8.1 46216.201283950606 4714.931687441439 137764.758 3398.403 53978.3001524153 14139
950 9 54660.82847777778 5612.505306963511 137764.758 3398.403 53934.085665189865 14220
960 9.1 62177.74876923077 6508.857456434519 137764.758 3398.403 53938.656374702994 14310
970 13.2 72142.30940151511 7591.365007437623 137764.758 3398.403 53990.719245885695 14401
980 13.9 79643.13178417264 8578.346928930681 137764.758 3398.403 54155.586093786544 14533
990 19.2 86485.8638125 9483.792700673974 137764.758 3398.403 54397.050710128126 14672
1000 15.9 93865.11694339626 10865.786277406532 137764.758 3398.403 54811.545604884275 14864
1010 20.9 102078.52711483244 12241.877942372146 137764.758 3398.403 55224.879682154016 15023
1020 22.9 109546.58838427944 14390.181764126552 138001.344 3398.403 55867.76389390755 15232
1030 20.5 115521.77899024388 16144.88547082657 147118.815 3398.403 56662.82571450745 15461
1040 26.6 122671.33671052635 17060.230672562124 155190.391 3398.403 57433.03415453847 15666
1050 26.5 126481.72824528304 17969.96753391881 161321.118 3398.403 58522.2501023098 15932
1060 26.7 134977.17769288406 20187.328922308374 177455.733 3398.403 59634.138829104144 16197
1070 29.3 140108.7313310581 20803.570378623048 182834.027 3398.403 60855.99204682943 16464
1080 30.6 144390.97485294138 23986.052945491298 195004.84 3398.403 62241.74442555349 16757
1090 36 149772.92781111118 24074.2699048787 202412.105 3398.403 63714.97096899724 17063
1100 33 153684.50744848492 27300.530595455137 211626.645 3398.403 65493.12998082993 17423
1110 36.6 162209.85680054646 29593.163447683048 219504.861 3398.403 67132.46725139412 17753
1120 39.5 161245.75925822792 31286.24680821818 230056.684 3398.403 69053.01058021965 18119
1130 40.6 170623.1792857144 33203.02640393938 238494.4 3398.403 71019.96184563033 18514
1140 43.5 168634.8590413791 34465.839222788985 240240.956 3398.403 73157.32475687102 18920
1150 52.9 177650.65849527414 37246.65516617798 245371.697 3398.403 75303.16445791782 19355
1160 53.7 180885.50218994395 40786.65775281057 261979.871 3398.403 78026.04840208206 19884
1170 52.5 191245.14794095268 40881.900729292196 261979.871 3398.403 80730.88786557953 20421
1180 58.5 189372.56987521355 45192.97200299241 262809.274 3398.403 83500.86717139308 20946
1190 71.4 184223.2547114846 46570.123564832764 269841.433 3398.403 86377.41475774463 21531
1200 76.4 190946.01850392667 47126.6329009564 274425.98 3398.403 89517.98251350864 22245
1210 86.5 200165.22957109826 46583.15670767381 276378.12 3398.403 92885.83941718456 23009
1220 102.3 212474.2750869988 42757.315446769586 280724.001 3398.403 96772.77384305098 23874
1230 189.4 205991.1340063358 35021.28204852405 282693.074 3398.403 101526.86613419282 24897
1240 161.1 198018.53487461215 23945.966574441103 282693.074 3398.403 108912.00753801645 26791
1250 86.7 191461.37667243378 20404.287250694666 282693.074 3398.403 113966.2507441025 28402
1260 25.3 193406.98814229248 18575.373679184464 283985.888 3398.403 116261.79463627042 29269
1270 3.3 200913.5675454545 16321.12455352312 283985.888 3398.403 116922.91969409252 29522
1280 0.7 207589.8802857143 7482.830711105753 283985.888 3398.403 117016.70048851291 29555
1290 0.1 215357.503 0.0 283985.888 3398.403 117038.14735471211 29562
1300 0.5 9806.968799999999 1556.8427297343048 283985.888 3398.403 117041.4731117613 29563
1310 0.8 15698.911375 2570.3446142326384 283985.888 3398.403 117023.33957139472 29568
1320 1.7 27913.35382352941 2832.9232891408938 283985.888 3398.403 116995.93236874489 29576
1330 4.1 37240.896292682904 3154.402817980487 283985.888 3398.403 116944.75797496026 29593
1340 4.4 46803.644704545455 3415.1935932304564 283985.888 3398.403 116834.4840217655 29634
1350 2.7 55306.197592592594 2534.9497450263566 283985.888 3398.403 116730.6577218141 29678
1360 3.9 65238.462179487185 3421.020927005441 283985.888 3398.403 116674.82670267629 29705
1370 4.5 73503.55362222224 3488.7407654336903 283985.888 3398.403 116607.38391702526 29744
1380 7.8 83873.1267820513 4337.035590941693 283985.888 3398.403 116542.27020514282 29789
1390 22.6 90416.79945132748 5937.36519205008 283985.888 3398.403 116456.95218903804 29867
1400 44 94022.48502727263 9859.790895128517 283985.888 3398.403 116261.38928342138 30093
1410 72.3 92994.55726832636 16521.275357137467 283985.888 3398.403 115940.91249199226 30533
1420 106.3 89894.96379021635 21943.935490604894 283985.888 3398.403 115410.12752825055 31256
1430 136.6 87354.5337737921 26952.880418555585 283985.888 3398.403 114570.9116164485 32319
1440 149.7 87518.95422311274 31497.375270006043 283985.888 3398.403 113467.2283113255 33685
1450 149.3 90803.10871399882 36622.98632940345 283985.888 3398.403 112363.12489736226 35182
1460 147.4 98074.29839077347 40852.72432159216 283985.888 3398.403 111485.43971231082 36675
1470 145.1 107256.93237835972 45012.77162145441 283985.888 3398.403 110967.26040727147 38149
1480 150.4 112194.0320046542 48126.64305551612 283985.888 3398.403 110831.30874136361 39600
1490 151.9 117764.8066675445 49609.232990994475 283985.888 3398.403 110881.1709393976 41104
1500 126.9 123581.1635634357 50553.27678546803 283985.888 3398.403 111126.49019592706 42623
1510 106.3 131092.18543932267 48893.07033448891 283985.888 3398.403 111486.57815052856 43892
1520 89.9 141163.69844493875 47328.034074504685 283985.888 3398.403 111950.16975430986 44955
1530 82.7 145111.99876662644 44952.98919246933 283985.888 3398.403 112522.92158169404 45854
1540 87.1 150604.66520780663 45935.79378946097 283985.888 3398.403 113100.26925702105 46681
1550 91.2 153838.74558442994 45037.92772822984 283985.888 3398.403 113787.22940324275 47552
1560 101.6 159579.14149803162 44797.838631400875 283985.888 3398.403 114540.92251064707 48464
1570 109.6 160343.75063229943 43823.93146011024 283985.888 3398.403 115465.71698298302 49480
1580 99.7 160880.28440220642 41752.9383910336 283985.888 3398.403 116438.24001524437 50576
1590 102.3 167912.2446959922 38925.810402503 283985.888 3398.403 117297.38565838712 51573
1600 107.4 170899.5056694606 35179.69098771634 283985.888 3398.403 118281.85217286485 52596
1610 133.9 171487.6622427183 28572.48067278804 283985.888 3398.403 119334.79347816286 53670
1620 203.5 167140.43486289895 22004.045356685627 283985.888 3398.403 120604.27104139324 55009
1630 145.6 163598.56754464266 15325.156415150686 283985.888 3398.403 122264.41221972511 57044
1640 78.6 163551.38880534362 12818.9951091522 283985.888 3398.403 123293.17341892306 58500
1650 19.6 171294.60460204084 11906.102115055379 283985.888 3398.403 123826.90747576155 59286
1660 4 181409.73630000002 11945.751475063173 283985.888 3398.403 123983.31897229412 59482
1670 0.7 188252.4024285714 9133.894943279169 283985.888 3398.403 124021.9106979268 59522
1676 0.2 202157.70899999997 4305.966000000008 283985.888 3398.403 124029.46354514605 59529
