0 1872.59296875 1872.59296875
10 5471.35078125 7343.94375
20 8803.8671875 16147.8109375
30 10910.69765625 27058.50859375
40 13400.53828125 40459.046875
50 14535.475 54994.521875
60 16413.3703125 71407.8921875
70 16921.26484375 88329.15703125
80 17698.15625 106027.31328125
90 17578.49296875 123605.80625
100 17528.40546875 141134.21171875
110 16971.9765625 158106.18828125
120 17445.98984375 175552.178125
130 17643.15625 193195.334375
140 16908.809375 210104.14375
150 17395.19765625 227499.34140625
160 17705.58359375 245204.925
170 19684.3078125 264889.2328125
180 18040.25625 282929.4890625
190 17666.4921875 300595.98125
200 15190.95859375 315786.93984375
210 10609.09375 326396.03359375
220 6836.62890625 333232.6625
230 4238.3421875 337471.0046875
240 2386.45390625 339857.45859375
250 1192.290625 341049.74921875
260 555.97578125 341605.725
270 162.159375 341767.884375
280 1211.453125 342979.3375
290 10818.05625 353797.39375
300 18975.05390625 372772.44765625
310 23320.1015625 396092.54921875
320 28122.90234375 424215.4515625
330 32568.39453125 456783.84609375
340 34559.9765625 491343.82265625
350 36146.51171875 527490.334375
360 40012.86875 567503.203125
370 38010.08046875 605513.28359375
380 37806.53203125 643319.815625
390 35801.171875 679120.9875
400 35817.82734375 714938.81484375
410 34960.46640625 749899.28125
420 35450.9578125 785350.2390625
430 34975.9515625 820326.190625
440 35874.44375 856200.634375
450 35633.628125 891834.2625
460 36284.6625 928118.925
470 37834.75 965953.675
480 34365.7984375 1000319.4734375
490 25523.853125 1025843.3265625
500 18339.8828125 1044183.209375
510 12899.9921875 1057083.2015625
520 6861.28203125 1063944.48359375
530 4357.284375 1068301.76796875
540 1606.03671875 1069907.8046875
550 571.99609375 1070479.80078125
560 267.58984375 1070747.390625
570 66.42734375 1070813.81796875
580 9250.31328125 1080064.13125
590 28161.82578125 1108225.95703125
600 40168.68125 1148394.63828125
610 47805.728125 1196200.36640625
620 52719.50859375 1248919.875
630 56950.87578125 1305870.75078125
640 59962.559375 1365833.31015625
650 60021.878125 1425855.18828125
660 61532.3125 1487387.50078125
670 63471.04765625 1550858.5484375
680 63837.284375 1614695.8328125
690 60717.25703125 1675413.08984375
700 64231.56640625 1739644.65625
710 59612.55078125 1799257.20703125
720 60931.334375 1860188.54140625
730 61019.728125 1921208.26953125
740 57187.74765625 1978396.0171875
750 59841.6234375 2038237.640625
760 59964.440625 2098202.08125
770 58205.96640625 2156408.04765625
780 59915.0546875 2216323.10234375
790 55902.74296875 2272225.8453125
800 56176.6046875 2328402.45
810 59466.0796875 2387868.5296875
820 51237.75859375 2439106.28828125
830 29095.8375 2468202.12578125
840 14058.3875 2482260.51328125
850 5705.91171875 2487966.425
860 1436.67421875 2489403.09921875
870 504.7671875 2489907.86640625
880 90.17890625 2489998.0453125
890 19413.35703125 2509411.40234375
900 46622.17890625 2556033.58125
910 54892.340625 2610925.921875
920 54617.5953125 2665543.5171875
930 58349.4140625 2723892.93125
940 58643.46796875 2782536.39921875
950 60744.42890625 2843280.828125
960 61952.88828125 2905233.71640625
970 60502.0765625 2965735.79296875
980 61408.96953125 3027144.7625
990 63186.36171875 3090331.12421875
1000 63564.70234375 3153895.8265625
1010 64337.8328125 3218233.659375
1020 64368.22734375 3282601.88671875
1030 66248.7640625 3348850.65078125
1040 66363.79765625 3415214.4484375
1050 65752.4921875 3480966.940625
1060 66445.71875 3547412.659375
1070 65336.55234375 3612749.21171875
1080 68126.70703125 3680875.91875
1090 71939.225 3752815.14375
1100 70336.19296875 3823151.33671875
1110 69267.34296875 3892418.6796875
1120 68361.28203125 3960779.96171875
1130 64975.0109375 4025754.97265625
1140 63376.83359375 4089131.80625
1150 67575.9421875 4156707.7484375
1160 74369.80703125 4231077.55546875
1170 72609.00390625 4303686.559375
1180 63821.7796875 4367508.3390625
1190 58969.9796875 4426478.31875
1200 58400.54921875 4484878.86796875
1210 67474.146875 4552353.01484375
1220 83297.79453125 4635650.809375
1230 121428.246875 4757079.05625
1240 73791.70234375 4830870.75859375
1250 30219.846875 4861090.60546875
1260 7579.69140625 4868670.296875
1270 1017.06328125 4869687.36015625
1280 180.89453125 4869868.2546875
1290 7772.28359375 4877640.53828125
1300 51915.72421875 4929556.2625
1310 56607.3671875 4986163.6296875
1320 53356.9625 5039520.5921875
1330 56173.45234375 5095694.04453125
1340 62297.1953125 5157991.23984375
1350 63757.1671875 5221748.40703125
1360 64807.8453125 5286556.25234375
1370 64951.46015625 5351507.7125
1380 67024.88984375 5418532.60234375
1390 69992.45546875 5488525.0578125
1400 72781.16328125 5561306.22109375
1410 78182.89765625 5639489.11875
1420 80232.72421875 5719721.84296875
1430 84599.14296875 5804320.9859375
1440 84059.67421875 5888380.66015625
1450 80568.69609375 5968949.35625
1460 82649.14296875 6051598.49921875
1470 84865.88203125 6136464.38125
1480 87451.60703125 6223915.98828125
1490 86421.8765625 6310337.86484375
1500 88444.8515625 6398782.71640625
1510 87568.71796875 6486351.434375
1520 84354.23125 6570705.665625
1530 80703.64453125 6651409.31015625
1540 78182.07109375 6729591.38125
1550 77277.0265625 6806868.4078125
1560 74317.44453125 6881185.85234375
1570 77002.25546875 6958188.1078125
1580 74708.16171875 7032896.26953125
1590 75641.78515625 7108538.0546875
1600 79408.86015625 7187946.91484375
1610 98187.796875 7286134.71171875
1620 124178.14375 7410312.85546875
1630 69344.75234375 7479657.6078125
1640 26587.51640625 7506245.12421875
1650 5928.76875 7512173.89296875
1660 1101.515625 7513275.40859375
1670 141.128125 7513416.53671875
1676 52.0625 7513468.59921875
