0 189.18359375 189.18359375
10 609.39921875 798.5828125
20 1069.93515625 1868.51796875
30 1322.67734375 3191.1953125
40 1624.91484375 4816.11015625
50 1718.63359375 6534.74375
60 1901.6046875 8436.3484375
70 1955.12421875 10391.47265625
80 1948.8171875 12340.28984375
90 1957.296875 14297.58671875
100 1998.9578125 16296.54453125
110 1927.48359375 18224.028125
120 1934.50625 20158.534375
130 1961.0296875 22119.5640625
140 1870.07734375 23989.64140625
150 1927.51796875 25917.159375
160 1964.89609375 27882.05546875
170 2173.678125 30055.73359375
180 1978.8734375 32034.60703125
190 1938.9 33973.50703125
200 1735.19765625 35708.7046875
210 1226.7796875 36935.484375
220 829.24921875 37764.73359375
230 536.58984375 38301.3234375
240 322.5828125 38623.90625
250 164.0640625 38787.9703125
260 81.071875 38869.0421875
270 22.71796875 38891.76015625
280 108.7015625 39000.46171875
290 1039.5609375 40040.02265625
300 1893.6453125 41933.66796875
310 2314.6125 44248.28046875
320 2828.01171875 47076.2921875
330 3407.29609375 50483.58828125
340 3682.83828125 54166.4265625
350 3882.80234375 58049.22890625
360 4334.22578125 62383.4546875
370 4117.0984375 66500.553125
380 4111.12578125 70611.67890625
390 3905.61953125 74517.2984375
400 3877.88515625 78395.18359375
410 3819.77265625 82214.95625
420 3834.7359375 86049.6921875
430 3824.31953125 89874.01171875
440 3867.84140625 93741.853125
450 3806.140625 97547.99375
460 3935.4765625 101483.4703125
470 4070.284375 105553.7546875
480 3748.3140625 109302.06875
490 2908.9984375 112211.0671875
500 2211.06171875 114422.12890625
510 1607.96171875 116030.090625
520 911.98046875 116942.07109375
530 614.45859375 117556.5296875
540 228.0875 117784.6171875
550 79.68203125 117864.29921875
560 37.52109375 117901.8203125
570 8.6953125 117910.515625
580 853.9421875 118764.4578125
590 2741.16796875 121505.62578125
600 3987.79453125 125493.4203125
610 4834.1703125 130327.590625
620 5436.91484375 135764.50546875
630 6075.60859375 141840.1140625
640 6439.06484375 148279.17890625
650 6533.60625 154812.78515625
660 6555.83984375 161368.625
670 6918.07578125 168286.70078125
680 6928.103125 175214.80390625
690 6622.6578125 181837.46171875
700 6990.66015625 188828.121875
710 6573.1859375 195401.3078125
720 6620.209375 202021.5171875
730 6685.153125 208706.6703125
740 6299.5375 215006.2078125
750 6613.66875 221619.8765625
760 6574.2828125 228194.159375
770 6453.584375 234647.74375
780 6587.98203125 241235.72578125
790 6373.88515625 247609.6109375
800 6271.3953125 253881.00625
810 6624.18515625 260505.19140625
820 5494.97578125 266000.1671875
830 3863.75078125 269863.91796875
840 2018.63203125 271882.55
850 790.10390625 272672.65390625
860 200.54609375 272873.2
870 73.59765625 272946.79765625
880 12.3296875 272959.12734375
890 1820.0046875 274779.13203125
900 4664.49296875 279443.625
910 5747.17890625 285190.80390625
920 5664.25703125 290855.0609375
930 6063.5921875 296918.653125
940 6311.41328125 303230.06640625
950 6712.94375 309943.01015625
960 7053.82578125 316996.8359375
970 7001.30859375 323998.14453125
980 7299.9296875 331298.07421875
990 7486.32578125 338784.4
1000 7930.93984375 346715.33984375
1010 8043.4625 354758.80234375
1020 8404.65234375 363163.4546875
1030 8654.01875 371817.4734375
1040 8822.8640625 380640.3375
1050 8978.2234375 389618.5609375
1060 9114.5984375 398733.159375
1070 9335.67578125 408068.83515625
1080 9635.64765625 417704.4828125
1090 10000.67265625 427705.15546875
1100 9905.6640625 437610.81953125
1110 9978.66796875 447589.4875
1120 9999.43125 457588.91875
1130 9688.73125 467277.65
1140 9736.03203125 477013.68203125
1150 10152.5328125 487166.21484375
1160 10415.3625 497581.57734375
1170 9976.34375 507557.92109375
1180 8801.0765625 516358.99765625
1190 8009.828125 524368.82578125
1200 7810.84921875 532179.675
1210 8601.81171875 540781.48671875
1220 10385.72734375 551167.2140625
1230 14615.76171875 565782.97578125
1240 10824.246875 576607.22265625
1250 4318.53984375 580925.7625
1260 1051.14375 581976.90625
1270 141.0265625 582117.9328125
1280 24.740625 582142.6734375
1290 698.16484375 582840.83828125
1300 5240.66640625 588081.5046875
1310 6070.7296875 594152.234375
1320 5948.12890625 600100.36328125
1330 6372.2203125 606472.58359375
1340 7180.353125 613652.93671875
1350 7676.3390625 621329.27578125
1360 8109.46484375 629438.740625
1370 8801.7265625 638240.4671875
1380 10640.06328125 648880.53046875
1390 16364.92109375 665245.4515625
1400 22054.14453125 687299.59609375
1410 27042.62734375 714342.2234375
1420 30053.21171875 744395.43515625
1430 31235.42421875 775630.859375
1440 31249.24375 806880.103125
1450 30540.63984375 837420.74296875
1460 30331.04375 867751.78671875
1470 30626.0453125 898377.83203125
1480 30774.30078125 929152.1328125
1490 28549.17578125 957701.30859375
1500 25129.471875 982830.78046875
1510 19117.703125 1001948.48359375
1520 15069.3 1017017.78359375
1530 12730.86484375 1029748.6484375
1540 12023.40859375 1041772.05703125
1550 11643.17265625 1053415.2296875
1560 11049.79609375 1064465.02578125
1570 10648.56796875 1075113.59375
1580 9952.353125 1085065.946875
1590 9735.5375 1094801.484375
1600 9936.21640625 1104737.70078125
1610 11969.54765625 1116707.2484375
1620 15142.08203125 1131849.33046875
1630 10103.61328125 1141952.94375
1640 3811.64375 1145764.5875
1650 832.5703125 1146597.1578125
1660 152.99375 1146750.1515625
1670 18.8578125 1146769.009375
1676 7.42421875 1146776.43359375
