30 0.2 6872.6845 837.4245000000001 7710.109 6035.26 0 0
40 1.1 9263.540909090909 3508.9762191530363 16555.475 4080.764 6872.6845 2
50 2.7 9179.507185185184 3930.2636445851444 16669.569 3046.248 8895.716846153846 13
60 3.5 9339.142914285716 4304.394541858232 18400.717 1876.852 9087.275324999999 40
70 6.5 11617.895430769233 6167.271227263373 29688.162 1876.852 9204.813533333332 75
80 3.9 11109.728589743594 4827.947911142987 29688.162 1876.852 10325.172985714285 140
90 4.7 11063.30793617021 6712.931914687145 42944.546 1876.852 10496.109681564245 179
100 5 9259.114800000005 4088.0554056113874 42944.546 1876.852 10614.066840707963 226
110 5.9 11743.967949152546 5886.728575201367 42944.546 1876.852 10368.604514492754 276
120 4.6 11132.5545 5881.339398514734 42944.546 1876.852 10610.832701492538 335
130 5.2 12999.435192307692 6130.113333334903 42944.546 1876.852 10673.822734908137 381
140 4.2 13255.60183333333 6522.855566378574 42944.546 1876.852 10953.111066974596 433
150 5.4 10669.721925925927 6060.772106271784 42944.546 1876.852 11156.699724210526 475
160 5.1 11184.474352941177 6043.576720924978 42944.546 1876.852 11106.989325141778 529
170 5.6 12102.504517857142 6530.951595861613 42944.546 1876.852 11113.802663793103 580
180 4.1 10907.108609756095 4748.790678972869 42944.546 1876.852 11200.858172955974 636
190 5.4 11626.985777777782 5676.454669668543 42944.546 1876.852 11183.068317577547 677
200 6.5 11245.147400000003 5518.073451177099 42944.546 1876.852 11215.861125854992 731
210 4.9 9289.222122448977 5213.792057860483 42944.546 1876.852 11218.252592964824 796
220 4.8 10242.09535416667 5655.572611564852 42944.546 1876.852 11106.391654437868 845
230 3.4 11363.427588235294 5882.412551227605 42944.546 1876.852 11059.934518477043 893
240 3.1 14165.936806451615 6247.454836786662 42944.546 1876.852 11071.065871628909 927
250 1.8 14503.096055555558 4804.990850588774 42944.546 1876.852 11171.213052192064 958
260 1.2 18108.958333333332 5820.3975793868285 42944.546 1876.852 11232.661714139344 976
270 0.2 19674.9545 8608.013500000001 42944.546 1876.852 11316.179486842104 988
280 0.2 20325.5645 3761.5014999999994 42944.546 1876.852 11333.065901010099 990
290 0 0 0 42944.546 1876.852 11351.195938508065 992
300 0 0 0 42944.546 1876.852 11351.195938508065 992
310 0 0 0 42944.546 1876.852 11351.195938508065 992
320 0.4 5243.961 1256.900397790334 42944.546 1876.852 11351.195938508065 992
330 3.6 8010.112944444444 3246.6388168336157 42944.546 1876.852 11326.668890562249 996
340 7.1 10182.696549295768 4396.880327964436 42944.546 1876.852 11210.97507848837 1032
350 9.2 11322.860608695655 4964.791501944716 42944.546 1876.852 11144.78489211242 1103
360 10.4 11953.667192307697 6389.619949157865 42944.546 1876.852 11158.49448702929 1195
370 11 10754.267627272728 5036.796466687732 42944.546 1876.852 11222.15727482679 1299
380 9.8 11571.787775510202 5918.57998480243 42944.546 1876.852 11185.629339247693 1409
390 10.6 11005.492952830184 5599.994463573514 42944.546 1876.852 11210.741168546781 1507
400 10.2 11148.557676470591 6038.31691229664 42944.546 1876.852 11197.253065096093 1613
410 10.6 11972.072650943388 6635.551370806027 42944.546 1198.263 11194.356896209913 1715
420 8.2 10099.767000000002 4265.850994078934 42944.546 1198.263 11239.627555189454 1821
430 12.2 11416.061295081963 6125.7202642097 42944.546 1198.263 11190.51112559117 1903
440 9.7 11427.695082474229 5405.599534356944 42944.546 1198.263 11204.099827160493 2025
450 8.3 12320.449228915659 6276.316209506159 42944.546 1198.263 11214.320722431668 2122
460 9.8 10813.735397959183 5987.288445411545 42944.546 1198.263 11255.957305668933 2205
470 8.5 11270.23509411765 4816.981220607819 42944.546 1198.263 11237.139352149368 2303
480 10.2 11895.415127450984 6943.069088470467 47014.99 1198.263 11238.317383165828 2388
490 10.9 12254.095477064222 5842.246989475429 47014.99 1198.263 11265.234640160643 2490
500 10.8 10578.533111111106 5702.333989497359 47014.99 1198.263 11306.706679876877 2599
510 10.8 11291.453601851854 5778.879953336822 47014.99 1198.263 11277.655056150721 2707
520 7.7 12342.370974025975 6296.664329766339 47014.99 1198.263 11278.184449733571 2815
530 6.6 13846.479196969702 7962.123824553406 47014.99 1198.263 11306.518599930845 2892
540 2.4 13811.378208333334 5287.83058722078 47014.99 1198.263 11363.191148749156 2958
550 1.2 19136.30025 4330.191927765619 47014.99 1198.263 11382.894867538565 2982
560 0.4 24860.299750000002 13580.110335723886 47014.99 1198.263 11413.970640614563 2994
570 0.1 42113.483 0.0 47014.99 1198.263 11431.91103969313 2998
580 0 0 0 47014.99 1198.263 11442.141640546852 2999
590 0 0 0 47014.99 1198.263 11442.141640546852 2999
600 0 0 0 47014.99 1198.263 11442.141640546852 2999
610 0.6 5907.523166666667 2222.4547199190524 47014.99 1198.263 11442.141640546852 2999
620 2.4 8845.678041666666 2577.728650205132 47014.99 1198.263 11431.090821630618 3005
630 8.9 10705.666179775282 4395.399511605839 47014.99 1198.263 11410.605543743814 3029
640 11.7 10453.665410256419 4539.997108825487 47014.99 1198.263 11390.483797947405 3118
650 15.9 11812.178836477984 5301.143175306915 47014.99 1198.263 11356.601958268937 3235
660 14.3 12737.286601398613 6032.659128492488 47014.99 1198.263 11377.944540365354 3394
670 15.5 12619.35832258065 5766.107774007317 47014.99 1198.263 11432.902390161158 3537
680 16.9 12300.9607633136 4764.589839594658 47014.99 1198.263 11482.712972372701 3692
690 14.4 13409.62363194444 5112.582674598962 47014.99 1198.263 11518.528532245535 3861
700 16.4 14364.264365853656 6122.506977699045 47014.99 1198.263 11586.522962796505 4005
710 15 14602.915913333338 6188.315381021474 48010.194 1198.263 11695.79367282322 4169
720 16 15877.085331249993 5998.773993283164 48010.194 1198.263 11796.75878884001 4319
730 15.4 15885.243714285718 6630.55914110299 48010.194 1198.263 11942.517272158964 4479
740 14.6 17463.882212328765 6888.102028366066 48010.194 1198.263 12073.572716166631 4633
750 14.1 16809.614446808508 6922.647385878783 48806.704 1198.263 12238.24841954384 4779
760 14.6 17917.753410958907 6874.531579509471 48806.704 1198.263 12369.257080081303 4920
770 12.5 18402.213688000007 6921.032447017153 48806.704 1198.263 12529.162422424006 5066
780 17.1 19003.11475438596 7176.649010050863 54449.469 1198.263 12670.586311500678 5191
790 16 17623.744987499987 6826.615659948601 54449.469 1198.263 12872.537516971284 5362
800 19.2 17580.00649479168 7119.5245187687215 54449.469 1198.263 13010.203796450565 5522
810 23.5 14838.069540425531 7262.642925585565 58287.915 1198.263 13163.756844767244 5714
820 26.5 12593.650392452832 6168.025147975237 58287.915 1198.263 13229.896277189448 5949
830 30.6 11632.156669934631 6274.054733540448 58287.915 1198.263 13202.763164950116 6214
840 23.6 12412.48706355933 5707.575836551021 58287.915 1198.263 13129.050651533746 6520
850 8.2 16542.45990243902 6668.620593061102 58287.915 1198.263 13104.01971506809 6756
860 2.4 19357.490375000005 8186.208481632369 58287.915 1198.263 13145.252838110562 6838
870 1 22778.259000000005 11732.158446957106 58287.915 1198.263 13166.98027921889 6862
880 0.1 25148.642 0.0 58287.915 1198.263 13180.966424039583 6872
890 0 0 0 58287.915 1198.263 13182.70768339881 6873
900 0 0 0 58287.915 1198.263 13182.70768339881 6873
910 0 0 0 58287.915 1198.263 13182.70768339881 6873
920 0.2 8299.294 1684.3700000000006 58287.915 1198.263 13182.70768339881 6873
930 0.2 11931.409500000002 178.75349999999935 58287.915 1198.263 13181.287053963639 6875
940 1 15440.0665 2918.0296134719824 58287.915 1198.263 13180.923558964669 6877
950 2.3 18810.57682608696 4511.132361857579 58287.915 1198.263 13184.203859445337 6887
960 5 22174.27502000001 5751.57305480277 58287.915 1198.263 13202.931294790165 6910
970 4.9 25528.05302040817 6433.679031402982 58287.915 1198.263 13267.380603160926 6960
980 5.7 29379.541315789473 5118.357357613329 58287.915 1198.263 13353.095105721222 7009
990 6.3 32033.286698412696 5590.505603805773 58287.915 1198.263 13482.377222049257 7066
1000 7.5 34859.830533333356 6907.779399991798 58287.915 1198.263 13646.314281526169 7129
1010 9.3 37708.35406451614 6606.536113089703 58287.915 1198.263 13867.165713908948 7204
1020 8 39129.795600000005 6688.852237881473 58810.015 1198.263 14171.020793613823 7297
1030 10 41763.06406999999 6638.76486648877 63521.329 1198.263 14441.686644842086 7377
1040 8.5 44149.83854117645 6849.872911615668 63521.329 1198.263 14807.092254380108 7477
1050 10.2 44762.848205882365 7620.4088877779 67511.332 1198.263 15136.916829145737 7562
1060 11.3 46243.456495575214 6394.374810274456 73762.692 1198.263 15531.207669493746 7664
1070 10.5 48198.07040952377 6228.284839070672 73762.692 1198.263 15977.457395268108 7777
1080 11.2 50238.79538392856 6680.411857018199 76657.483 1198.263 16406.68403400153 7882
1090 11.4 51642.09971052634 6654.967652281688 76657.483 1198.263 16880.68909669753 7994
1100 12.3 50978.59230081301 5241.739174832161 76657.483 1198.263 17369.441046620632 8108
1110 12.6 52299.55108730157 6463.093887219168 76657.483 1198.263 17871.679608674534 8231
1120 15 51873.43426666668 6568.026184000051 83227.423 1198.263 18390.754851741065 8357
1130 15.7 51525.670484076436 6089.580650762071 83227.423 1198.263 18981.139465851666 8507
1140 17.7 50730.496903954765 7105.982164831513 83227.423 1198.263 19570.877620267787 8664
1150 23.4 48996.323034188026 6780.547352988619 83227.423 1198.263 20194.704406062676 8841
1160 25.1 46878.038868525844 7374.253225994295 83227.423 1198.263 20937.357712837478 9075
1170 26.4 44767.39383333328 7946.149205477112 83227.423 1198.263 21635.525305597264 9326
1180 26.3 43859.49744866925 8887.173270058542 83227.423 1198.263 22272.315012721592 9590
1190 28.8 41922.89710416671 7085.161806930094 83227.423 1198.263 22848.528245306006 9853
1200 38.2 41577.10939528801 7807.093751150242 83227.423 1198.263 23390.23204486738 10141
1210 46.1 38291.60624945764 8582.481695181683 83227.423 1198.263 24050.44178998386 10523
1220 64.2 32317.39338940813 10335.689264146966 83227.423 1198.263 24648.145433084494 10984
1230 117.6 21672.926343537416 11022.350728396546 83227.423 1198.263 25071.649405900574 11626
1240 135.2 15738.581812869827 8295.201446511677 83227.423 1198.263 24759.440507186384 12802
1250 52.5 18090.311868571443 8374.337838331398 83227.423 1198.263 23897.761762328675 14154
1260 11.3 23451.335707964598 9182.916455231842 83227.423 1198.263 23690.05611519859 14679
1270 1.5 33091.03320000001 8004.085522352005 83227.423 1198.263 23688.232466873993 14792
1280 0.2 42447.825500000006 658.3514999999989 83227.423 1198.263 23697.75782724388 14807
1290 0 0 0 83227.423 1198.263 23700.29008028902 14809
1300 0 0 0 83227.423 1198.263 23700.29008028902 14809
1310 0 0 0 83227.423 1198.263 23700.29008028902 14809
1320 0 0 0 83227.423 1198.263 23700.29008028902 14809
1330 0 0 0 83227.423 1198.263 23700.29008028902 14809
1340 0 0 0 83227.423 1198.263 23700.29008028902 14809
1350 0.1 21114.568 0.0 83227.423 1198.263 23700.29008028902 14809
1360 0 0 0 83227.423 1198.263 23700.115487305884 14810
1370 0 0 0 83227.423 1198.263 23700.115487305884 14810
1380 0.1 34411.79 0.0 83227.423 1198.263 23700.115487305884 14810
1390 0.4 35630.5505 7315.581051569334 83227.423 1198.263 23700.838711565742 14811
1400 1.9 29399.090473684206 11067.237421222882 83227.423 1198.263 23704.059693486346 14815
1410 4.4 25184.443250000008 11079.331579536765 83227.423 1198.263 23711.354124174206 14834
1420 9.6 21689.87112500001 9901.401413675885 83227.423 1198.263 23715.710618429912 14878
1430 17.8 22647.996679775286 7940.295253280824 83227.423 1198.263 23702.7227333378 14974
1440 29 23319.708617241376 9061.068872918775 83227.423 1198.263 23690.332208157353 15152
1450 39.9 23215.012611528855 8965.115890009052 83227.423 1198.263 23683.37191536072 15442
1460 54.5 22754.631616513754 8844.841583426449 83227.423 1198.263 23671.574973107774 15841
1470 71 23230.481184507025 8227.352331377335 83227.423 1198.263 23641.07734529478 16386
1480 93.1 24180.741603651997 8605.895036235299 83227.423 1198.263 23624.025211803943 17096
1490 95.5 25085.94100209425 8528.495841866557 83227.423 1198.263 23652.776693515294 18027
1500 94.8 26555.313810126572 8417.777553491167 83227.423 1198.263 23724.880366189034 18982
1510 82.5 29870.974010909074 8392.97926480342 83227.423 1198.263 23859.514129603624 19930
1520 70.8 34190.924615819196 7963.19079855867 83227.423 1198.263 24098.466401445443 20755
1530 62.8 38065.8695382165 7155.179039916398 83227.423 1198.263 24431.386329497283 21463
1540 54.7 42564.50635648993 6932.519054499451 83227.423 1198.263 24818.985598660092 22091
1550 56.5 45518.44353805305 6075.696643990839 83227.423 1198.263 25247.769053670825 22638
1560 48.5 47083.50277319588 6357.906855350058 83227.423 1198.263 25741.366049045388 23203
1570 53.2 46916.873834586506 7530.117222163873 83227.423 1198.263 26178.335667046613 23688
1580 51.9 44903.14806936424 8261.788102580364 83227.423 1198.263 26633.864251073497 24220
1590 53.4 41396.16673408238 8414.569041020683 83227.423 1198.263 27017.135939569107 24739
1600 62.1 37481.19081159418 9742.708980563151 83227.423 1198.263 27320.954340402808 25273
1610 86.3 30379.764665121747 9787.67908125804 83227.423 1198.263 27564.621091333905 25894
1620 127 20301.69887244087 9857.117589931251 83227.423 1198.263 27655.418598684464 26757
1630 119.9 15161.829429524621 8231.445882057926 83227.423 1198.263 27322.196204124597 28027
1640 47.2 18132.649078389837 8879.346955604604 83227.423 1198.263 26823.31576332718 29226
1650 9.2 25151.051391304343 8909.87161765797 83227.423 1198.263 26685.192163243322 29698
1660 1.8 35177.41511111111 10823.142530355633 83227.423 1198.263 26680.454299832167 29790
1670 0.1 39151.827 0.0 83227.423 1198.263 26685.585314814824 29808
1676 0.1 50026.592 0.0 83227.423 1198.263 26686.003518769507 29809
