20 0.7 6207.558142857144 2115.7546345577725 9468.565 4051.162 0 0
30 1.9 8182.760210526315 3163.5970155408054 15074.394 4051.162 6207.558142857144 7
40 3.6 9178.791027777781 3873.7278919634405 18136.257 2724.862 7650.975038461538 26
50 6 10218.810449999995 4355.887755775211 23432.964 2724.862 8538.094000000001 62
60 4.4 9347.480727272727 3877.399097445948 23432.964 2515.645 9364.675860655736 122
70 3.9 10799.44182051282 4425.739736804834 23432.964 2515.645 9360.11811445783 166
80 5.2 10032.507846153847 4436.02642052307 23432.964 2515.645 9633.94067317073 205
90 6.6 10044.332106060605 3966.463202699607 23432.964 2515.645 9714.58461478599 257
100 5.6 10418.738160714287 4308.248116660632 23432.964 2370.217 9781.963359133124 323
110 4.9 9883.966 4322.70611942024 23432.964 2370.217 9876.051456464378 379
120 3.5 10640.308257142859 4252.515150317745 23432.964 2370.217 9876.957560747662 428
130 5.4 10290.7605 3993.7745215442064 23432.964 2370.217 9934.662257019436 463
140 5.4 9881.016888888887 3980.8241229466953 23918.327 2370.217 9971.856270793034 517
150 4.8 10888.244145833334 4240.338129130441 23918.327 2370.217 9963.265506129594 571
160 4.7 9164.024659574467 4824.7212263901365 28855.681 2314.037 10034.992444264943 619
170 5.7 9317.688350877192 4134.621532942108 28855.681 2314.037 9973.52775075075 666
180 4.9 9260.937877551021 5532.097460541934 28855.681 1729.053 9921.822569847855 723
190 4.7 10521.278468085104 3979.1191785439887 28855.681 1729.053 9879.8752253886 772
200 5.9 10178.618661016948 4011.365483028029 28855.681 1729.053 9916.683470085469 819
210 4.2 9237.150547619047 3437.8123161436424 28855.681 1729.053 9934.28503758542 878
220 4 10480.479850000002 3565.742976155281 28855.681 1729.053 9902.459332608694 920
230 2.3 12918.05569565217 5195.659365733957 28855.681 1729.053 9926.543520833333 960
240 0.7 12465.109714285714 5440.150674396849 28855.681 1729.053 9996.538210579856 983
250 0.2 18130.966500000002 5786.623500000001 28855.681 1729.053 10013.992756565654 990
260 0 0 0 28855.681 1729.053 10030.357622983869 992
270 0 0 0 28855.681 1729.053 10030.357622983869 992
280 0 0 0 28855.681 1729.053 10030.357622983869 992
290 0 0 0 28855.681 1729.053 10030.357622983869 992
300 0 0 0 28855.681 1729.053 10030.357622983869 992
310 1.9 7505.8364210526315 3524.355907370957 28855.681 1729.053 10030.357622983869 992
320 7.7 9001.62677922078 3612.4430997405243 28855.681 1729.053 9982.913604352127 1011
330 9.4 8671.875606382986 3280.7488427811104 28855.681 1729.053 9913.465915441177 1088
340 9.4 10567.008670212765 4916.598799419012 28855.681 1729.053 9814.726923011844 1182
350 10.1 9844.534752475256 4297.013397880226 28855.681 1729.053 9870.145797805642 1276
360 11.2 10856.566874999993 5191.116592780888 28855.681 1729.053 9868.267282498186 1377
370 10 10002.114920000007 4064.1286395910074 28855.681 1729.053 9942.605465413031 1489
380 11 10497.142281818182 4258.745118180901 28855.681 1683.345 9946.35055380743 1589
390 9.2 10765.67445652174 5430.01326725572 32326.256 1454.64 9982.010995291352 1699
400 10.2 10154.892343137259 3741.940621229432 32326.256 1454.64 10022.266181462874 1791
410 10.8 10437.247444444443 4082.868856971181 32326.256 1454.64 10029.412440570526 1893
420 10.4 10865.013817307692 4919.166026316693 32326.256 1454.64 10051.424524737635 2001
430 8.5 9935.479988235296 3930.627348369794 32326.256 1454.64 10091.620860332545 2105
440 9 10511.59317777778 4330.607100033757 32326.256 1454.64 10085.560598173519 2190
450 9.6 10254.222739583334 5140.3348600005 32326.256 1454.64 10102.377673684212 2280
460 9 10392.998700000002 4461.981950919464 32326.256 1454.64 10108.512827861956 2376
470 11.8 10446.096084745763 4313.973422425796 32326.256 1454.64 10118.895523925388 2466
480 10 10947.874099999999 4718.131975590883 32326.256 1454.64 10133.83734520124 2584
490 11 10456.46042727273 5149.0793869452455 33682.192 1454.64 10164.166583457527 2684
500 8.6 10787.483046511625 4699.9730168102715 33682.192 1454.64 10175.674215103794 2794
510 8.1 9889.428604938274 4092.302895206948 33682.192 1454.64 10193.943506597223 2880
520 3.1 12828.464709677422 3894.8087056252048 33682.192 1454.64 10185.613311719015 2961
530 0.6 15123.389833333335 5545.678833300885 33682.192 1454.64 10212.995796122996 2992
540 0 0 0 33682.192 1454.64 10222.823135757173 2998
550 0.1 38294.088 0.0 38294.088 1454.64 10222.823135757173 2998
560 0 0 0 38294.088 1454.64 10232.183344114706 2999
570 0 0 0 38294.088 1454.64 10232.183344114706 2999
580 0 0 0 38294.088 1454.64 10232.183344114706 2999
590 0 0 0 38294.088 1454.64 10232.183344114706 2999
600 2 6481.481100000002 2179.2476107617713 38294.088 1454.64 10232.183344114706 2999
610 7.3 8279.6596849315 2927.020321436848 38294.088 1454.64 10207.33602881749 3019
620 12.5 9712.384688000006 3504.791701981808 38294.088 1454.64 10161.824912031047 3092
630 16.7 11408.96553892217 4243.640066809529 38294.088 1454.64 10144.361428038543 3217
640 15.9 12269.530088050313 4532.763539644967 38294.088 1454.64 10206.769491430257 3384
650 16.6 13103.109180722888 4439.031609679059 38294.088 1454.64 10299.340458086366 3543
660 17.7 13797.205519774 4628.447180364083 38294.088 1454.64 10424.825928012939 3709
670 16.8 14018.509827380953 4840.563457896271 38294.088 1454.64 10578.431483273285 3886
680 17.2 13986.178104651153 4496.222873060265 38294.088 1454.64 10720.990230636406 4054
690 17.7 14046.401395480227 4894.709878464268 38294.088 1454.64 10853.88476786559 4226
700 16.7 15267.352880239512 4627.070881759931 38294.088 1454.64 10982.223501249142 4403
710 18.6 15198.15008602151 4799.500426073924 38294.088 1454.64 11138.81356827133 4570
720 14.4 16914.222208333336 4851.454425845877 38294.088 1454.64 11297.568108284268 4756
730 17 15794.20208235293 5014.586851082413 40893.227 1454.64 11462.628963469384 4900
740 13.8 17476.430434782604 5270.690997397976 40893.227 1454.64 11607.869087771198 5070
750 17.4 17101.340413793107 5440.9588903294 40893.227 1454.64 11763.372441436248 5208
760 15.5 18505.21373548388 5102.962885643284 40893.227 1454.64 11935.948886473425 5382
770 16.7 18209.4125269461 5262.503861562835 40893.227 1454.64 12119.845590753112 5537
780 16.2 19549.951432098766 5449.997884288368 40893.227 1454.64 12298.134103786811 5704
790 17.3 18438.05711560695 5625.831041614248 40893.227 1454.64 12498.405908625975 5866
800 20.3 16746.00497536945 5086.233788979479 40893.227 1454.64 12668.559851134289 6039
810 22.4 15516.143174107141 5210.335150481183 40893.227 1454.64 12801.165003364302 6242
820 28.6 13886.819447552447 4920.258529858349 40893.227 1454.64 12895.21930436127 6466
830 10.5 13860.946323809525 5333.177316798752 40893.227 1454.64 12937.221324644546 6752
840 1.1 15417.113363636361 5365.711617974709 40893.227 1454.64 12951.366158378294 6857
850 0.5 15361.4258 4483.810198797509 40893.227 1454.64 12955.315374927193 6868
860 0 0 0 40893.227 1454.64 12957.065782627667 6873
870 0 0 0 40893.227 1454.64 12957.065782627667 6873
880 0 0 0 40893.227 1454.64 12957.065782627667 6873
890 0 0 0 40893.227 1454.64 12957.065782627667 6873
900 0 0 0 40893.227 1454.64 12957.065782627667 6873
910 0.9 8993.153888888888 1495.849758546065 40893.227 1454.64 12957.065782627667 6873
920 5.7 11764.734912280705 2922.906313192355 40893.227 1454.64 12951.881939697756 6882
930 12 15523.762958333333 3943.460477114736 40893.227 1454.64 12942.13019152615 6939
940 14.8 18855.773479729734 4353.946444833646 40893.227 1454.64 12986.016851395378 7059
950 13.1 21225.9760076336 4539.0917842018125 40893.227 1454.64 13106.55576925211 7207
960 14.4 23346.199388888886 5019.113977272539 40893.227 1454.64 13251.505898882526 7338
970 15.1 25260.355668874185 5293.231319851387 41399.617 1454.64 13445.790296444797 7482
980 11.9 27573.21995798318 5544.094292184502 41770.884 1454.64 13679.512210664217 7633
990 16.7 29879.884143712567 6121.472046120938 52283.397 1454.64 13892.7928120485 7752
1000 15.5 30862.442058064506 6361.937600708707 52283.397 1454.64 14229.936927768653 7919
1010 15.9 32131.277062893067 5405.906389483853 52283.397 1454.64 14549.238178102545 8074
1020 16.1 34244.88087577642 5575.957661307096 57006.257 1454.64 14888.791704481957 8233
1030 15.5 35044.95628387099 5625.540461865726 57006.257 1454.64 15260.048597093157 8394
1040 16.8 35918.64208333331 5514.812239111694 57006.257 1454.64 15618.764317230081 8549
1050 19.1 37619.350701570664 5495.395425942154 57006.257 1454.64 16009.997478260866 8717
1060 19.9 38902.88975879399 5363.32293653982 57006.257 1454.64 16473.332285810506 8908
1070 21 39410.062019047626 4754.159744483811 57006.257 1454.64 16963.447794443833 9107
1080 20.6 40049.5418592233 4358.255520105746 57514.509 1454.64 17469.381999356014 9317
1090 18.8 40839.415452127665 4440.416687000449 57514.509 1454.64 17957.832375406906 9523
1100 23.1 41425.38257142862 4357.781559270383 57514.509 1454.64 18400.808136752134 9711
1110 25.7 41249.869443579744 4509.989764138236 59560.461 1454.64 18935.77863508348 9942
1120 26 41877.38271538458 4835.289328061533 59789.125 1454.64 19498.061342974794 10199
1130 29 40745.96614827585 4980.495314511086 60120.725 1454.64 20054.388291710482 10459
1140 29.2 40733.161150684915 5475.3281041665805 60837.625 1454.64 20612.63162396501 10749
1150 37.3 39122.177627345816 5645.759532054573 62286.171 1454.64 21144.75685010415 11041
1160 34.4 38228.998127906976 6203.83529993281 74668.84 1454.64 21732.243966795155 11414
1170 38.6 36834.5988575129 6339.853097414483 74668.84 1454.64 22214.88416337812 11758
1180 42.8 35794.304771028044 6056.9072950541085 74668.84 1454.64 22679.575358366266 12144
1190 45.5 35302.52063296698 5950.47654987768 74668.84 1454.64 23126.051988068724 12572
1200 53.6 34386.449087686524 5977.492010881535 74668.84 1454.64 23551.345089583167 13027
1210 56.9 33920.41846748688 6030.812826766561 74668.84 1454.64 23979.540602595287 13563
1220 46.6 32464.57377896993 6798.253689638 74668.84 1454.64 24379.792478134725 14132
1230 19.8 30867.932106060623 7300.153038780379 74668.84 1454.64 24637.876331141248 14598
1240 1.1 30005.025818181817 7382.2295354043135 74668.84 1454.64 24721.246907204644 14796
1250 0.2 38482.868 1777.437 74668.84 1454.64 24725.17218362936 14807
1260 0 0 0 74668.84 1454.64 24727.030201836715 14809
1270 0 0 0 74668.84 1454.64 24727.030201836715 14809
1280 0 0 0 74668.84 1454.64 24727.030201836715 14809
1290 0 0 0 74668.84 1454.64 24727.030201836715 14809
1300 0 0 0 74668.84 1454.64 24727.030201836715 14809
1310 0 0 0 74668.84 1454.64 24727.030201836715 14809
1320 0.6 13275.881166666666 2337.0636020138904 74668.84 1454.64 24727.030201836715 14809
1330 1.4 19339.90228571428 3296.9049859508154 74668.84 1454.64 24722.392544448187 14815
1340 3.7 25684.15099999999 3865.2735447769755 74668.84 1454.64 24717.310956773883 14829
1350 3.5 30119.560971428575 4476.251074364206 74668.84 1454.64 24719.717325776935 14866
1360 5.6 33227.35294642859 3946.588626532432 74668.84 1454.64 24732.400671028787 14901
1370 7.1 35308.1029577465 4990.048554606521 74668.84 1454.64 24764.206335762512 14957
1380 9.5 38639.92608421053 4259.397425186889 74668.84 1454.64 24814.021125499065 15028
1390 17 35070.534288235314 7904.5789526111585 74668.84 1454.64 24900.873004827077 15123
1400 25.6 28705.401742187507 10016.364820823961 74668.84 1454.64 25013.92096259726 15293
1410 38.8 23895.000394329883 10173.560721515123 74668.84 1454.64 25074.69780223808 15549
1420 63.3 20382.74989573457 9401.420627504922 74668.84 1454.64 25045.977052142807 15937
1430 81.7 19654.983439412477 8717.745285214362 74668.84 1454.64 24867.834457694622 16570
1440 104.4 19821.785131226014 8102.316340483214 74668.84 1454.64 24622.887124518307 17387
1450 124.7 20257.160441058557 7589.582540412927 74668.84 1151.325 24350.934952579883 18431
1460 119 21386.190653781458 8059.678762499225 74668.84 1151.325 24091.511392468736 19678
1470 123.1 22164.289423233153 8022.719878914925 74668.84 1151.325 23937.24017917384 20868
1480 103.4 22418.022867504846 8492.398032973228 74668.84 1151.325 23838.479946558655 22099
1490 88.9 22940.50793813274 8170.235594170009 74668.84 1151.325 23774.988284442126 23133
1500 70 24234.574214285698 7494.215919724482 74668.84 1151.325 23744.106050328857 24022
1510 51.2 26244.859677734406 7566.984913771605 74668.84 1151.325 23757.993588342353 24722
1520 41.1 29861.889321167884 7066.9202819937145 74668.84 1151.325 23808.452312197816 25234
1530 36.5 33095.26955068495 6162.520017113373 74668.84 1151.325 23905.467816611414 25645
1540 39 36871.12060512825 5168.7938188369 74668.84 1151.325 24034.428894386765 26010
1550 38.3 38960.32557963448 5143.5875202972575 74668.84 1151.325 24224.061840113627 26400
1560 37.7 39772.4430795756 5196.17041878114 74668.84 1151.325 24434.79211723854 26783
1570 40.8 38549.2365392157 5611.944389554272 74668.84 1151.325 24647.689555117813 27160
1580 47.3 36850.18452431286 6164.789830710498 74668.84 1151.325 24853.42922319355 27568
1590 49.4 35437.79750809711 6338.66806897229 74668.84 1151.325 25055.792379194743 28041
1600 51 32941.9192215686 6553.770589965345 74668.84 1151.325 25235.52640876116 28535
1610 51.7 30305.76067504836 6605.7400343763165 74668.84 1151.325 25370.84265370975 29045
1620 24 28089.73838333336 6745.716992546512 74668.84 1151.325 25457.147796021913 29562
1630 0.8 24069.988875 6333.225555063795 74668.84 1151.325 25478.348445003685 29802
1640 0 0 0 74668.84 1151.325 25477.97048872861 29810
1650 0 0 0 74668.84 1151.325 25477.97048872861 29810
1660 0 0 0 74668.84 1151.325 25477.97048872861 29810
1670 0 0 0 74668.84 1151.325 25477.97048872861 29810
1676 0 0 0 74668.84 1151.325 25477.97048872861 29810
