20 0.1 3960.092 0 3960.092 3960.092 0 0
30 1.1 4152.651727272727 1917.1482409074108 7133.291 1467.613 3960.092 1
40 2.8 6100.339857142854 2709.9782064212604 10961.742 1467.613 4136.605083333333 12
50 4.5 5444.856688888888 2557.756997102264 10961.742 1051.077 5511.2194249999975 40
60 5.5 6777.034454545453 3410.5229977082017 16166.992 1051.077 5476.086211764704 85
70 4.5 5910.166533333331 3126.6200963512565 17432.995 1051.077 5987.17302142857 140
80 4.5 5573.870622222221 3389.344274654863 17432.995 1051.077 5968.441713513512 185
90 5.3 5711.375999999999 3165.33830869051 17432.995 1051.077 5891.243021739128 230
100 6.5 6746.062599999998 3167.1982415099537 17432.995 1051.077 5857.557678445228 283
110 4.9 6994.651040816328 4231.718966389659 19451.03 1051.077 6023.514057471262 348
120 4.8 6676.701645833334 4276.946451205552 19451.03 1051.077 6143.377312342568 397
130 3.8 5826.0481315789475 3104.526348571975 19451.03 1051.077 6200.904431460674 445
140 5 5980.795819999999 2739.6372158101276 19451.03 1051.077 6171.412631469978 483
150 5.3 6414.256075471699 3618.291748096789 19451.03 1051.077 6153.531129455909 533
160 5.3 6172.780377358489 3423.681655867473 19451.03 1051.077 6177.112054607507 586
170 4.9 6416.12930612245 3529.829796135919 19451.03 1051.077 6176.752776212831 639
180 5.4 6412.224407407408 3036.0829350915083 19451.03 1051.077 6193.801395348836 688
190 5.1 6049.688392156861 3590.310675605435 20278.231 965.586 6209.697409703503 742
200 4.9 5732.301775510203 2652.076912698094 20278.231 718.329 6199.406791929381 793
210 5.1 6383.622999999998 3290.750741224091 20278.231 718.329 6172.223720902612 842
220 4.6 6534.076869565215 3234.2989116205267 20278.231 718.329 6184.296916013436 893
230 3.3 6249.316969696969 2599.1364909996723 20278.231 718.329 6201.432036208732 939
240 1.3 8569.192846153845 3537.303990222146 20278.231 718.329 6203.057759259258 972
250 0.5 5046.885 1640.6698392489575 20278.231 718.329 6234.285938071065 985
260 0.2 10237.6525 1055.1774999999998 20278.231 718.329 6228.2889636363625 990
270 0 0 0 20278.231 718.329 6236.372357862902 992
280 0 0 0 20278.231 718.329 6236.372357862902 992
290 0 0 0 20278.231 718.329 6236.372357862902 992
300 0 0 0 20278.231 718.329 6236.372357862902 992
310 0.3 6220.5126666666665 2392.6401336188346 20278.231 718.329 6236.372357862902 992
320 4.1 5450.855414634145 2686.6517928007465 20278.231 718.329 6236.324539698491 995
330 8.7 6701.125436781611 3330.6354482003953 20278.231 718.329 6205.23937162162 1036
340 8.7 6215.776034482756 3325.4788878064574 20278.231 718.329 6243.656190560996 1123
350 9.9 6459.766030303033 3147.071005557555 20278.231 718.329 6241.65158429752 1210
360 11.5 6378.955956521739 3589.1897737091153 20278.231 718.329 6258.147634835752 1309
370 9.8 6275.067897959181 3475.366916006756 20278.231 718.329 6267.90392485955 1424
380 10.8 6840.220546296295 3639.3048324242545 20278.231 718.329 6268.365205650459 1522
390 9.8 6539.874459183677 2709.3720386369455 20278.231 718.329 6306.255007361962 1630
400 10 6920.62676 3623.3981592237915 23422.115 718.329 6319.504258680555 1728
410 9.6 6553.929052083332 3896.781413035916 23422.115 718.329 6352.388421772429 1828
420 10.9 6870.632990825688 3924.01780356942 23422.115 718.329 6362.444503118503 1924
430 10.2 6168.27323529412 3014.059700944266 23422.115 718.329 6389.691205115592 2033
440 8.3 6877.795542168674 3593.5759513232706 23422.115 718.329 6379.1129227166275 2135
450 9.2 6112.195565217391 2780.390825566228 23422.115 718.329 6397.774174932371 2218
460 10.6 6689.402179245283 3985.8521647692332 25270.255 718.329 6386.400481385282 2310
470 9.9 6540.095393939393 3975.5323077060284 25270.255 718.329 6399.694430049669 2416
480 9.9 6450.646939393939 2830.4166457042566 25270.255 718.329 6405.221147912525 2515
490 10.4 6185.636625 3665.4392975218802 25270.255 718.329 6406.941558530987 2614
500 10.6 6094.124509433961 3214.455895585703 25270.255 718.329 6398.4736729212655 2718
510 9.1 6608.996681318682 4124.762731318728 25270.255 718.329 6387.049802053824 2824
520 5.3 8337.610886792454 3686.377265314305 25270.255 718.329 6393.978503945111 2915
530 2.7 9401.093629629631 4271.960033622907 25270.255 718.329 6428.686225067385 2968
540 0.3 6597.089333333333 1429.4284588753958 25270.255 718.329 6455.482552253756 2995
550 0 0 0 25270.255 718.329 6455.624253502334 2998
560 0.1 2983.912 0.0 25270.255 718.329 6455.624253502334 2998
570 0 0 0 25270.255 718.329 6454.4666302100695 2999
580 0 0 0 25270.255 718.329 6454.4666302100695 2999
590 0 0 0 25270.255 718.329 6454.4666302100695 2999
600 0.3 2491.199666666667 918.5024780029479 25270.255 718.329 6454.4666302100695 2999
610 3.8 4992.050315789474 2645.880460304144 25270.255 718.329 6450.5060036642235 3002
620 9 6298.981355555555 3060.6586806839405 25270.255 718.329 6432.275307565789 3040
630 13.5 6767.792488888889 3100.715923218391 25270.255 718.329 6428.442574121405 3130
640 16.1 7132.306844720495 3125.648290272489 25270.255 718.329 6442.473887595713 3265
650 14.7 7465.337285714288 3450.7314313734923 25270.255 718.329 6474.891606830122 3426
660 15.6 7835.618224358973 3243.256197502835 25270.255 718.329 6515.640421494542 3573
670 18.2 8573.076483516474 4018.830969858934 25270.255 718.329 6570.86073183159 3729
680 16.5 8427.391169696972 3628.8981517349 25953.039 718.329 6664.0346686269495 3911
690 16.1 8601.197149068328 3352.334848920382 25953.039 718.329 6735.416862610402 4076
700 19 9049.431147368423 4234.184491972123 31644.256 718.329 6806.313871371253 4237
710 14.8 9996.0925472973 4260.554600546321 31644.256 718.329 6902.584999096453 4427
720 16.8 10240.35956547619 4085.009952050431 31644.256 718.329 7002.65912306011 4575
730 14.8 10702.424114864873 4251.096999219671 31644.256 718.329 7117.340479654228 4743
740 14.9 11383.732060402679 4263.546080907605 31644.256 718.329 7225.8238936822745 4891
750 13.9 11738.831122302156 4525.617614998913 31644.256 718.329 7348.746178769842 5040
760 15.5 11858.963148387098 4054.685794817227 31644.256 718.329 7466.572362811355 5179
770 14.5 12891.165620689657 4823.787749607601 32292.299 718.329 7594.210265279341 5334
780 17.7 13314.15330508474 4827.673919637641 32292.299 718.329 7734.392511407193 5479
790 17.2 12960.192093023254 5764.810282669394 32738.35 718.329 7909.006666371995 5656
800 19.1 11548.343010471202 4752.361664416228 32738.35 718.329 8058.080772992451 5828
810 25.1 9422.854151394427 4578.195837494722 32738.35 718.329 8168.836727031069 6019
820 28.9 7354.077595155709 3748.3124176052847 32738.35 718.329 8219.037424561406 6270
830 24.7 7467.829566801624 3814.27894588874 32738.35 718.329 8180.92591507852 6559
840 5.4 8577.371259259258 5007.2444218824385 32738.35 718.329 8155.046573611522 6806
850 1 11683.3242 6495.615128381096 32738.35 718.329 8158.37099533528 6860
860 0.3 11655.176999999998 3072.7672779659056 32738.35 718.329 8163.501931586611 6870
870 0 0 0 32738.35 718.329 8165.026014986181 6873
880 0 0 0 32738.35 718.329 8165.026014986181 6873
890 0 0 0 32738.35 718.329 8165.026014986181 6873
900 0 0 0 32738.35 718.329 8165.026014986181 6873
910 0.1 6972.448 0.0 32738.35 718.329 8165.026014986181 6873
920 0.9 8123.089666666667 2381.704058796978 32738.35 718.329 8164.852523858019 6874
930 4.4 10474.625318181817 3128.293826940565 32738.35 718.329 8164.7979160249915 6883
940 6.1 13036.636721311477 4273.404428213696 32738.35 718.329 8179.469838313847 6927
950 9.1 16338.116186813182 4749.786461990335 32738.35 718.329 8221.869263022327 6988
960 10.1 19588.730594059398 5139.8819719702105 36251.859 718.329 8326.202992371806 7079
970 11.1 22865.28875675676 5869.167354690994 42467.081 718.329 8484.631305431756 7180
980 9.7 25243.877103092782 5524.262383794716 42467.081 718.329 8703.566016321494 7291
990 11.8 26616.681372881343 5571.665654768518 42467.081 718.329 8920.730360584734 7388
1000 10.6 29575.515330188675 5499.253180014478 42467.081 718.329 9198.924101518785 7506
1010 11.8 30937.183872881353 6190.910468017928 43693.945 718.329 9482.675897398845 7612
1020 14.2 32494.171901408437 5409.746891122061 49447.527 718.329 9810.183263648125 7730
1030 13 34393.91190769233 5177.620486013448 49447.527 718.329 10219.371066819105 7872
1040 11.8 35297.693457627116 5146.6790502233125 51340.949 718.329 10612.109170957261 8002
1050 13.8 37967.315833333334 5432.259949667339 54419.3 718.329 10970.840568226602 8120
1060 13 39324.61230769229 5260.902318371575 54933.548 718.329 11421.98050363284 8258
1070 14.7 40868.092931972795 4855.91987703862 54933.548 718.329 11854.42472567954 8388
1080 14.9 41701.032255033526 4154.989806358159 56439.992 718.329 12354.132895137667 8535
1090 16.7 42154.910119760476 4378.657234369316 57047.202 718.329 12857.666751036388 8684
1100 18.3 43099.96080327868 4145.009026093123 60769.569 718.329 13410.444927804765 8851
1110 20.8 43226.49730288463 4120.145678740163 60769.569 718.329 14011.859739096742 9034
1120 23.2 43472.93410775863 4868.938760744957 64217.397 718.329 14669.362943302312 9242
1130 20.4 42091.610254901934 3962.732232855135 64217.397 718.329 15374.706885687141 9474
1140 24.5 40959.882412244886 4217.539664638368 64217.397 718.329 15937.865419198177 9678
1150 29.2 39760.234815068485 5206.198331467711 64217.397 718.329 16555.66186818502 9923
1160 33.4 37765.8552275449 5782.146516961176 64217.397 718.329 17218.974183455695 10215
1170 34.3 35437.23516034988 6181.851070377146 64217.397 718.329 17869.524782443827 10549
1180 35.4 34398.59698870053 5797.670488817948 64217.397 718.329 18422.749595115674 10892
1190 39.1 33841.71606905371 6170.023762237044 64217.397 718.329 18925.635063489233 11246
1200 40.5 33038.358212345716 6044.653001492531 64217.397 718.329 19426.811283578234 11637
1210 57.7 30175.200580589273 6832.3917878211905 64217.397 718.329 19884.59873633947 12042
1220 89.2 24450.150647982024 7981.261601867687 64217.397 718.329 20355.133427212924 12619
1230 102.5 17483.785952195158 7687.941057412549 64217.397 718.329 20625.487609799417 13511
1240 25 14015.799531999999 6592.426173001326 64217.397 718.329 20403.9518228536 14536
1250 2.2 15078.41240909091 7115.282592438275 64217.397 718.329 20295.941673204376 14786
1260 0.1 10281.338 0.0 64217.397 718.329 20288.190076512692 14808
1270 0 0 0 64217.397 718.329 20287.514348774388 14809
1280 0 0 0 64217.397 718.329 20287.514348774388 14809
1290 0 0 0 64217.397 718.329 20287.514348774388 14809
1300 0 0 0 64217.397 718.329 20287.514348774388 14809
1310 0 0 0 64217.397 718.329 20287.514348774388 14809
1320 0 0 0 64217.397 718.329 20287.514348774388 14809
1330 0.1 11648.841 0.0 64217.397 718.329 20287.514348774388 14809
1340 0 0 0 64217.397 718.329 20286.93104875084 14810
1350 0.5 26836.754200000003 3026.018432098614 64217.397 718.329 20286.93104875084 14810
1360 0.6 30757.014000000006 3261.090429370674 64217.397 718.329 20289.14158643267 14815
1370 1.9 34425.640315789475 4164.783768559194 64217.397 718.329 20293.379305512448 14821
1380 2 39161.68374999999 2719.4039537771855 64217.397 718.329 20311.47317068733 14840
1390 5.5 34716.13809090911 9726.988706978946 64217.397 718.329 20336.843575235533 14860
1400 12.5 29008.26979200001 11918.705776979412 64217.397 718.329 20389.868127589678 14915
1410 25.2 21951.090638888887 10804.882700536904 64217.397 718.329 20461.497130784574 15040
1420 28.6 18379.042230769235 9033.80206396798 64217.397 718.329 20486.044447292705 15292
1430 44.1 17502.745149659826 8366.325972361272 64217.397 718.329 20447.3615204776 15578
1440 65.1 17278.17926267284 7748.622670252926 64217.397 718.329 20366.296796117113 16019
1450 86.8 18174.29982603687 7861.838647954154 64217.397 718.329 20245.699044811037 16670
1460 103.1 17808.806971872007 7546.640089224999 64217.397 718.329 20143.180255787433 17538
1470 114.2 18736.500071803865 7584.528990680793 64217.397 718.329 20013.56967601917 18569
1480 120 19649.546668333325 7860.501554508806 64217.397 718.329 19939.57984861245 19711
1490 105.6 20745.216182765158 7590.766942390991 64217.397 718.329 19922.93598574913 20911
1500 95.3 21654.772498426002 7682.63236412579 64217.397 718.329 19962.464728319756 21967
1510 64.3 24638.337231726313 7058.050995640245 64217.397 718.329 20032.829881239097 22920
1520 50.8 27846.6376948819 6214.844367087108 64217.397 718.329 20158.50747858932 23563
1530 40.6 32913.25816256157 6166.5737468214165 64217.397 718.329 20320.75957239002 24071
1540 39.3 36744.62184987283 5010.1108816898095 64217.397 718.329 20529.63134701966 24477
1550 41.1 38520.208063260354 4532.82443626699 64217.397 718.329 20785.86340442301 24870
1560 41.4 39044.225871980634 4960.953688482172 64217.397 718.329 21074.175403741952 25281
1570 42.3 37470.66300945626 5560.41120908123 64217.397 718.329 21363.710367503416 25695
1580 47.8 35979.721046025086 5747.163994737185 64217.397 718.329 21624.574176659782 26118
1590 50 32768.27042399997 6491.6751603648945 64217.397 718.329 21882.573883516325 26596
1600 63.5 28345.558905511825 7523.038088415014 64217.397 718.329 22083.446642235023 27096
1610 82.8 22982.684007246382 7491.189021554203 64217.397 718.329 22226.840002993045 27731
1620 98 15473.13449285716 6960.45138563212 64217.397 718.329 22248.753894779235 28559
1630 25.3 13158.170209486168 6328.221839777006 64217.397 718.329 22023.962703002817 29539
1640 1.7 16800.173529411764 4817.778764663199 64217.397 718.329 21948.6725076195 29792
1650 0.1 31524.589 0.0 64217.397 718.329 21945.7363312087 29809
1660 0 0 0 64217.397 718.329 21946.0576613888 29810
1670 0 0 0 64217.397 718.329 21946.0576613888 29810
1676 0 0 0 64217.397 718.329 21946.0576613888 29810
