0 0.1 1307.567 0 1307.567 1307.567 0 0
10 1.5 4948.3732 2529.5117522827522 10016.5 1307.567 1307.567 1
20 4 7435.123175000002 4209.033887435203 17653.279 882.549 4720.8228125 16
30 5 8141.4621799999995 4130.007668956245 19909.658 882.549 6659.608785714287 56
40 5.6 5569.552214285715 4863.840175317138 26252.874 552.835 7358.596235849058 106
50 4.8 8406.466000000002 5016.876533760242 26252.874 552.835 6740.1612654321 162
60 4.7 8481.859787234045 6819.821592572401 35010.275 503.594 7121.03091904762 210
70 5.9 6774.701491525423 4706.631164171911 35010.275 503.594 7369.89845525292 257
80 3.9 8656.438871794875 6585.520601606102 35010.275 503.594 7258.769908227849 316
90 4.4 7425.008181818182 4168.037123906447 35010.275 503.594 7412.316639436622 355
100 5.3 8473.475207547168 5091.652036835012 35010.275 503.594 7413.716208020051 399
110 4.6 7204.245999999998 5299.8937130368795 35010.275 503.594 7537.979984513275 452
120 5 7046.0016 5356.682147830141 35010.275 503.594 7507.15315060241 498
130 5 8040.731939999995 6670.897325485843 35010.275 503.594 7465.077279197081 548
140 4.9 7638.142632653064 5371.136536034511 35010.275 438.943 7513.208939799332 598
150 4.3 7768.464279069768 5418.663818095677 35010.275 438.943 7522.6706877898 647
160 4.3 8220.806930232557 4678.989767020935 35010.275 438.943 7537.98825942029 690
170 6.2 6167.768693548387 3674.6216556338786 35010.275 438.943 7578.044470668486 733
180 5.7 7198.851333333335 5403.610642934955 35010.275 438.943 7468.060699371069 795
190 4.6 6570.284000000001 5510.87528777527 35010.275 438.943 7450.0502136150235 852
200 4.3 9377.256976744184 5569.149408945897 35010.275 438.943 7404.984238307349 898
210 2.7 9286.898703703706 4375.634271168879 35010.275 438.943 7495.109347502656 941
220 0.9 13183.836777777778 7008.743137328449 35010.275 438.943 7545.086943181817 968
230 0.2 14205.222 2658.8320000000003 35010.275 438.943 7597.030390992835 977
240 0 0 0 35010.275 438.943 7610.530271705822 979
250 0 0 0 35010.275 438.943 7610.530271705822 979
260 0 0 0 35010.275 438.943 7610.530271705822 979
270 0 0 0 35010.275 438.943 7610.530271705822 979
280 0 0 0 35010.275 438.943 7610.530271705822 979
290 2.5 3519.6855199999995 2037.5299786028597 35010.275 438.943 7610.530271705822 979
300 8.6 5003.05034883721 3177.5008114575503 35010.275 438.943 7508.666607569721 1004
310 9.1 6631.039373626378 4688.424827367883 35010.275 438.943 7310.9757834862385 1090
320 8.4 7613.1518928571495 5358.387096760897 35010.275 438.943 7258.5844089754455 1181
330 9.4 7582.261531914895 5745.680446903605 35010.275 438.943 7282.128811067196 1265
340 10.4 7156.571759615386 4946.217055012068 35010.275 438.943 7302.88854304636 1359
350 9.1 7595.046362637363 5353.329123831644 35010.275 438.943 7292.487349965825 1463
360 11 7775.215227272724 5481.383026774717 35010.275 438.943 7310.204769626772 1554
370 10.5 6859.111904761901 5015.378292879262 35010.275 438.943 7340.9446436298085 1664
380 11.4 7849.683377192985 5358.361834292226 35010.275 438.943 7312.345187676655 1769
390 10.1 7727.775841584159 4929.592174779163 35010.275 438.943 7344.87654912374 1883
400 9.5 8112.535073684216 5777.292034951439 35010.275 438.943 7364.368902217743 1984
410 9.3 6788.890569892476 4332.431674722713 35010.275 438.943 7398.556389610391 2079
420 9.6 7141.824187500001 5423.502302696581 35010.275 438.943 7372.451913904238 2172
430 9.4 8865.145340425532 7143.846791704433 39152.192 438.943 7362.689893738979 2268
440 10.2 6827.059539215685 4411.267085933188 39152.192 438.943 7422.482786198138 2362
450 9.3 7088.544473118281 4473.745383397991 39152.192 438.943 7397.834583603896 2464
460 9.3 7645.782397849459 6489.596844008891 47906.204 438.943 7386.585471255377 2557
470 11.7 7208.832068376067 5475.978798256375 47906.204 438.943 7395.681816226415 2650
480 9.6 7085.223687500003 5800.827366263496 47906.204 438.943 7387.781049873509 2767
490 7.3 7104.083602739724 4356.529741078975 47906.204 438.943 7377.6359200139705 2863
500 2.9 9807.369172413793 5480.118358834994 47906.204 438.943 7370.83438079019 2936
510 0.6 19847.985833333336 14164.239184170576 47906.204 438.943 7394.665581112985 2965
520 0.1 7462.075 0.0 47906.204 438.943 7419.815335913833 2971
530 0 0 0 47906.204 438.943 7419.829555181695 2972
540 0 0 0 47906.204 438.943 7419.829555181695 2972
550 0 0 0 47906.204 438.943 7419.829555181695 2972
560 0 0 0 47906.204 438.943 7419.829555181695 2972
570 0 0 0 47906.204 438.943 7419.829555181695 2972
580 0.9 2298.555 881.2897107783442 47906.204 438.943 7419.829555181695 2972
590 9.9 4879.295404040405 2622.534666054936 47906.204 438.943 7404.3678071117065 2981
600 15.9 6183.821591194972 3500.0677538795308 47906.204 438.943 7323.204765584415 3080
610 17.4 6972.573528735631 4578.622214176813 47906.204 438.943 7267.27332849645 3239
620 16.5 8016.066351515151 4988.842248535357 47906.204 438.943 7252.249078523293 3413
630 16.3 8378.242803680987 5603.37290743847 47906.204 438.943 7287.472625209614 3578
640 15.2 8501.045776315781 5344.751381167253 47906.204 438.943 7334.998831863138 3741
650 15.6 8404.168564102558 4871.042621676474 47906.204 438.943 7380.526480349345 3893
660 13.2 7771.025265151513 4191.244841145238 47906.204 438.943 7419.965394912324 4049
670 16.8 9749.30935119047 5744.727388931989 47906.204 438.943 7431.0488445348 4181
680 17.1 9112.869836257305 4803.315111399572 47906.204 438.943 7520.602251092205 4349
690 14.6 10697.907636986298 5517.632679903731 47906.204 438.943 7580.840692920353 4520
700 17.4 10605.921856321842 5004.970451524996 47906.204 438.943 7678.374292113158 4666
710 16.6 11273.27046987952 6183.213970270233 47906.204 438.943 7783.620836776859 4840
720 14.3 10964.75205594406 4916.121448948253 47906.204 438.943 7899.338343587694 5006
730 16.9 12759.197633136097 6347.011111723643 47906.204 438.943 7984.472187220818 5149
740 16.8 12609.874857142862 6047.8884512193135 47906.204 438.943 8136.207538924406 5318
750 17.6 13617.889363636366 6400.448520967416 47906.204 438.943 8273.206465184105 5486
760 16.4 13464.043890243904 5709.894597255961 47906.204 438.943 8439.342846344047 5662
770 16.5 15223.032193939382 6536.678310377757 47906.204 438.943 8580.786542052865 5826
780 16.6 16028.796524096395 6379.282113000911 47906.204 438.943 8763.722701719244 5991
790 21.4 14225.59959813085 6068.714638602618 47906.204 438.943 8959.597682150395 6157
800 22 13714.508068181816 7016.994477540134 47906.204 438.943 9136.481124313292 6371
810 25.8 11855.571992248066 6733.609613728828 47906.204 438.943 9289.290398725532 6591
820 13.4 12062.337888059703 6017.958850837295 47906.204 438.943 9385.961540662869 6849
830 2.4 16998.86825 6882.364601333877 47906.204 438.943 9437.319757840469 6983
840 0.5 25262.118599999998 4042.335567821288 47906.204 438.943 9463.219167546738 7007
850 0.1 46582.493 0.0 47906.204 438.943 9474.48478322875 7012
860 0 0 0 47906.204 438.943 9479.776100527592 7013
870 0 0 0 47906.204 438.943 9479.776100527592 7013
880 0 0 0 47906.204 438.943 9479.776100527592 7013
890 1.3 2096.5270769230765 1004.0574348109513 47906.204 438.943 9479.776100527592 7013
900 13.3 5532.093601503758 2434.21649490288 47906.204 438.943 9466.115093225164 7026
910 14.4 8797.788979166671 4161.312645136051 47906.204 438.943 9393.028788098896 7159
920 11.9 11227.324117647058 5206.936972768558 47906.204 438.943 9381.291894700807 7303
930 10.9 12648.786825688074 5021.108141168115 47906.204 438.943 9410.890093909997 7422
940 12.5 15506.868584000005 5402.460100166337 47906.204 438.943 9457.753822998273 7531
950 13.4 18092.643492537332 5909.16210472457 47906.204 438.943 9556.518105276906 7656
960 17.1 20421.92880701754 6453.521321863551 47906.204 438.943 9703.352611296534 7790
970 17.9 23044.065240223466 6308.939253302261 48922.669 438.943 9933.584558221328 7961
980 15.9 26036.07142138367 6344.479604699506 48922.669 438.943 10221.886283292384 8140
990 17.2 28358.35752906976 6401.024517990221 48922.669 438.943 10524.86922544885 8299
1000 18.6 30070.97582795701 7537.19835809885 54690.642 438.943 10886.97051080156 8471
1010 20.7 33453.886318840574 7239.149967464864 54690.642 438.943 11299.148515767589 8657
1020 22.6 34312.83885840704 6643.277268158864 59374.759 438.943 11816.525628271662 8864
1030 20.4 36059.77459803919 7690.60671945536 84024.549 438.943 12375.83990660066 9090
1040 25.7 37358.93213229572 6242.716804544477 84024.549 438.943 12895.69386367549 9294
1050 21.7 39109.19234101383 6491.924357798206 84024.549 438.943 13553.955012773531 9551
1060 26 40527.50090384615 5747.37039608217 84024.549 438.943 14121.674760954136 9768
1070 24.7 41843.64382591091 5222.715704505861 84024.549 438.943 14806.309264060632 10028
1080 29.4 43357.878659863934 5962.366534692921 84024.549 438.943 15456.25784184915 10275
1090 29.7 44603.48796632994 5152.522407481833 84024.549 438.943 16232.402843315358 10569
1100 29.2 45241.58662671233 5774.672355129564 84024.549 438.943 17007.86872602614 10866
1110 31.8 45450.465044025164 6015.177823907304 84024.549 438.943 17746.732825954474 11158
1120 34.5 45352.33942028981 6089.932396350497 84024.549 438.943 18514.40334227954 11476
1130 35.7 43557.00728011199 5691.905986728669 84024.549 438.943 19297.677849251333 11821
1140 36.7 43563.055125340594 5898.2677534347695 84024.549 438.943 20008.84393619642 12178
1150 43.1 42342.33680974472 7134.074201012077 84024.549 438.943 20697.91492116381 12545
1160 46.2 40155.72442207792 7218.351590467875 84024.549 438.943 21416.837997148577 12976
1170 49.2 37688.66660975614 7182.987861714329 84024.549 438.943 22061.08308781068 13438
1180 30.4 38530.657970394706 8160.406036603527 84024.549 438.943 22613.04081162957 13930
1190 24.9 37873.492457831344 8066.760852893324 84024.549 438.943 22952.998351060836 14234
1200 16.8 37790.200625 7050.9658179176095 84024.549 438.943 23209.519999378575 14483
1210 8 39250.02582500002 7114.1152513630805 84024.549 438.943 23376.713661593058 14651
1220 2 38214.32145 8617.239522339685 84024.549 438.943 23462.917244043165 14731
1230 0.3 49582.70366666667 2710.6375568986623 84024.549 438.943 23482.917792081884 14751
1240 0 0 0 84024.549 438.943 23488.224783922997 14754
1250 0 0 0 84024.549 438.943 23488.224783922997 14754
1260 0 0 0 84024.549 438.943 23488.224783922997 14754
1270 0 0 0 84024.549 438.943 23488.224783922997 14754
1280 0 0 0 84024.549 438.943 23488.224783922997 14754
1290 0 0 0 84024.549 438.943 23488.224783922997 14754
1300 5.7 3992.9857543859653 2022.2030221301357 84024.549 438.943 23488.224783922997 14754
1310 7.9 9397.568759493673 3310.0472802837917 84024.549 438.943 23413.197532239545 14811
1320 4.4 14100.717227272731 5249.646435062791 84024.549 438.943 23338.8365736736 14890
1330 3.6 18870.297916666674 5281.826700656834 84024.549 438.943 23311.618329985264 14934
1340 6.6 22991.930030303025 3863.9273150029335 84024.549 438.943 23300.937799933195 14970
1350 8.9 28113.187853932584 4755.762181790973 84024.549 438.943 23299.58142105613 15036
1360 14.9 32448.694825503364 4372.647693979797 84024.549 438.943 23327.906113454545 15125
1370 15 37838.97715333335 4934.159220632077 84024.549 438.943 23416.88067925887 15274
1380 22.4 40644.08605803573 5961.8870105540545 84024.549 438.943 23557.137063537342 15424
1390 43.1 38155.31340139208 9246.737055548128 84024.549 438.943 23801.735515401328 15648
1400 70.8 29633.88220338981 12709.960582288553 84024.549 438.943 24186.485317557057 16079
1410 109.7 23528.0553454877 11780.574114948426 84024.549 438.943 24416.23196646214 16787
1420 145.3 21559.81964418449 10448.006667244363 84024.549 244.607 24361.751438995743 17884
1430 146 21496.806177397277 9315.808116929242 84024.549 244.607 24151.211701815173 19337
1440 138.8 22390.836252161418 9469.33931318487 84024.549 244.607 23964.865975717654 20797
1450 107.3 22635.866552656116 9653.369547902936 84024.549 244.607 23866.387127112917 22185
1460 89.8 22438.340555679297 9541.07405422761 84024.549 166.392 23809.617474675382 23258
1470 79.1 22248.42870922881 9701.888360798972 84024.549 166.392 23758.64021547442 24156
1480 77.9 22456.07732862645 9515.764543354677 84024.549 166.392 23710.755608049065 24947
1490 64.2 21431.681359813083 8719.368315277225 84024.549 166.392 23672.76313429993 25726
1500 55.9 23055.807300536682 8741.974220768676 84024.549 166.392 23618.1979606341 26368
1510 49.5 26462.96059191917 8995.475297147157 84024.549 166.392 23606.52282493408 26927
1520 37.1 30151.750140161737 7942.517925072767 84024.549 166.392 23658.084953686823 27422
1530 35 34600.17094857139 7376.714031168345 84024.549 166.392 23744.76684424136 27793
1540 31.8 37774.185279874204 6298.595894952733 84024.549 166.392 23879.769915574037 28143
1550 33.1 41152.10732930514 6089.653244284985 84024.549 166.392 24035.014779979625 28461
1560 27 41594.9090481481 6187.099704017465 84024.549 166.392 24231.797137364552 28792
1570 25.4 41696.71277559054 7364.001716181553 84024.549 166.392 24393.108823274382 29062
1580 16.4 39126.50130487807 6957.612722503944 84024.549 166.392 24543.030893266478 29316
1590 12.2 36709.67727049179 7980.609370619787 84024.549 166.392 24624.160104511535 29480
1600 8.7 36752.60199999997 8834.372731996302 84024.549 166.392 24673.968667927842 29602
1610 3.1 34995.80996774194 8204.193185035974 84024.549 166.392 24709.3636323891 29689
1620 0.1 50054.352 0.0 84024.549 166.392 24720.093101985192 29720
1630 0 0 0 84024.549 166.392 24720.945504626357 29721
1640 0 0 0 84024.549 166.392 24720.945504626357 29721
1650 0 0 0 84024.549 166.392 24720.945504626357 29721
1660 0 0 0 84024.549 166.392 24720.945504626357 29721
1670 0 0 0 84024.549 166.392 24720.945504626357 29721
1676 0 0 0 84024.549 166.392 24720.945504626357 29721
