10 1.2 1950.3043333333335 1269.0505398306202 4965.866 698.406 0 0
20 3 2259.854966666666 1521.4365802305288 6185.752 551.871 1950.3043333333335 12
30 5.4 2320.4968703703703 1687.5262274985816 7653.828 551.871 2171.4119285714282 42
40 6.3 2778.663603174603 2154.619637393169 9229.558 551.871 2255.2722083333333 96
50 6.3 2900.233936507935 2043.565618859443 9229.558 431.095 2462.6537044025154 159
60 8 3025.0762500000014 1863.9924047449838 9229.558 431.095 2586.831878378378 222
70 9.8 3784.5517040816317 3085.793876616436 21092.067 431.095 2702.9231026490065 302
80 11 3758.188699999999 2717.2834652915617 21092.067 431.095 2967.92211 400
90 8.3 3430.7421084337348 2629.4616813575294 21092.067 431.095 3138.371766666666 510
100 9.5 3647.259778947368 2803.339148027487 21092.067 431.095 3179.293753794266 593
110 10.4 3524.529298076925 2677.095042869908 21092.067 431.095 3243.9111555232553 688
120 9.9 3700.833262626262 2513.208751748317 21092.067 431.095 3280.7600025252523 792
130 10.7 3450.4966261682243 2138.0378087377812 21092.067 431.095 3327.434809203142 891
140 9.2 3594.77295652174 2679.729293736119 21092.067 431.095 3340.628811623246 998
150 9.5 4033.5042000000026 3150.0721291303516 21092.067 431.095 3362.079510091743 1090
160 9.5 3653.691663157894 2587.2338839362774 21092.067 425.102 3415.906805907173 1185
170 11.4 3282.370947368421 2429.6839172863106 21092.067 425.102 3433.55490078125 1280
180 9.7 3748.8885876288673 2872.209810021301 21092.067 425.102 3421.1912202295553 1394
190 10.4 3632.174048076922 2211.321708058468 21092.067 425.102 3442.510230717639 1491
200 10.3 3169.5296601941754 1987.991884391425 21092.067 425.102 3454.8770250783696 1595
210 8.8 3922.4347159090908 2614.338451458475 21092.067 425.102 3437.5679681978795 1698
220 5.6 4012.2098392857138 2686.9793652374624 21092.067 425.102 3461.45837905935 1786
230 4.6 4856.178739130433 2933.163373923491 21092.067 425.102 3478.2021802388704 1842
240 3.9 4785.333025641026 2562.4915205597845 21092.067 425.102 3511.775761652542 1888
250 2.5 5386.94596 2949.099881061887 21092.067 425.102 3537.550921639854 1927
260 1.2 4061.922083333333 2405.775528943888 21092.067 425.102 3561.236821209016 1952
270 0.5 3502.7369999999996 1373.9002736404123 21092.067 425.102 3564.29599796334 1964
280 0.2 3735.5874999999996 690.7645000000001 21092.067 425.102 3564.1396775012695 1969
290 1 1789.8619999999999 1214.8208298550037 21092.067 425.102 3564.3136478944693 1971
300 7.9 2498.7407721518985 1890.3175601815444 21092.067 425.102 3555.3562948006056 1981
310 8.7 2667.426528735633 2035.053492060696 21092.067 425.102 3514.835602427184 2060
320 8.7 2795.3079885057477 1914.389165912411 21092.067 425.102 3480.497181648812 2147
330 11.1 3092.4318288288273 2375.4179073476957 21092.067 425.102 3453.8134485228284 2234
340 16.4 3149.1373475609735 2178.7485040742063 21092.067 425.102 3436.7075381663108 2345
350 17.2 3372.0630232558146 2287.5447390726836 21092.067 425.102 3417.91060263053 2509
360 20.2 3479.4289356435643 2204.4470455585456 21092.067 425.102 3414.9692435658335 2681
370 21.9 3854.7842922374457 3020.6634621957837 21092.067 425.102 3419.4856701352755 2883
380 21.8 3691.9511330275204 2957.0430805676133 21395.664 425.102 3450.217584461637 3102
390 20.4 3666.50826470588 2663.166813127435 21395.664 425.102 3466.0904499999992 3320
400 20.8 3651.8767403846173 2599.907772879444 21395.664 425.102 3477.6923893303056 3524
410 18.4 3578.3535869565226 2481.5806470411903 21395.664 425.102 3487.400413183279 3732
420 19.3 3702.771170984455 2714.939801592164 21395.664 425.102 3491.674004596526 3916
430 20.1 3278.6574477611935 2224.1260152463437 21395.664 425.102 3501.5892523728394 4109
440 20.8 3499.746826923078 2442.2663614800017 21395.664 425.102 3491.192664733178 4310
450 18 3396.7551833333323 2431.21420450421 21395.664 425.102 3491.5864818503755 4518
460 19.2 3529.296666666663 2631.6250622536495 21395.664 425.102 3487.953098765431 4698
470 19.9 3684.2467939698486 2712.2164175941125 21395.664 425.102 3489.576404498977 4890
480 18.7 3349.130663101605 2105.323575683424 21395.664 425.102 3497.188785616034 5089
490 19.3 3803.2492901554415 2748.5183085172716 21395.664 425.102 3491.941084912812 5276
500 15.3 4116.481392156865 3091.6817147288475 21395.664 425.102 3502.927093984275 5469
510 11.7 4235.933786324785 3206.5094835557807 21395.664 405.876 3519.624676271789 5622
520 8.9 4743.936202247195 2692.3645210090262 21395.664 405.876 3534.227946157867 5739
530 7.7 5021.188142857143 2822.076346021934 21395.664 405.876 3552.7015279684283 5828
540 4.1 4812.08943902439 2587.3249247161193 21395.664 405.876 3571.8502950042334 5905
550 1.6 5733.722374999999 4089.506320743279 21395.664 405.876 3580.402229902455 5946
560 0.7 5846.169142857142 2872.8622882309464 21395.664 405.876 3586.1810159342494 5962
570 0.2 4077.9610000000002 1672.5220000000002 21395.664 405.876 3588.831362204724 5969
580 0.2 1400.873 5.673000000000002 21395.664 405.876 3588.9951972868857 5971
590 6.5 2112.8426153846153 1106.0253101711928 21395.664 405.876 3588.262526201238 5973
600 15.1 3005.8769006622515 1551.909036732458 21395.664 405.876 3572.379403610466 6038
610 14.9 3752.3148456375825 1919.124907730743 21395.664 405.876 3558.5578043302626 6189
620 14.1 5439.007723404252 2351.7175368866056 21395.664 405.876 3563.1128373303873 6338
630 18.6 6620.812881720434 2762.4727312563314 21395.664 405.876 3603.937220558727 6479
640 22.6 7456.637269911505 4137.332483204524 23012.126 405.876 3688.129099474868 6665
650 24.7 8482.180020242922 4562.737687384087 23012.126 405.876 3811.722604992018 6891
660 28.6 9631.015534965027 5238.365475455053 23921.374 405.876 3973.3369201456985 7138
670 28.1 10706.56305338078 6407.60065354392 26630.318 405.876 4191.291672817887 7424
680 27.6 10831.872192028986 6451.875353166249 26630.318 405.876 4428.902478520441 7705
690 29.2 12652.271174657531 7056.629701491583 29937.797 405.876 4650.330825961659 7981
700 31.3 12687.412440894575 7650.46719103971 31973.896 405.876 4932.763629275957 8273
710 26 13667.817646153835 8134.515629257943 32327.395 405.876 5215.45697635686 8586
720 29.3 15076.113368600689 8081.56661464417 34808.82 405.876 5463.887201786118 8846
730 30.6 15435.35728104575 8906.778697764677 36152.352 405.876 5772.059022212496 9139
740 27.5 16276.408567272727 9550.599101895112 42768.927 405.876 6085.1314697723665 9445
750 29.6 17158.10864189185 8573.038764626956 42768.927 405.876 6373.464926748971 9720
760 30.7 17599.91390228014 8990.938518487688 42768.927 405.876 6692.180435902555 10016
770 27.9 17847.905627240147 9279.54829042174 46206.143 405.876 7016.570068197228 10323
780 33.1 19210.759199395765 9707.57388717291 46206.143 405.876 7301.60521448783 10602
790 32.8 17385.404231707307 10325.626317696855 46206.143 405.876 7662.158582182382 10933
800 37.9 17955.615153034312 9853.975215450053 46206.143 405.876 7945.368294734037 11261
810 58.6 14526.65306996586 9007.41464154461 46206.143 405.876 8271.303308419243 11640
820 80.5 10500.951621118009 6182.210353141084 46206.143 405.876 8571.126223539995 12226
830 35 4421.688242857134 2898.173279732896 46206.143 405.876 8690.342664722582 13031
840 28.7 4702.633418118467 3026.4450243840934 46206.143 405.876 8578.68964569165 13381
850 15.6 5360.611038461539 2920.9322269090594 46206.143 405.876 8497.300405326307 13668
860 4.5 5112.945400000002 3024.082636170273 46206.143 405.876 8461.90373712384 13824
870 1.3 4971.301692307693 3392.675895658932 46206.143 405.876 8451.03755173408 13869
880 0.4 7576.281250000001 3666.0185424163756 46206.143 405.876 8447.778902679725 13882
890 0.1 2341.5 0.0 46206.143 405.876 8447.527859138698 13886
900 2.9 4189.338379310345 2029.2610533014977 46206.143 405.876 8447.088165334482 13887
910 5.2 9892.76678846154 3047.358029648749 46206.143 405.876 8438.215303607354 13916
920 8.5 15713.214105882347 3166.4853109044307 46206.143 405.876 8443.630300544097 13968
930 8.2 20718.21367073171 4305.798850430981 46206.143 405.876 8487.600600370024 14053
940 8.4 23612.581797619052 6272.2081414223985 46206.143 405.876 8558.552865794123 14135
950 9 26562.213799999994 8106.796463137122 46206.143 405.876 8647.485873057172 14219
960 9 27209.54618888889 8737.5069588561 46206.143 405.876 8760.164992032982 14309
970 13.4 27304.019902985066 10807.638512447014 46206.143 405.876 8875.481632613371 14399
980 13.9 30340.827251798546 10122.016617072417 51921.129 405.876 9045.400034060409 14533
990 18 31808.99492777776 11280.890373929784 60032.62 405.876 9247.149242298248 14672
1000 16 32350.667056250026 11269.007640077607 60032.62 405.876 9520.58933274979 14852
1010 20.5 34653.171253658584 10954.60591131991 61692.882 405.876 9763.915500865967 15012
1020 23.1 35006.02870129876 11584.83096657896 61692.882 405.876 10099.217953998812 15217
1030 21.6 35631.921824074074 11873.443113942045 62451.373 405.876 10471.659259192125 15448
1040 25.6 37347.70486718745 12360.511359447662 67469.579 405.876 10818.608742977523 15664
1050 27.1 38094.21976752769 12186.815739717227 67469.579 405.876 11245.207273618085 15920
1060 26.5 38890.38627547167 11827.219494657978 67469.579 405.876 11694.597823049839 16191
1070 29.4 41003.53362244896 12608.993994941848 70819.39 405.876 12132.546531113268 16456
1080 30.6 40481.335754901935 12167.205144101408 73312.15 405.876 12639.296991104473 16750
1090 35 41811.57875428572 12794.85962005496 74152.85 405.876 13138.808240032828 17056
1100 33.5 41043.87183283579 12423.89037063212 74152.85 405.876 13715.360559921863 17406
1110 36.3 39895.67749035812 12103.15611566628 77205.617 405.876 14231.39975029592 17741
1120 40.1 40334.84334413966 13355.716128662823 77205.617 405.876 14745.989499502866 18104
1130 41 41429.282631707254 13784.911540161083 77205.617 405.876 15300.495329910831 18505
1140 43.5 39574.3910022988 14000.807110273867 78701.493 405.876 15866.860796140623 18915
1150 52.6 39556.30112927756 14270.946660925776 78701.493 405.876 16399.820777519373 19350
1160 54 38502.51958518524 14630.479553952151 78701.493 405.876 17012.635663060973 19876
1170 52.4 37716.4536354962 15292.760702490008 78701.493 405.876 17581.039724480797 20416
1180 58.3 35618.245464837055 14520.885465993335 78701.493 405.876 18084.90586055396 20940
1190 71.7 37253.14598605304 14437.852653621603 78701.493 405.876 18559.836724713095 21523
1200 76.5 36901.21096601305 13611.456401083791 78701.493 405.876 19162.494222032376 22240
1210 86.3 35655.90857473919 14954.521212370986 78701.493 405.876 19752.371131797438 23005
1220 102.7 28386.38227458617 16368.606280513195 78701.493 405.876 20327.39848278029 23868
1230 189.1 18642.471857747223 15440.618964856061 78701.493 405.876 20659.857866358703 24895
1240 154.4 5101.550866580325 4048.303816934641 78701.493 405.876 20517.437312999326 26786
1250 91.7 5226.915560523443 3279.084919078657 78701.493 405.876 19677.263339357567 28330
1260 27.2 6145.440419117647 3626.6528319922277 78701.493 405.876 19224.192292303484 29247
1270 3.5 6455.176971428571 3788.808890054472 78701.493 405.876 19103.67938504014 29519
1280 0.8 7051.380375 3276.283434205706 78701.493 405.876 19088.700106956756 29554
1290 0.1 11304.669 0.0 78701.493 405.876 19085.442595358905 29562
1300 0.4 4609.9725 780.6107566580476 78701.493 405.876 19085.179402394886 29563
1310 0.9 9911.552 2894.6272461861317 78701.493 405.876 19083.22111012277 29567
1320 1.6 18079.929687500007 4381.163191853117 78701.493 405.876 19080.430164018122 29576
1330 4.1 25246.712975609767 5287.335514119424 78701.493 405.876 19079.889206745065 29592
1340 4.3 31921.050069767447 5322.850201537122 78701.493 405.876 19088.421578577938 29633
1350 2.8 35227.45921428573 7313.386272998952 78701.493 405.876 19107.01583067125 29676
1360 4 35664.9451 10634.804065559692 78701.493 405.876 19122.211508517372 29704
1370 4.4 37790.75429545454 10731.298888671896 78701.493 405.876 19144.458326149816 29744
1380 7.2 34219.46380555557 10335.360314254993 78701.493 405.876 19172.00086081644 29788
1390 23.2 25496.705801724136 12294.828940310234 78701.493 345.916 19208.284093636976 29860
1400 42.8 18191.60747897196 13401.929174264069 78701.493 49.26 19256.765877376052 30092
1410 72.1 14059.920887656031 11768.64048796191 78701.493 16.648 19241.82853155309 30520
1420 106.5 12997.672379342737 11897.804977081561 78701.493 16.648 19122.237116065437 31241
1430 136.8 12538.596190789473 9695.533518257951 78701.493 16.648 18920.3346383644 32306
1440 149.7 13060.9113072812 10410.183256719429 78701.493 16.611 18661.077698402336 33674
1450 149 14552.37162953023 10706.509000094731 78701.493 16.611 18422.715152910074 35171
1460 148.2 15499.327981781404 11538.900448400827 78701.493 16.611 18265.41415594229 36661
1470 145.3 17049.613177563646 13213.545666190012 78701.493 16.029 18157.941232729474 38143
1480 150.5 17269.20445249174 12922.748144578934 78701.493 16.029 18117.270441130426 39596
1490 144.3 17156.78625641024 12431.9157937776 78701.493 16.029 18086.216712196794 41101
1500 131.1 18410.326668192298 11583.21697174928 78701.493 16.029 18054.69245148553 42544
1510 104.5 22354.762532057437 11364.948029937843 78701.493 16.029 18065.323769649993 43855
1520 91.1 26051.447874862813 10090.335348514162 78701.493 16.029 18165.155919020057 44900
1530 83.1 30860.375018050552 9753.784665122452 78701.493 16.029 18321.983143306206 45811
1540 87.3 33859.76897709044 8896.826936206891 78701.493 16.029 18545.37415672571 46642
1550 91 36066.28252197797 9012.623940691601 78701.493 16.029 18826.747758286867 47515
1560 103 36015.52625533983 9744.967674613967 78701.493 16.029 19150.712169953546 48425
1570 108.7 36309.26810119612 11898.928989585991 78701.493 16.029 19501.955896734413 49455
1580 99.8 36272.900424849715 13916.829126438739 78701.493 16.029 19863.42850102886 50542
1590 102.1 33649.521761018674 14303.563410400262 78701.493 16.029 20181.17496940242 51540
1600 107.9 30520.397554216834 15177.74126802875 78701.493 16.029 20442.798265653255 52561
1610 132 24013.304290151493 15248.725457804223 78701.493 16.029 20645.515074608513 53640
1620 203.6 15114.690944007842 13597.0065221219 78701.493 16.029 20726.400841794042 54960
1630 148.1 4841.286301147864 3411.8313841093172 78701.493 16.029 20525.940434890173 56996
1640 80.2 5027.13425311721 3152.928008583245 78701.493 16.029 20128.707800314663 58477
1650 20.1 5502.128228855721 3394.280749583013 78701.493 16.029 19924.394941041523 59279
1660 4.2 5582.12288095238 2968.0762295238214 78701.493 16.029 19875.657960390054 59480
1670 0.7 6751.451571428572 2490.856579743308 78701.493 16.029 19865.572135428924 59522
1676 0.2 4561.492 2465.694 78701.493 16.029 19864.030049320507 59529
