0 1 3097.0339 1339.9467113592575 5420.784 991.091 0 0
10 3.6 7145.062222222223 3358.929256110809 14670.588 991.091 3097.0339 10
20 7.4 11041.882608108112 6953.902555113459 25560.139 991.091 6265.056065217392 46
30 8.9 15307.623528089893 9142.943776291248 33253.604 991.091 9210.76576666667 120
40 11.7 15455.924273504266 9565.92661247961 39677.79 991.091 11807.035339712922 209
50 9.3 16718.108301075266 11170.45733501674 42382.689 991.091 13116.605907975461 326
60 9.8 15871.995571428573 11045.147407346654 42382.689 991.091 13915.984720763723 419
70 9.1 16605.520274725273 11259.177587447637 53269.613 991.091 14286.756603481626 517
80 11.4 18826.4876754386 12117.336619564034 57310.459 991.091 14633.808402960529 608
90 9.6 17525.457135416666 10604.775477728435 57310.459 991.091 15295.810393351803 722
100 9.6 15933.512041666669 8907.7008696402 57310.459 991.091 15557.480426650369 818
110 9 16827.13179999999 12364.350773320293 57441.895 991.091 15596.976088621446 914
120 10.3 16661.26671844661 11181.192091072648 57441.895 991.091 15707.249010956177 1004
130 9.7 17585.44678350515 11472.920450687545 57441.895 991.091 15796.014886178864 1107
140 9.9 17569.956838383838 11871.984318281071 59905.401 991.091 15940.180080564785 1204
150 8.9 18242.37517977528 11208.753673984836 59905.401 991.091 16064.008092095164 1303
160 10.4 17638.05701923077 10997.215009023814 59905.401 991.091 16203.285872844826 1392
170 11.2 15744.52796428571 11663.809531039093 59905.401 991.091 16303.029321524064 1496
180 10.1 16535.964267326723 10780.132500092053 59905.401 991.091 16264.12872947761 1608
190 10.2 17096.43512745098 11801.732966422143 63646.88 991.091 16280.193907548271 1709
200 8 20068.459825 12050.10116043892 63646.88 991.091 16326.166632247376 1811
210 5.3 25851.00796226416 7888.379099211878 63646.88 991.091 16484.486809624534 1891
220 1.9 27527.295526315793 4910.445525358542 63646.88 991.091 16739.84978343621 1944
230 0.6 37549.25399999999 6130.199394163075 63646.88 991.091 16844.26214671421 1963
240 0.2 46375.206 2342.595000000001 63646.88 991.091 16907.355062468254 1969
250 0 0 0 63646.88 991.091 16937.25648401826 1971
260 0 0 0 63646.88 991.091 16937.25648401826 1971
270 0 0 0 63646.88 991.091 16937.25648401826 1971
280 0.3 1379.157 448.5988314392568 63646.88 892.184 16937.25648401826 1971
290 6.8 5225.512676470589 2402.5787623777924 63646.88 892.184 16913.61195592705 1974
300 11.8 8670.46115254237 5375.015419406647 63646.88 892.184 16524.39023653281 2042
310 16.7 13550.409880239522 8714.862653825514 63646.88 892.184 16095.332999537037 2160
320 19.4 16970.604036082488 10052.363638707546 63646.88 892.184 15912.693480446927 2327
330 19.1 15952.51842408376 11182.229317643938 63646.88 892.184 15994.103495438321 2521
340 20.3 17781.145748768464 10824.034923252295 63646.88 892.184 15991.174753318588 2712
350 20.2 17006.2200841584 10680.192336526086 63646.88 892.184 16115.827965008579 2915
360 23.7 16830.056624472563 11270.064902054539 63646.88 892.184 16173.53063041386 3117
370 19.9 16466.665723618094 10439.134736678396 63646.88 892.184 16219.92200208706 3354
380 20 16538.29949500002 10501.52496232606 63646.88 892.184 16233.741872783563 3553
390 19.4 18443.510365979375 11237.599518318155 63646.88 892.184 16249.97196189715 3753
400 20.8 17012.05929807691 10528.465511793484 63646.88 892.184 16357.787125411705 3947
410 19.1 17837.897560209414 12090.386266899672 68275.412 892.184 16390.540100601684 4155
420 19.8 16944.513611111128 11596.358882298464 68275.412 892.184 16454.14922963645 4346
430 16.7 16377.739425149693 10818.141960000517 68275.412 892.184 16475.516339568665 4544
440 20.8 16817.650947115384 10998.629578981489 68275.412 892.184 16472.050250689877 4711
450 19.3 16110.7492746114 10936.840872271932 68275.412 892.184 16486.663982110185 4919
460 20.5 18157.462102439014 11417.730472393583 68275.412 892.184 16472.471584115807 5112
470 20.6 16449.427043689306 11076.772920959187 68275.412 892.184 16537.437364867405 5317
480 19.9 17458.480145728638 10721.836971098743 68275.412 892.184 16534.154705775847 5523
490 13 22401.489038461554 9255.06101382274 68275.412 892.184 16566.300941803565 5722
500 7.8 29789.86523076923 7093.217177580207 68275.412 892.184 16695.927471633633 5852
510 3.7 35042.64783783783 6829.408797203695 68275.412 892.184 16868.15801888702 5930
520 0.3 37445.43 1818.5331506697025 68275.412 892.184 16980.853866599635 5967
530 0.1 46758.855 0.0 68275.412 892.184 16991.137573199332 5970
540 0 0 0 68275.412 892.184 16996.12295545135 5971
550 0 0 0 68275.412 892.184 16996.12295545135 5971
560 0 0 0 68275.412 892.184 16996.12295545135 5971
570 0 0 0 68275.412 892.184 16996.12295545135 5971
580 4.9 4130.575122448979 1741.145851290227 68275.412 892.184 16996.12295545135 5971
590 17.8 6631.297269662925 3431.000676767379 68275.412 892.184 16891.403380066444 6020
600 26.5 11246.623343396222 6684.658008169867 68275.412 892.184 16596.74399193288 6198
610 32.2 14984.330854037253 8702.239616677756 68275.412 892.184 16377.374972613336 6463
620 34.6 18254.53589306359 9433.399480142742 68275.412 892.184 16311.26440427413 6785
630 32.4 20237.892592592583 9313.223098953753 68275.412 892.184 16405.552994250455 7131
640 34.2 22757.29876023394 9146.966448793426 68275.412 892.184 16572.109403353454 7455
650 33.1 23927.57318429003 8455.796369742482 68275.412 892.184 16843.410514043866 7797
660 32.9 24836.473392097287 7555.393218604651 68275.412 892.184 17131.901882627957 8128
670 34.8 26740.950071839092 7930.731803584564 68275.412 892.184 17431.63039470262 8457
680 37.7 27115.312310344805 7224.710559672806 68275.412 892.184 17799.562620442935 8805
690 33.5 28741.971089552237 7754.475556222752 68275.412 892.184 18182.054194511005 9182
700 35 30081.441922857142 8138.914348037138 68601.378 892.184 18553.76504455186 9517
710 32.1 30438.695186915902 7573.86625468742 68601.378 892.184 18962.672200466208 9867
720 34.9 32165.045810888274 7326.467825052133 68601.378 892.184 19324.254785728317 10188
730 35 33983.30337428572 8626.120643835262 75503.65 892.184 19749.55952785424 10537
740 35.2 35107.39279829546 7970.032955290406 75503.65 892.184 20207.15210122165 10887
750 35.3 35947.34265722382 9125.53665406324 75503.65 892.184 20673.820374677474 11239
760 32.8 36880.076384146334 9059.820261934523 75503.65 892.184 21138.930223343697 11592
770 34.4 37280.001715116225 8860.484738544219 75503.65 892.184 21572.075855956387 11920
780 37.4 38591.161729946514 9215.406606514685 75503.65 892.184 22012.676516063282 12264
790 34.6 39923.72869364163 10362.476781488584 79374.63 892.184 22503.288438044 12638
800 44.2 40199.82517420818 9399.344156117819 79374.63 892.184 22967.511507085652 12984
810 35.9 42727.337403899735 8010.2215802410055 79374.63 892.184 23534.819911738425 13426
820 8.4 49225.88932142857 7264.799260447881 79374.63 892.184 24034.646809067835 13785
830 1.6 57360.65587500001 6087.182740765566 79374.63 892.184 24187.221931357715 13869
840 0.1 73327.328 0.0 79374.63 892.184 24225.4484306806 13885
850 0 0 0 79374.63 892.184 24228.98450151233 13886
860 0 0 0 79374.63 892.184 24228.98450151233 13886
870 0 0 0 79374.63 892.184 24228.98450151233 13886
880 0 0 0 79374.63 892.184 24228.98450151233 13886
890 9.4 3836.6899042553187 1527.9411711339937 79374.63 892.184 24228.98450151233 13886
900 22.5 8293.283493333329 3520.511541472504 79374.63 892.184 24091.86892982834 13980
910 27 17526.34786666667 4581.408617581339 79374.63 892.184 23841.627344244996 14205
920 31.3 23939.82686900959 5364.480837708737 79374.63 892.184 23723.829385077734 14475
930 38.8 29670.14269072165 6331.768635491523 79374.63 892.184 23728.40114680824 14788
940 38.8 34527.82093041236 7167.9514909779855 79374.63 892.184 23880.31177668689 15176
950 43.5 39358.9127034483 8168.103773301381 79374.63 892.184 24145.746983037792 15564
960 39.1 43832.16420716112 8473.549981416814 79374.63 892.184 24559.38077817365 15999
970 42.7 47762.06589461358 9959.762120243311 79374.63 892.184 25019.15248779745 16390
980 43 53130.65950465113 10362.447598844756 82709.978 892.184 25596.617197597683 16817
990 44.1 55499.31462131524 11480.936139143652 85672.798 892.184 26283.092421812504 17247
1000 46.1 59210.2488958785 12552.119710236553 90504.681 892.184 27011.51587217324 17688
1010 47.2 62501.05559533901 14463.120391863527 102988.079 892.184 27829.39101261779 18149
1020 51.6 66426.15076744184 14606.145407359756 102988.079 892.184 28708.23885553946 18621
1030 51.7 69856.96420889764 16196.306073399328 103623.568 892.184 29725.24478889065 19137
1040 58.4 72554.6107979454 17813.169449565656 110072.011 892.184 30780.91279235781 19654
1050 54 75501.99417962949 18699.877399423734 116352.511 892.184 31986.35995291039 20238
1060 51.6 80417.1817887597 19175.777608672615 120594.775 892.184 33117.28893945521 20778
1070 61.5 82084.38721300804 20286.560018067074 126823.719 892.184 34263.46836606557 21294
1080 53.9 85339.48414100184 21839.265135805123 138436.14 892.184 35605.83292359306 21909
1090 65.5 86662.79489312971 22357.203322950518 148794.942 892.184 36799.989997995384 22448
1100 61.4 88747.25761400646 23667.284127082745 148794.942 892.184 38213.66515733889 23103
1110 67.3 90299.44882169394 24680.520967045904 148794.942 892.184 39521.90927625755 23717
1120 70 92069.60157714275 25738.42511146216 151677.616 892.184 40923.02793612138 24390
1130 74.4 91163.16114247314 26409.63096063029 151677.616 892.184 42349.99491693904 25090
1140 73.2 95886.44818989075 25642.026673661887 151677.616 892.184 43755.7778259658 25834
1150 62.6 106814.50698083064 18561.89818468748 151677.616 892.184 45192.18717273961 26566
1160 67.3 107912.33035958394 15937.449702309777 151677.616 892.184 46610.82398503237 27192
1170 65.8 109522.10406231001 13434.61623852834 158461.055 892.184 48091.387910748264 27865
1180 49 111815.24966734688 9949.964437374283 158461.055 892.184 49508.53937545141 28523
1190 34.3 114636.89879883379 8314.603680912483 158461.055 892.184 50560.83620938891 29013
1200 16.3 121224.92739263801 7411.546634948431 158461.055 892.184 51309.51073821367 29356
1210 4 128432.86894999999 7148.3793254796765 158925.929 892.184 51695.57438924084 29519
1220 0.4 134746.71725 3857.8792290698666 158925.929 892.184 51799.41727237052 29559
1230 0 0 0 158925.929 892.184 51810.64039586646 29563
1240 0 0 0 158925.929 892.184 51810.64039586646 29563
1250 0 0 0 158925.929 892.184 51810.64039586646 29563
1260 0 0 0 158925.929 892.184 51810.64039586646 29563
1270 0 0 0 158925.929 892.184 51810.64039586646 29563
1280 0 0 0 158925.929 892.184 51810.64039586646 29563
1290 1.4 1977.2355714285711 524.7017711871757 158925.929 892.184 51810.64039586646 29563
1300 14.2 5343.121253521127 2564.8314135193596 158925.929 892.184 51787.05221357813 29577
1310 13.4 16181.759335820892 3292.669664832512 158925.929 892.184 51565.13902012182 29719
1320 20.6 23685.93730097087 4112.787900123165 158925.929 892.184 51406.315019931004 29853
1330 34.8 30734.525146551736 5075.754377094256 158925.929 892.184 51216.342039788426 30059
1340 40.9 38804.25534474326 6393.393175807066 158925.929 892.184 50981.933111619044 30407
1350 46.3 45086.25763498919 7606.074021019863 158925.929 892.184 50820.307001590096 30816
1360 42.9 52540.32050116545 9103.00783675117 158925.929 892.184 50735.430091946684 31279
1370 56.9 57809.05405272403 10329.110076226869 158925.929 892.184 50759.84973322191 31708
1380 73.9 62570.330691474956 12443.608959360672 158925.929 892.184 50884.1177029154 32277
1390 123.5 62281.630697166074 17086.88871621417 158925.929 892.184 51145.69122480011 33016
1400 182.9 59765.10341552766 22680.483068243477 158925.929 892.184 51547.2235960702 34251
1410 235.8 58977.80997073777 26581.79256094946 158925.929 892.184 51963.81179423504 36080
1420 240.8 60098.0730797342 28830.620221416393 158925.929 892.184 52394.08932428846 38438
1430 237.3 61383.91959797712 28717.268535416217 158925.929 892.184 52848.26336539685 40846
1440 222.5 59469.65061258427 27912.84749449504 158925.929 562.727 53316.925579698735 43219
1450 194.8 56619.42987782334 27160.07835980615 158925.929 562.727 53618.1713590793 45444
1460 178.4 51583.832774103095 25601.658544966805 158925.929 562.727 53741.53504059756 47392
1470 160.7 49155.84116116988 24814.05540465735 158925.929 562.727 53663.258221754506 49176
1480 150.1 46295.46520919391 23054.95806699461 158925.929 562.727 53520.62349721362 50783
1490 124.4 44566.24424839227 21211.789525593427 158925.929 562.727 53313.19937912172 52284
1500 118.8 46949.38109680143 20998.68668315068 158925.929 562.727 53109.91862544836 53528
1510 84.8 51700.455036556596 20195.89615493633 158925.929 562.727 52976.1603356605 54716
1520 69.1 57830.50148191034 18014.035532463415 158925.929 562.727 52956.69092932473 55564
1530 55.2 65133.80221014497 16104.174375121489 158925.929 562.727 53016.5576628033 56255
1540 52.8 74100.2840833335 14173.264324070456 158925.929 562.727 53134.302289172105 56807
1550 52 79693.3749057692 11753.752387442857 158925.929 562.727 53327.37874137961 57335
1560 48.9 85819.36163803689 10249.097882303528 158925.929 562.727 53564.35597766831 57855
1570 47.6 91663.96453571435 8694.666540732082 158925.929 562.727 53834.69564872138 58344
1580 38.7 98206.28930232555 7948.949159846196 158925.929 562.727 54140.82846052364 58820
1590 24.6 104620.53614634143 6094.422460823402 158925.929 562.727 54428.85746631311 59207
1600 7.1 113101.28318309858 5308.277695367672 158925.929 562.727 54636.53669116782 59453
1610 0.7 118450.524 2184.111087176916 158925.929 562.727 54706.27321762651 59524
1620 0 0 0 158925.929 562.727 54713.768636071974 59531
1630 0 0 0 158925.929 562.727 54713.768636071974 59531
1640 0 0 0 158925.929 562.727 54713.768636071974 59531
1650 0 0 0 158925.929 562.727 54713.768636071974 59531
1660 0 0 0 158925.929 562.727 54713.768636071974 59531
1670 0 0 0 158925.929 562.727 54713.768636071974 59531
1676 0 0 0 158925.929 562.727 54713.768636071974 59531
