0 79 79
10 163 163
20 243 244
30 297 297
40 314 315
50 369 369
60 391 395
70 383 395
80 382 395
90 387 395
100 385 395
110 383 395
120 383 395
130 378 395
140 382 395
150 381 395
160 398 404
170 380 413
180 384 413
190 355 413
200 272 413
210 185 413
220 129 413
230 83 413
240 43 413
250 19 413
260 7 413
270 2 413
280 85 413
290 290 413
300 401 413
310 511 512
320 613 616
330 733 734
340 760 763
350 799 804
360 814 827
370 806 832
380 791 832
390 762 832
400 734 832
410 741 832
420 743 832
430 740 832
440 731 832
450 773 832
460 788 832
470 789 832
480 695 832
490 491 832
500 344 832
510 226 832
520 141 832
530 65 832
540 24 832
550 9 832
560 2 832
570 0 832
580 326 832
590 654 832
600 884 884
610 1155 1155
620 1419 1419
630 1642 1642
640 1795 1797
650 1951 1952
660 2073 2080
670 2174 2174
680 2267 2269
690 2417 2426
700 2498 2498
710 2628 2628
720 2712 2722
730 2782 2783
740 2893 2893
750 2962 2974
760 3087 3090
770 3218 3218
780 2942 3239
790 2610 3239
800 2229 3239
810 1641 3239
820 837 3239
830 496 3239
840 212 3239
850 59 3239
860 16 3239
870 3 3239
880 0 3239
890 733 3239
900 1494 3239
910 2231 3239
920 2891 3239
930 3575 3575
940 4261 4261
950 4952 4952
960 5623 5623
970 6305 6305
980 6927 6927
990 7512 7512
1000 8121 8122
1010 8705 8705
1020 9226 9228
1030 9791 9791
1040 10304 10304
1050 10818 10818
1060 11360 11360
1070 11841 11841
1080 12388 12388
1090 12140 12467
1100 11810 12467
1110 11444 12467
1120 11049 12467
1130 10643 12467
1140 10208 12467
1150 9679 12467
1160 9142 12467
1170 8617 12467
1180 8032 12467
1190 7318 12467
1200 6554 12467
1210 5689 12467
1220 4666 12467
1230 2772 12467
1240 1161 12467
1250 294 12467
1260 41 12467
1270 8 12467
1280 1 12467
1290 578 12467
1300 2100 12467
1310 3601 12467
1320 5214 12467
1330 6756 12467
1340 8274 12467
1350 9757 12467
1360 11296 12467
1370 12808 12808
1380 14282 14282
1390 15578 15578
1400 16622 16623
1410 17344 17346
1420 17667 17681
1430 17731 17776
1440 17666 17776
1450 17594 17776
1460 17574 17776
1470 17575 17776
1480 17521 17776
1490 16908 17776
1500 15639 17776
1510 14576 17776
1520 13677 17776
1530 12850 17776
1540 11979 17776
1550 11067 17776
1560 10051 17776
1570 8955 17776
1580 7958 17776
1590 6935 17776
1600 5861 17776
1610 4522 17776
1620 2487 17776
1630 1031 17776
1640 245 17776
1650 49 17776
1660 9 17776
1670 2 17776
1676 0 17776
