0 7.9 79
10 9.7 176
20 11 286
30 10.9 395
40 8 475
50 11.6 591
60 10.4 695
70 9.4 789
80 10.3 892
90 9 982
100 9.5 1077
110 10.1 1178
120 9.9 1277
130 10 1377
140 9.5 1472
150 9.6 1568
160 11.3 1681
170 9.3 1774
180 10.4 1878
190 7.4 1952
200 1.9 1971
210 0 1971
220 0 1971
230 0 1971
240 0 1971
250 0 1971
260 0 1971
270 0 1971
280 8.5 2056
290 21.7 2273
300 18.9 2462
310 19.9 2661
320 19.1 2852
330 23 3082
340 19 3272
350 21.6 3488
360 21.4 3702
370 21.6 3918
380 19.6 4114
390 17.4 4288
400 18 4468
410 19.2 4660
420 19.6 4856
430 19.6 5052
440 19.7 5249
450 22.3 5472
460 20.8 5680
470 19.8 5878
480 9.3 5971
490 0 5971
500 0 5971
510 0 5971
520 0 5971
530 0 5971
540 0 5971
550 0 5971
560 0 5971
570 0 5971
580 32.8 6299
590 39.4 6693
600 38.2 7075
610 42.2 7497
620 40.5 7902
630 40.9 8311
640 38.2 8693
650 40.1 9094
660 40.7 9501
670 38 9881
680 37.1 10252
690 44.2 10694
700 39.2 11086
710 38.9 11475
720 37.8 11853
730 37.4 12227
740 39.9 12626
750 36.8 12994
760 42.9 13423
770 41.1 13834
780 5.2 13886
790 0 13886
800 0 13886
810 0 13886
820 0 13886
830 0 13886
840 0 13886
850 0 13886
860 0 13886
870 0 13886
880 0 13886
890 73.5 14621
900 78.9 15410
910 79.1 16201
920 74.4 16945
930 76.9 17714
940 76.7 18481
950 78.1 19262
960 76.2 20024
970 81.4 20838
980 76.1 21599
990 77.7 22376
1000 76.8 23144
1010 79.3 23937
1020 75 24687
1030 77 25457
1040 77.9 26236
1050 77.9 27015
1060 80.9 27824
1070 77.4 28598
1080 85.3 29451
1090 11.2 29563
1100 0 29563
1110 0 29563
1120 0 29563
1130 0 29563
1140 0 29563
1150 0 29563
1160 0 29563
1170 0 29563
1180 0 29563
1190 0 29563
1200 0 29563
1210 0 29563
1220 0 29563
1230 0 29563
1240 0 29563
1250 0 29563
1260 0 29563
1270 0 29563
1280 0 29563
1290 57.8 30141
1300 152.7 31668
1310 150.9 33177
1320 163 34807
1330 158.3 36390
1340 156.2 37952
1350 151 39462
1360 157.8 41040
1370 155.7 42597
1380 155.2 44149
1390 152.2 45671
1400 148.4 47155
1410 144.5 48600
1420 138.6 49986
1430 143 51416
1440 143.2 52848
1450 142.1 54269
1460 145.4 55723
1470 145.2 57175
1480 145 58625
1490 90.6 59531
1500 0 59531
1510 0 59531
1520 0 59531
1530 0 59531
1540 0 59531
1550 0 59531
1560 0 59531
1570 0 59531
1580 0 59531
1590 0 59531
1600 0 59531
1610 0 59531
1620 0 59531
1630 0 59531
1640 0 59531
1650 0 59531
1660 0 59531
1670 0 59531
1676 0 59531
