0 43.2 432
10 119.6 1628
20 171.5 3343
30 207.7 5420
40 247.1 7891
50 268.2 10573
60 284.2 13415
70 271.3 16128
80 282.5 18953
90 295.9 21912
100 289.1 24803
110 272.5 27528
120 284 30368
130 319.8 33566
140 288.5 36451
150 274.2 39193
160 298 42173
170 293.2 45105
180 313.3 48238
190 290.3 51141
200 224.8 53389
210 173.9 55128
220 127.5 56403
230 90.2 57305
240 48.9 57794
250 25.6 58050
260 9.8 58148
270 2.5 58173
280 0.6 58179
290 94.1 59120
300 263 61750
310 345.3 65203
320 432.4 69527
330 499 74517
340 527.9 79796
350 552.7 85323
360 563 90953
370 581.1 96764
380 571.1 102475
390 606.7 108542
400 603.2 114574
410 577.4 120348
420 585.5 126203
430 630.6 132509
440 634.1 138850
450 600.9 144859
460 577 150629
470 604.6 156675
480 623.4 162909
490 484.3 167752
500 340.6 171158
510 249 173648
520 173.3 175381
530 103.9 176420
540 44.4 176864
550 12.5 176989
560 6.5 177054
570 54.4 177598
580 370.4 181302
590 615.8 187460
600 785.7 195317
610 823.3 203550
620 858 212130
630 868.6 220816
640 875.6 229572
650 889.2 238464
660 904.8 247512
670 879.9 256311
680 877.5 265086
690 883.4 273920
700 880.4 282724
710 883.8 291562
720 887.3 300435
730 856.6 309001
740 811 317111
750 855.7 325668
760 862.6 334294
770 866.5 342959
780 884.5 351804
790 936.5 361169
800 974.3 370912
810 989.9 380811
820 898 389791
830 985.5 399646
840 759.7 407243
850 394.7 411190
860 131.2 412502
870 30.4 412806
880 7.1 412877
890 1.3 412890
900 0.4 412894
910 371.8 416612
920 683.5 423447
930 743 430877
940 764.2 438519
950 759.5 446114
960 733.9 453453
970 736.9 460822
980 724.7 468069
990 708.1 475150
1000 724.4 482394
1010 728.2 489676
1020 721.3 496889
1030 737.7 504266
1040 741.1 511677
1050 733.1 519008
1060 717.6 526184
1070 732.8 533512
1080 697.1 540483
1090 724.4 547727
1100 735.4 555081
1110 747.1 562552
1120 783.1 570383
1130 847.9 578862
1140 877.3 587635
1150 934.7 596982
1160 937.6 606358
1170 928.8 615646
1180 885.2 624498
1190 900.3 633501
1200 964.2 643143
1210 1231.4 655457
1220 924.8 664705
1230 376.9 668474
1240 98.3 669457
1250 18.1 669638
1260 3 669668
1270 431.5 673983
1280 604.1 680024
1290 615.1 686175
1300 629 692465
1310 647.4 698939
1320 623.6 705175
1330 618.3 711358
1340 645.3 717811
1350 646.6 724277
1360 625.8 730535
1370 620.6 736741
1380 629.9 743040
1390 663.7 749677
1400 669.5 756372
1410 679 763162
1420 689.9 770061
1430 686.5 776926
1440 673.9 783665
1450 668.7 790352
1460 673.7 797089
1470 667.7 803766
1480 695.5 810721
1490 697.9 817700
1500 760.8 825308
1510 786.6 833174
1520 787.9 841053
1530 805.2 849105
1540 813.3 857238
1550 855.2 865790
1560 875.2 874542
1570 1024.7 884789
1580 1250.9 897298
1590 1340.6 910704
1600 595.3 916657
1610 156.9 918226
1620 27.6 918502
1630 5.7 918559
1640 1.4 918573
1650 0.3 918576
1660 0.1 918577
1662 0.1 918578
