0 9.9 99
10 32.5 424
20 48.8 912
30 63.9 1551
40 78.4 2335
50 94.1 3276
60 107 4346
70 104 5386
80 109 6476
90 109.4 7570
100 112.5 8695
110 103.6 9731
120 109 10821
130 125.2 12073
140 107.1 13144
150 104.5 14189
160 116.2 15351
170 115.6 16507
180 119.3 17700
190 114.4 18844
200 87.4 19718
210 81.4 20532
220 62 21152
230 46.5 21617
240 32.5 21942
250 21.5 22157
260 11.2 22269
270 2.6 22295
280 0.8 22303
290 20.6 22509
300 73.6 23245
310 108.1 24326
320 135.7 25683
330 165.5 27338
340 182.4 29162
350 200.2 31164
360 211.5 33279
370 224.7 35526
380 212.9 37655
390 230.7 39962
400 233.8 42300
410 227.2 44572
420 211 46682
430 238.7 49069
440 243.9 51508
450 232.2 53830
460 221.1 56041
470 233.5 58376
480 238.8 60764
490 205.4 62818
500 153.2 64350
510 124.1 65591
520 96.4 66555
530 73.7 67292
540 38.4 67676
550 11.9 67795
560 7.4 67869
570 10.6 67975
580 99.3 68968
590 181 70778
600 244.7 73225
610 262.7 75852
620 286.8 78720
630 290.1 81621
640 306.1 84682
650 315.6 87838
660 324.1 91079
670 316.8 94247
680 314.4 97391
690 309.3 100484
700 316.4 103648
710 318.2 106830
720 321.3 110043
730 306.6 113109
740 289.2 116001
750 304.1 119042
760 304 122082
770 303.9 125121
780 330.1 128422
790 353.2 131954
800 381.6 135770
810 450.2 140272
820 417.7 144449
830 423.9 148688
840 454.1 153229
850 319.8 156427
860 143.8 157865
870 36.4 158229
880 9.6 158325
890 1.8 158343
900 0.4 158347
910 86.7 159214
920 194.3 161157
930 215.9 163316
940 219.7 165513
950 218.2 167695
960 206.9 169764
970 212.4 171888
980 205.1 173939
990 200.9 175948
1000 209.8 178046
1010 222.4 180270
1020 251.8 182788
1030 292 185708
1040 350.6 189214
1050 366.7 192881
1060 400.2 196883
1070 439.1 201274
1080 415.4 205428
1090 437.9 209807
1100 444.1 214248
1110 521.4 219462
1120 527.9 224741
1130 597.8 230719
1140 625 236969
1150 602.9 242998
1160 591.7 248915
1170 560.8 254523
1180 519.9 259722
1190 478.4 264506
1200 510.7 269613
1210 650.9 276122
1220 661.8 282740
1230 383.6 286576
1240 117.2 287748
1250 25.5 288003
1260 4.4 288047
1270 105.3 289100
1280 146.3 290563
1290 144.7 292010
1300 155.3 293563
1310 159.7 295160
1320 172.1 296881
1330 233.9 299220
1340 310.6 302326
1350 392.3 306249
1360 397.2 310221
1370 389.4 314115
1380 412.2 318237
1390 460.1 322838
1400 487.5 327713
1410 519.4 332907
1420 560 338507
1430 556.9 344076
1440 529 349366
1450 507.5 354441
1460 519.5 359636
1470 527.3 364909
1480 570.8 370617
1490 578.7 376404
1500 613.9 382543
1510 596.8 388511
1520 528.6 393797
1530 505.1 398848
1540 454.7 403395
1550 452.4 407919
1560 445.8 412377
1570 523.3 417610
1580 709.5 424705
1590 921.5 433920
1600 576.5 439685
1610 194.7 441632
1620 37.7 442009
1630 7.2 442081
1640 2.4 442105
1650 0.2 442107
1660 0.2 442109
1662 0.2 442111
