1000 57.9 579
1010 622.5 6804
1020 1203 18834
1030 1816.2 36996
1040 2257.8 59574
1050 2437.2 83946
1060 2525 109196
1070 2450.6 133702
1080 2501 158712
1090 2422.9 182941
1100 2438 207321
1110 1884.8 226169
1120 1052.6 236695
1130 437 241065
1140 83.1 241896
1150 3.9 241935
1160 0 241935
1170 0 241935
1180 0 241935
1190 0 241935
1200 0 241935
1210 0 241935
1220 0 241935
1230 0 241935
1240 0 241935
1250 0 241935
1260 0 241935
1270 0 241935
1280 0 241935
1290 0 241935
1300 0 241935
1310 369.8 245633
1320 1939.5 265028
1330 3406.9 299097
1340 4639 345487
1350 5207.5 397562
1360 5419.4 451756
1370 5534.3 507099
1380 5789.6 564995
1390 6027.8 625273
1400 6058.7 685860
1410 5794.5 743805
1420 5309.7 796902
1430 5078.5 847687
1440 4824.4 895931
1450 4851 944441
1460 4844.2 992883
1470 4078.2 1033665
1480 2613 1059795
1490 1537.2 1075167
1500 716.1 1082328
1510 194.3 1084271
1520 21.3 1084484
1530 0 1084484
1540 0 1084484
1550 0 1084484
1560 0 1084484
1570 0 1084484
1580 0 1084484
1590 0 1084484
1600 0 1084484
1610 0 1084484
1620 0 1084484
1630 0 1084484
1640 0 1084484
1650 0 1084484
1660 0 1084484
1662 0 1084484
