0 8 1.7810375 1.1576766327838488 10.694 0.895 0 0
10 10.6 1.6000943396226408 0.7505797448400714 10.694 0.684 1.7810375 80
20 10.1 1.7652871287128713 2.496058680672208 26.0 0.684 1.6779193548387095 186
30 9.7 1.4792680412371129 0.646287582655045 26.0 0.555 1.7086655052264805 287
40 8.3 1.5209638554216864 0.8089458028487332 26.0 0.555 1.6507187499999996 384
50 9 1.3843333333333336 0.44640589402719827 26.0 0.555 1.6276573875802995 467
60 10.7 1.6249252336448603 1.441588082642704 26.0 0.555 1.5883411131059244 557
70 8.4 1.500238095238095 0.6077092549474237 26.0 0.555 1.5942364457831324 664
80 8.6 1.428709302325581 0.4501678722091134 26.0 0.555 1.5836804812834222 748
90 10.7 1.4949813084112147 0.8020041249725931 26.0 0.555 1.5677002398081532 834
100 8.5 1.4680352941176469 0.7697059705545141 26.0 0.555 1.5594314558979805 941
110 10.4 1.491423076923076 0.8813419040163403 26.0 0.555 1.5518596491228067 1026
120 11.2 1.6493928571428569 1.1656896131623948 26.0 0.555 1.546297345132743 1130
130 10.3 1.3437864077669908 0.48572249559586234 26.0 0.555 1.5555942028985503 1242
140 9.5 12.232105263157893 103.94062068685113 1019.934 0.555 1.539373977695167 1345
150 9 1.4491222222222229 0.7788997058212279 1019.934 0.551 2.2447972222222217 1440
160 8.8 1.4454659090909092 0.7368998012074832 1019.934 0.551 2.197992810457516 1530
170 10.9 1.338605504587156 0.4283172325657921 1019.934 0.551 2.157064276885043 1618
180 9.6 1.5939583333333325 1.1170467193738538 1019.934 0.551 2.1054070642733063 1727
190 10.1 1.4638613861386136 0.7946687712712274 1019.934 0.551 2.0784739440482722 1823
200 1.8 1.7445 0.7579032663283034 1019.934 0.551 2.0462099792099795 1924
210 0 0 0 1019.934 0.551 2.043413491246138 1942
220 0 0 0 1019.934 0.551 2.043413491246138 1942
230 0 0 0 1019.934 0.551 2.043413491246138 1942
240 0 0 0 1019.934 0.551 2.043413491246138 1942
250 0 0 0 1019.934 0.551 2.043413491246138 1942
260 0 0 0 1019.934 0.551 2.043413491246138 1942
270 0 0 0 1019.934 0.551 2.043413491246138 1942
280 0 0 0 1019.934 0.551 2.043413491246138 1942
290 19.2 1.7949843750000019 0.828397181538457 1019.934 0.551 2.043413491246138 1942
300 18.3 1.6161475409836066 0.6857461375151186 1019.934 0.551 2.0210618556701037 2134
310 19.8 1.5207070707070696 0.6108304456920499 1019.934 0.551 1.9890811394044026 2317
320 20.1 1.5594029850746265 1.150514153629816 1019.934 0.551 1.9522071570576542 2515
330 19.4 1.4870154639175264 0.634974173326597 1019.934 0.551 1.9231373343151694 2716
340 19.3 1.570036269430052 0.8530527222106831 1019.934 0.551 1.8940625429553264 2910
350 18.2 1.4498131868131865 0.5629420736520288 1019.934 0.551 1.8739087979374798 3103
360 19.2 1.5289166666666667 1.0629247059672455 1019.934 0.551 1.8504124809741247 3285
370 20.1 1.473905472636816 0.5972275048564951 1019.934 0.551 1.8326594765602529 3477
380 21.6 1.5101805555555554 0.7129882925845656 1019.934 0.551 1.81305383360522 3678
390 20.1 1.4835572139303481 0.6998715645927983 1019.934 0.551 1.7962534668721106 3894
400 18.1 1.4789337016574593 0.5928027035433346 1019.934 0.551 1.7809050061050058 4095
410 20.1 1.5177562189054727 0.683047265887544 1019.934 0.551 1.768122778297474 4276
420 22 1.5378363636363626 0.920849701755471 1019.934 0.551 1.7568822872459233 4477
430 22.1 1.4578959276018106 0.6312792463771422 1019.934 0.551 1.7466225250159673 4697
440 18.2 1.3800879120879124 0.6020050956002014 1019.934 0.551 1.7336480276535173 4918
450 18 1.4214277777777766 0.6942941181961203 1019.934 0.551 1.7210307843137251 5100
460 19.3 1.4652279792746101 0.6151765489413745 1019.934 0.551 1.710817045454545 5280
470 21.4 1.6370093457943922 1.9002671725353415 1019.934 0.551 1.7021565868810522 5473
480 20.1 1.5302985074626865 0.9336959248318071 1019.934 0.551 1.6997051169333564 5687
490 2.2 1.3847727272727275 0.5122450524911422 1019.934 0.551 1.6939220448369563 5888
500 0 0 0 1019.934 0.551 1.6927712351945852 5910
510 0 0 0 1019.934 0.551 1.6927712351945852 5910
520 0 0 0 1019.934 0.551 1.6927712351945852 5910
530 0 0 0 1019.934 0.551 1.6927712351945852 5910
540 0 0 0 1019.934 0.551 1.6927712351945852 5910
550 0 0 0 1019.934 0.551 1.6927712351945852 5910
560 0 0 0 1019.934 0.551 1.6927712351945852 5910
570 15.7 1.519936305732484 0.8313646802768507 1019.934 0.513 1.6927712351945852 5910
580 39.6 1.3793661616161603 0.6098402090483502 1019.934 0.511 1.6882986649085212 6067
590 41.5 1.3579421686746984 0.7750909322666885 1019.934 0.489 1.6693697973077513 6463
600 40.2 1.3998009950248766 1.6146978338764744 1019.934 0.486 1.6505790927595227 6878
610 40.4 1.257606435643566 0.6141674200570818 1019.934 0.486 1.6367311813186811 7280
620 41.5 1.2756915662650592 0.649442026537001 1019.934 0.486 1.6167980218636124 7684
630 38.8 1.2369329896907204 0.7607000950998208 1019.934 0.486 1.5993194221508826 8099
640 40.5 1.2966888888888903 0.9888635412481726 1019.934 0.486 1.582752209261223 8487
650 39.7 1.2060780856423177 1.0783156477673934 1019.934 0.486 1.5697230094466936 8892
660 37.6 1.2250265957446789 0.6636671287650946 1019.934 0.464 1.5541812896974916 9289
670 39.8 1.248211055276382 0.7398550419466378 1019.934 0.464 1.54137609932747 9665
680 36.1 1.2049529085872603 0.595863716313989 1019.934 0.464 1.5297811785749775 10063
690 38.3 1.173613577023499 0.4842279063609337 1019.934 0.438 1.5185318495778972 10424
700 36.2 1.24403591160221 0.8323516119361322 1019.934 0.438 1.5063079485518647 10807
710 37.8 1.2092460317460294 0.6585892010689793 1019.934 0.438 1.4978074133763097 11169
720 41 1.1220756097560967 0.47480625742300725 1019.934 0.438 1.4883611327617563 11547
730 38.9 1.223994858611826 0.6014403106496411 1019.934 0.438 1.4758013715815004 11957
740 39.7 1.275400503778337 1.0084636509634888 1019.934 0.438 1.4678674064474324 12346
750 37.3 1.2798900804289541 1.326148223707322 1019.934 0.438 1.4618712234167779 12743
760 40.4 1.2333019801980183 0.7389084188058876 1019.934 0.438 1.456695943885331 13116
770 25.1 1.20194422310757 0.5065463061118421 1019.934 0.438 1.4500205621301776 13520
780 0 0 0 1019.934 0.438 1.445498947062668 13771
790 0 0 0 1019.934 0.438 1.445498947062668 13771
800 0 0 0 1019.934 0.438 1.445498947062668 13771
810 0 0 0 1019.934 0.438 1.445498947062668 13771
820 0 0 0 1019.934 0.438 1.445498947062668 13771
830 0 0 0 1019.934 0.438 1.445498947062668 13771
840 0 0 0 1019.934 0.438 1.445498947062668 13771
850 0 0 0 1019.934 0.438 1.445498947062668 13771
860 0 0 0 1019.934 0.438 1.445498947062668 13771
870 0 0 0 1019.934 0.438 1.445498947062668 13771
880 0 0 0 1019.934 0.438 1.445498947062668 13771
890 0 0 0 1019.934 0.438 1.445498947062668 13771
900 0 0 0 1019.934 0.438 1.445498947062668 13771
910 68.1 1.3309324522760644 0.6265108925796942 1019.934 0.438 1.445498947062668 13771
920 75.5 1.3107735099337758 0.803363258346553 1019.934 0.438 1.440100401328536 14452
930 76.7 1.2561160365058677 0.6039664209571115 1019.934 0.438 1.433679555467877 15207
940 77.7 1.2265276705276726 0.6759786153120386 1019.934 0.438 1.4251537498434959 15974
950 80.3 1.2409638854296399 0.7305887217781201 1019.934 0.438 1.4159404214673754 16751
960 84.2 1.3656235154394303 1.8354679429673522 1019.934 0.438 1.407936196878205 17554
970 71.1 1.2030478199718722 0.5652974029936753 1019.934 0.438 1.4059995107632097 18396
980 78.4 1.2081696428571431 0.6995191665233667 1019.934 0.408 1.3984473753074793 19107
990 72.5 1.2722496551724127 0.7256231279935825 1019.934 0.408 1.39094761449902 19891
1000 73.4 1.2400776566757514 0.7018493598644892 1019.934 0.408 1.3867733798991078 20616
1010 78.2 1.174126598465471 0.6811028277565311 1019.934 0.408 1.3817300702576114 21350
1020 77.4 1.4373540051679614 2.3098968015592107 1019.934 0.346 1.3743947225736493 22132
1030 83.7 1.122891278375151 1.0702976300326212 1019.934 0.346 1.3765221339387064 22906
1040 72.5 1.09994344827586 0.6110321676518764 1019.934 0.319 1.367581013351304 23743
1050 78.8 1.120337563451776 0.660211906652276 1019.934 0.319 1.3596507683504988 24468
1060 85.6 1.0460922897196245 0.5595634664849589 1019.934 0.319 1.3521840750712704 25256
1070 76.2 1.0726404199475088 0.6639239883474884 1019.934 0.319 1.3421498161764709 26112
1080 78.1 1.1831523687580014 1.0500162225855616 1019.934 0.319 1.3345080002976857 26874
1090 79.2 1.126709595959594 0.6236005354284943 1019.934 0.319 1.3302335924787563 27655
1100 76.4 1.095480366492149 0.5113794104644674 1019.934 0.319 1.3245672302879041 28447
1110 10.8 1.107194444444444 0.44964734037896475 1019.934 0.319 1.3185755708465992 29211
1120 0 0 0 1019.934 0.319 1.3177969234967088 29319
1130 0 0 0 1019.934 0.319 1.3177969234967088 29319
1140 0 0 0 1019.934 0.319 1.3177969234967088 29319
1150 0 0 0 1019.934 0.319 1.3177969234967088 29319
1160 0 0 0 1019.934 0.319 1.3177969234967088 29319
1170 0 0 0 1019.934 0.319 1.3177969234967088 29319
1180 0 0 0 1019.934 0.319 1.3177969234967088 29319
1190 0 0 0 1019.934 0.319 1.3177969234967088 29319
1200 0 0 0 1019.934 0.319 1.3177969234967088 29319
1210 0 0 0 1019.934 0.319 1.3177969234967088 29319
1220 0 0 0 1019.934 0.319 1.3177969234967088 29319
1230 0 0 0 1019.934 0.319 1.3177969234967088 29319
1240 0 0 0 1019.934 0.319 1.3177969234967088 29319
1250 0 0 0 1019.934 0.319 1.3177969234967088 29319
1260 0 0 0 1019.934 0.319 1.3177969234967088 29319
1270 125.1 1.2443980815347722 0.7728219706799382 1019.934 0.319 1.3177969234967088 29319
1280 158 1.1885867088607605 0.7693342474202779 1019.934 0.319 1.3147932613673536 30570
1290 157.8 1.194487325728769 0.7354384965167071 1019.934 0.319 1.3085908864696736 32150
1300 155.5 1.1772675241157522 0.6969222650650413 1019.934 0.319 1.3032524312144214 33728
1310 153.8 1.1406365409622883 0.6825213047858689 1019.934 0.319 1.2976999971657739 35283
1320 163.6 1.127710880195604 1.1545646726278063 1019.934 0.319 1.2911395127780343 36821
1330 150.7 0.9958420703384184 0.5344333915855485 1019.934 0.319 1.2841870920768652 38457
1340 156.7 1.0344594767070814 0.6562686507158679 1019.934 0.319 1.2733139075167652 39964
1350 151 1.0293033112582786 0.5245651135306333 1019.934 0.319 1.2643017264212275 41531
1360 153.4 2.30479139504563 0.8805965210500989 1019.934 0.319 1.256057317441509 43041
1370 148.6 2.499898384925974 0.6309110663621513 1019.934 0.319 1.292148356702187 44575
1380 148.8 2.4742500000000014 0.8346368620737157 1019.934 0.319 1.3311122641714244 46061
1390 150.4 2.2631256648936167 0.754475455045985 1019.934 0.319 1.3668856547982078 47549
1400 152.6 1.9765465268676257 0.8440722260579872 1019.934 0.319 1.3943650133529035 49053
1410 151.3 1.4095161929940525 0.7781776897065058 1019.934 0.319 1.411929792997093 50579
1420 148.9 1.1846682337139014 0.6471758319755566 1019.934 0.319 1.4118596905474923 52092
1430 151.9 1.266562211981568 0.7863594376335441 1019.934 0.319 1.4055461077620794 53581
1440 155.2 1.5114439432989715 1.5977091749384151 1019.934 0.319 1.401714591651542 55100
1450 150.3 1.5201889554224906 0.8303925309035155 1019.934 0.319 1.4047206629951277 56652
1460 159.6 1.5255018796992517 0.8680693501172636 1019.934 0.319 1.4077049092941272 58155
1470 18.5 1.4967675675675676 0.7964944580164006 1019.934 0.319 1.4108513665043259 59751
1480 0 0 0 1019.934 0.319 1.4111165576615052 59936
1490 0 0 0 1019.934 0.319 1.4111165576615052 59936
1500 0 0 0 1019.934 0.319 1.4111165576615052 59936
1510 0 0 0 1019.934 0.319 1.4111165576615052 59936
1520 0 0 0 1019.934 0.319 1.4111165576615052 59936
1530 0 0 0 1019.934 0.319 1.4111165576615052 59936
1540 0 0 0 1019.934 0.319 1.4111165576615052 59936
1550 0 0 0 1019.934 0.319 1.4111165576615052 59936
1560 0 0 0 1019.934 0.319 1.4111165576615052 59936
1570 0 0 0 1019.934 0.319 1.4111165576615052 59936
1580 0 0 0 1019.934 0.319 1.4111165576615052 59936
1590 0 0 0 1019.934 0.319 1.4111165576615052 59936
1600 0 0 0 1019.934 0.319 1.4111165576615052 59936
1610 0 0 0 1019.934 0.319 1.4111165576615052 59936
1620 0 0 0 1019.934 0.319 1.4111165576615052 59936
1630 0 0 0 1019.934 0.319 1.4111165576615052 59936
1640 0 0 0 1019.934 0.319 1.4111165576615052 59936
1650 0 0 0 1019.934 0.319 1.4111165576615052 59936
1660 0 0 0 1019.934 0.319 1.4111165576615052 59936
1662 0 0 0 1019.934 0.319 1.4111165576615052 59936
