0 0.1 0.2529821106985566 0 0.2529821106985566 0.2529821106985566 0 0
10 0.1 0.05622481596784774 0.0 0.2529821106985566 0.05622481596784774 0.2529821106985566 1
20 0.1 0.131202165877024 0.0 0.2529821106985566 0.05622481596784774 0.15460346333320216 2
30 0.1 0.18953200174952617 0.0 0.2529821106985566 0.05622481596784774 0.14680303084780943 3
40 0.1 0.28014413363604174 0.0 0.28014413363604174 0.05622481596784774 0.1574852735732386 4
50 0.1 0.3634735153825325 0.0 0.3634735153825325 0.05622481596784774 0.18201704558579923 5
60 0.1 0.4186758594832165 0.0 0.4186758594832165 0.05622481596784774 0.21225979055192146 6
70 0.1 0.4146006083586816 0.0 0.4186758594832165 0.05622481596784774 0.2417478003992493 7
80 0.1 0.4395650181242448 0.0 0.4395650181242448 0.05622481596784774 0.2633544013941784 8
90 0.1 0.47813496114502385 0.0 0.47813496114502385 0.05622481596784774 0.2829333588086302 9
100 0.1 0.5396395457860194 0.0 0.5396395457860194 0.05622481596784774 0.3024535190422696 10
110 0.1 0.5625175786743336 0.0 0.5625175786743336 0.05622481596784774 0.32401588510988316 11
120 0.1 0.525142226019547 0.0 0.5625175786743336 0.05622481596784774 0.3438910262402541 12
130 0.1 0.6144681205607282 0.0 0.6144681205607282 0.05622481596784774 0.3578334262232766 13
140 0.1 0.6040848635080667 0.0 0.6144681205607282 0.05622481596784774 0.37616447581880885 14
150 0.1 0.5614232443805596 0.0 0.6144681205607282 0.05622481596784774 0.391359168331426 15
160 0.1 0.5560356945760488 0.0 0.6144681205607282 0.05622481596784774 0.40198817308449686 16
170 0.1 0.6599492026481243 0.0 0.6599492026481243 0.05622481596784774 0.41104979199576464 17
180 0.1 0.6215512753774075 0.0 0.6599492026481243 0.05622481596784774 0.4248775370320068 18
190 0.1 0.6754928287433127 0.0 0.6754928287433127 0.05622481596784774 0.4352287864186069 19
200 0.1 0.6338863792493287 0.0 0.6754928287433127 0.05622481596784774 0.44724198853484215 20
210 0.1 0.5171857602214429 0.0 0.6754928287433127 0.05622481596784774 0.45612981666410346 21
220 0.1 0.38406294885405606 0.0 0.6754928287433127 0.05622481596784774 0.45890508682580067 22
230 0.1 0.2830797410652957 0.0 0.6754928287433127 0.05622481596784774 0.4556510808270292 23
240 0.1 0.20711906744379682 0.0 0.6754928287433127 0.05622481596784774 0.44846060833695695 24
250 0.1 0.10826792146411543 0.0 0.6754928287433127 0.05622481596784774 0.43880694670123055 25
260 0.1 0.06038647342995169 0.0 0.6754928287433127 0.05622481596784774 0.42609390726903384 26
270 0.1 0.029147235176548963 0.0 0.6754928287433127 0.029147235176548963 0.412549187497216 27
280 0.1 0.01353461738677772 0.0 0.6754928287433127 0.01353461738677772 0.39885626062862073 28
290 0.1 0.0062459661468634835 0.0 0.6754928287433127 0.0062459661468634835 0.38556930741338474 29
300 0.1 0.1624813823416067 0.0 0.6754928287433127 0.0062459661468634835 0.3729251960378341 30
310 0.1 0.31362007168458783 0.0 0.6754928287433127 0.0062459661468634835 0.36613668591860093 31
320 0.1 0.3523218846093709 0.0 0.6754928287433127 0.0062459661468634835 0.364495541723788 32
330 0.1 0.4409419270100384 0.0 0.6754928287433127 0.0062459661468634835 0.3641266430233511 33
340 0.1 0.49611239655639633 0.0 0.6754928287433127 0.0062459661468634835 0.3663859160817831 34
350 0.1 0.5608431411385741 0.0 0.6754928287433127 0.0062459661468634835 0.37009238695248636 35
360 0.1 0.5753356124405904 0.0 0.6754928287433127 0.0062459661468634835 0.37539101901321104 36
370 0.1 0.6992861237038195 0.0 0.6992861237038195 0.0062459661468634835 0.3807949269436807 37
380 0.1 0.696159658173102 0.0 0.6992861237038195 0.0062459661468634835 0.38917627422684226 38
390 0.1 0.6638044225839395 0.0 0.6992861237038195 0.0062459661468634835 0.3970476430459771 39
400 0.1 0.8104673208742212 0.0 0.8104673208742212 0.0062459661468634835 0.40371656253442617 40
410 0.1 0.8657422359277819 0.0 0.8657422359277819 0.0062459661468634835 0.41363731273783577 41
420 0.1 0.7324289971036236 0.0 0.8657422359277819 0.0062459661468634835 0.42440171567092977 42
430 0.1 0.8178787247343197 0.0 0.8657422359277819 0.0062459661468634835 0.4315651408205273 43
440 0.1 0.9637123240573852 0.0 0.9637123240573852 0.0062459661468634835 0.44034499500038626 44
450 0.1 0.9658865942859524 0.0 0.9658865942859524 0.0062459661468634835 0.45197538009054183 45
460 0.1 0.8928106345518758 0.0 0.9658865942859524 0.0062459661468634835 0.4631473630078333 46
470 0.1 0.8924666236227687 0.0 0.9658865942859524 0.0062459661468634835 0.472289134742813 47
480 0.1 0.8825858619539847 0.0 0.9658865942859524 0.0062459661468634835 0.48104283242781204 48
490 0.1 0.9717332888953694 0.0 0.9717332888953694 0.0062459661468634835 0.4892375881324278 49
500 0.1 0.8717387908139353 0.0 0.9717332888953694 0.0062459661468634835 0.4988875021476866 50
510 0.1 0.6945963114540702 0.0 0.9717332888953694 0.0062459661468634835 0.5061983117293778 51
520 0.1 0.5331389597542563 0.0 0.9717332888953694 0.0062459661468634835 0.5098213501856219 52
530 0.1 0.37692235607709207 0.0 0.9717332888953694 0.0062459661468634835 0.5102613050831433 53
540 0.1 0.2540925563377348 0.0 0.9717332888953694 0.0062459661468634835 0.5077920652867349 54
550 0.1 0.10827130289938056 0.0 0.9717332888953694 0.0062459661468634835 0.5031793469422077 55
560 0.1 0.030188207861425714 0.0 0.9717332888953694 0.0062459661468634835 0.49612741758430007 56
570 0.1 0.023944864347138068 0.0 0.9717332888953694 0.0062459661468634835 0.48795304548389873 57
580 0.1 0.1343344198106822 0.0 0.9717332888953694 0.0062459661468634835 0.4799529044298167 58
590 0.1 0.5616689591930307 0.0 0.9717332888953694 0.0062459661468634835 0.4740949640125432 59
600 0.1 0.8810159312703311 0.0 0.9717332888953694 0.0062459661468634835 0.4755545305988847 60
610 0.1 0.9716033019901692 0.0 0.9717332888953694 0.0062459661468634835 0.4822014388066133 61
620 0.1 0.7511245946228685 0.0 0.9717332888953694 0.0062459661468634835 0.4900950172450577 62
630 0.1 0.7328691828508611 0.0 0.9717332888953694 0.0062459661468634835 0.49423834387010235 63
640 0.1 0.7168271243197991 0.0 0.9717332888953694 0.0062459661468634835 0.49796695072917674 64
650 0.1 0.7402366244372317 0.0 0.9717332888953694 0.0062459661468634835 0.5013340303228786 65
660 0.1 0.7931193236512787 0.0 0.9717332888953694 0.0062459661468634835 0.5049537665973385 66
670 0.1 0.8391315720638242 0.0 0.9717332888953694 0.0062459661468634835 0.5092547450608301 67
680 0.1 0.8886008196035794 0.0 0.9717332888953694 0.0062459661468634835 0.5141058748696977 68
690 0.1 0.9487388460493595 0.0 0.9717332888953694 0.0062459661468634835 0.5195333378368554 69
700 0.1 1.055389690377268 0.0 1.055389690377268 0.0062459661468634835 0.525664845097034 70
710 0.1 1.117884057365927 0.0 1.117884057365927 0.0062459661468634835 0.5331257584108402 71
720 0.1 1.2036380324585922 0.0 1.2036380324585922 0.0062459661468634835 0.5412474014518831 72
730 0.1 1.2332680038363706 0.0 1.2332680038363706 0.0062459661468634835 0.550321245712249 73
740 0.1 1.2115088128672027 0.0 1.2332680038363706 0.0062459661468634835 0.5595502559571696 74
750 0.1 1.2451977636414746 0.0 1.2451977636414746 0.0062459661468634835 0.56824303671597 75
760 0.1 1.2764052430479642 0.0 1.2764052430479642 0.0062459661468634835 0.5771503357544635 76
770 0.1 1.1249895737759612 0.0 1.2764052430479642 0.0062459661468634835 0.5862315683167166 77
780 0.1 1.1077847434466501 0.0 1.2764052430479642 0.0062459661468634835 0.5931387222328609 78
790 0.1 1.0423411944102103 0.0 1.2764052430479642 0.0062459661468634835 0.5996532288305038 79
800 0.1 0.9463458501950205 0.0 1.2764052430479642 0.0062459661468634835 0.6051868284002502 80
810 0.1 1.0119508570710982 0.0 1.2764052430479642 0.0062459661468634835 0.6093986681754944 81
820 0.1 1.1653230028269292 0.0 1.2764052430479642 0.0062459661468634835 0.6143078412108066 82
830 0.1 1.0708453711845245 0.0 1.2764052430479642 0.0062459661468634835 0.6209465780977478 83
840 0.1 1.2025012025012025 0.0 1.2764052430479642 0.0062459661468634835 0.6263025161106855 84
850 0.1 1.3155288697084364 0.0 1.3155288697084364 0.0062459661468634835 0.6330813241858682 85
860 0.1 0.8541310778717554 0.0 1.3155288697084364 0.0062459661468634835 0.641016760761712 86
870 0.1 0.31767855096917996 0.0 1.3155288697084364 0.0062459661468634835 0.6434663506135515 87
880 0.1 0.10099222255770612 0.0 1.3155288697084364 0.0062459661468634835 0.6397642165266837 88
890 0.1 0.03434959561157894 0.0 1.3155288697084364 0.0062459661468634835 0.6337105986169199 89
900 0.1 0.011452010868999406 0.0 1.3155288697084364 0.0062459661468634835 0.6270510319168606 90
910 0.1 0.010410160316468874 0.0 1.3155288697084364 0.0062459661468634835 0.6202862075097413 91
920 0.1 0.6909344810696457 0.0 1.3155288697084364 0.0062459661468634835 0.6136571200402492 92
930 0.1 0.7418630165613083 0.0 1.3155288697084364 0.0062459661468634835 0.6144880594061567 93
940 0.1 0.7952514812995726 0.0 1.3155288697084364 0.0062459661468634835 0.6158431121418498 94
950 0.1 0.8388876120432085 0.0 1.3155288697084364 0.0062459661468634835 0.6177316212908784 95
960 0.1 0.8203059689015215 0.0 1.3155288697084364 0.0062459661468634835 0.6200353295278819 96
970 0.1 0.8566205275528859 0.0 1.3155288697084364 0.0062459661468634835 0.6220999752946204 97
980 0.1 0.930373402389107 0.0 1.3155288697084364 0.0062459661468634835 0.6244930421543985 98
990 0.1 0.9230158813026637 0.0 1.3155288697084364 0.0062459661468634835 0.6275827427628299 99
1000 0.1 0.9428938382984056 0.0 1.3155288697084364 0.0062459661468634835 0.6305370741482281 100
1010 0.1 1.0889197456751198 0.0 1.3155288697084364 0.0062459661468634835 0.6336297153774377 101
1020 0.1 1.337914899839158 0.0 1.337914899839158 0.0062459661468634835 0.6380933431254542 102
1030 0.1 1.5842183861232078 0.0 1.5842183861232078 0.0062459661468634835 0.6448877271712183 103
1040 0.1 1.756566236750039 0.0 1.756566236750039 0.0062459661468634835 0.6539197527380645 104
1050 0.1 1.8582193284073452 0.0 1.8582193284073452 0.0062459661468634835 0.6644211478238927 105
1060 0.1 2.1546181590089386 0.0 2.1546181590089386 0.0062459661468634835 0.6756833948105291 106
1070 0.1 2.4294883857074163 0.0 2.4294883857074163 0.0062459661468634835 0.6895052150366824 107
1080 0.1 2.4227968867687673 0.0 2.4294883857074163 0.0062459661468634835 0.7056161703206706 108
1090 0.1 2.4083036302250465 0.0 2.4294883857074163 0.0062459661468634835 0.7213701218477173 109
1100 0.1 2.3540982234405408 0.0 2.4294883857074163 0.0062459661468634835 0.736705881014784 110
1110 0.1 2.4118447211468035 0.0 2.4294883857074163 0.0062459661468634835 0.7512769831987999 111
1120 0.1 2.1016183193330056 0.0 2.4294883857074163 0.0062459661468634835 0.7661034808590499 112
1130 0.1 1.8578504106497251 0.0 2.4294883857074163 0.0062459661468634835 0.7779221962437751 113
1140 0.1 1.6267472373524585 0.0 2.4294883857074163 0.0062459661468634835 0.7873952507561081 114
1150 0.1 1.508629696184546 0.0 2.4294883857074163 0.0062459661468634835 0.7946939636830329 115
1160 0.1 1.4355815410315305 0.0 2.4294883857074163 0.0062459661468634835 0.8008485820666666 116
1170 0.1 1.5255068501726892 0.0 2.4294883857074163 0.0062459661468634835 0.8062736500920072 117
1180 0.1 1.5113271308773832 0.0 2.4294883857074163 0.0062459661468634835 0.8123688467028605 118
1190 0.1 1.3701772679874868 0.0 2.4294883857074163 0.0062459661468634835 0.8182424457295371 119
1200 0.1 1.5324951523112529 0.0 2.4294883857074163 0.0062459661468634835 0.8228419025816867 120
1210 0.1 1.8175947336624796 0.0 2.4294883857074163 0.0062459661468634835 0.8287068054720137 121
1220 0.1 1.751514330097897 0.0 2.4294883857074163 0.0062459661468634835 0.8368124442276732 122
1230 0.1 1.5017769116129773 0.0 2.4294883857074163 0.0062459661468634835 0.8442490449258051 123
1240 0.1 0.8600941313674039 0.0 2.4294883857074163 0.0062459661468634835 0.849551689011992 124
1250 0.1 0.3029041324034558 0.0 2.4294883857074163 0.0062459661468634835 0.8496360285508352 125
1260 0.1 0.06246226238314352 0.0 2.4294883857074163 0.0062459661468634835 0.8452968865179196 126
1270 0.1 0.04060723433497845 0.0 2.4294883857074163 0.0062459661468634835 0.839132834359378 127
1280 0.1 0.7269958487181092 0.0 2.4294883857074163 0.0062459661468634835 0.8328943531091875 128
1290 0.1 0.7694395723711684 0.0 2.4294883857074163 0.0062459661468634835 0.8320734344704969 129
1300 0.1 0.9380706422497 0.0 2.4294883857074163 0.0062459661468634835 0.8315916355312714 130
1310 0.1 1.0462238835579964 0.0 2.4294883857074163 0.0062459661468634835 0.8324044523764501 131
1320 0.1 1.5612769909934356 0.0 2.4294883857074163 0.0062459661468634835 0.8340242965520679 132
1330 0.1 2.2156959061882713 0.0 2.4294883857074163 0.0062459661468634835 0.8394923619238075 133
1340 0.1 2.9764887663910464 0.0 2.9764887663910464 0.0062459661468634835 0.8497625376272737 134
1350 0.1 3.4985209419979304 0.0 3.4985209419979304 0.0062459661468634835 0.865516065247746 135
1360 0.1 3.8503344481605346 0.0 3.8503344481605346 0.0062459661468634835 0.8848763952238503 136
1370 0.1 4.212649444026419 0.0 4.212649444026419 0.0062459661468634835 0.9065220744423663 137
1380 0.1 4.279903380632208 0.0 4.279903380632208 0.0062459661468634835 0.930479519149497 138
1390 0.1 4.378386293747254 0.0 4.378386293747254 0.0062459661468634835 0.9545760936925383 139
1400 0.1 4.597965520485933 0.0 4.597965520485933 0.0062459661468634835 0.9790318808357861 140
1410 0.1 4.907853611114015 0.0 4.907853611114015 0.0062459661468634835 1.0046980768616736 141
1420 0.1 5.007468376907569 0.0 5.007468376907569 0.0062459661468634835 1.0321850876662675 142
1430 0.1 4.929144203797745 0.0 5.007468376907569 0.0062459661468634835 1.059984271507116 143
1440 0.1 4.653995086813508 0.0 5.007468376907569 0.0062459661468634835 1.0868534377035786 144
1450 0.1 4.418248334948876 0.0 5.007468376907569 0.0062459661468634835 1.1114544145939917 145
1460 0.1 4.2870815388136405 0.0 5.007468376907569 0.0062459661468634835 1.13410368802108 146
1470 0.1 4.340812588460578 0.0 5.007468376907569 0.0062459661468634835 1.1555525169380363 147
1480 0.1 3.878777811231429 0.0 5.007468376907569 0.0062459661468634835 1.1770745444483237 148
1490 0.1 3.280780002074474 0.0 5.007468376907569 0.0062459661468634835 1.1952067811381433 149
1500 0.1 2.823132070780324 0.0 5.007468376907569 0.0062459661468634835 1.209110602611052 150
1510 0.1 2.424725781225724 0.0 5.007468376907569 0.0062459661468634835 1.219799486506213 151
1520 0.1 2.1193068230078413 0.0 5.007468376907569 0.0062459661468634835 1.2277266331819994 152
1530 0.1 1.993200522398889 0.0 5.007468376907569 0.0062459661468634835 1.233553954684129 153
1540 0.1 1.9635489021128365 0.0 5.007468376907569 0.0062459661468634835 1.2384867246043547 154
1550 0.1 1.897755688597902 0.0 5.007468376907569 0.0062459661468634835 1.2431645451044095 155
1560 0.1 1.8429828480006647 0.0 5.007468376907569 0.0062459661468634835 1.2473606421780856 156
1570 0.1 1.7493863626908517 0.0 5.007468376907569 0.0062459661468634835 1.2511544141896944 157
1580 0.1 1.7530527477332112 0.0 5.007468376907569 0.0062459661468634835 1.25430778095236 158
1590 0.1 1.9118045849934289 0.0 5.007468376907569 0.0062459661468634835 1.2574445417497238 159
1600 0.1 1.9187406046433941 0.0 5.007468376907569 0.0062459661468634835 1.261534292019997 160
1610 0.1 1.1686456845594904 0.0 5.007468376907569 0.0062459661468634835 1.2656163188064777 161
1620 0.1 0.39789179842926486 0.0 5.007468376907569 0.0062459661468634835 1.2650177346444593 162
1630 0.1 0.08329775824908112 0.0 5.007468376907569 0.0062459661468634835 1.2596979436247342 163
1640 0.1 0.033310432411050736 0.0 5.007468376907569 0.0062459661468634835 1.2525247717626875 164
1650 0.1 0.015615077919238815 0.0 5.007468376907569 0.0062459661468634835 1.2451355939484352 165
1660 0.1 0.00937002217571915 0.0 5.007468376907569 0.0062459661468634835 1.2377288438518739 166
