0 0.1 0.0703125 0 0.0703125 0.0703125 0 0
10 0.1 0.05859375 0.0 0.0703125 0.05859375 0.0703125 1
20 0.1 0.12890625 0.0 0.12890625 0.05859375 0.064453125 2
30 0.1 0.109375 0.0 0.12890625 0.05859375 0.0859375 3
40 0.1 0.08984375 0.0 0.12890625 0.05859375 0.091796875 4
50 0.1 0.1484375 0.0 0.1484375 0.05859375 0.09140625 5
60 0.1 0.2109375 0.0 0.2109375 0.05859375 0.10091145833333333 6
70 0.1 0.171875 0.0 0.2109375 0.05859375 0.11662946428571429 7
80 0.1 0.30078125 0.0 0.30078125 0.05859375 0.12353515625 8
90 0.1 0.25 0.0 0.30078125 0.05859375 0.14322916666666666 9
100 0.1 0.6796875 0.0 0.6796875 0.05859375 0.15390625 10
110 0.1 0.578125 0.0 0.6796875 0.05859375 0.20170454545454544 11
120 0.1 0.48828125 0.0 0.6796875 0.05859375 0.23307291666666666 12
130 0.1 0.41015625 0.0 0.6796875 0.05859375 0.2527043269230769 13
140 0.1 0.4296875 0.0 0.6796875 0.05859375 0.26395089285714285 14
150 0.1 0.44140625 0.0 0.6796875 0.05859375 0.275 15
160 0.1 0.37890625 0.0 0.6796875 0.05859375 0.285400390625 16
170 0.1 0.62890625 0.0 0.6796875 0.05859375 0.29090073529411764 17
180 0.1 0.53125 0.0 0.6796875 0.05859375 0.3096788194444444 18
190 0.1 0.44921875 0.0 0.6796875 0.05859375 0.32134046052631576 19
200 0.1 0.37890625 0.0 0.6796875 0.05859375 0.32773437499999997 20
210 0.1 0.3984375 0.0 0.6796875 0.05859375 0.33017113095238093 21
220 0.1 0.421875 0.0 0.6796875 0.05859375 0.3332741477272727 22
230 0.1 0.3515625 0.0 0.6796875 0.05859375 0.33712635869565216 23
240 0.1 0.30078125 0.0 0.6796875 0.05859375 0.3377278645833333 24
250 0.1 0.25 0.0 0.6796875 0.05859375 0.33625 25
260 0.1 0.2109375 0.0 0.6796875 0.05859375 0.3329326923076923 26
270 0.1 0.1796875 0.0 0.6796875 0.05859375 0.32841435185185186 27
280 0.1 0.1484375 0.0 0.6796875 0.05859375 0.32310267857142855 28
290 0.1 0.12890625 0.0 0.6796875 0.05859375 0.31707974137931033 29
300 0.1 0.109375 0.0 0.6796875 0.05859375 0.31080729166666665 30
310 0.1 0.25 0.0 0.6796875 0.05859375 0.3043094758064516 31
320 0.1 0.2109375 0.0 0.6796875 0.05859375 0.3026123046875 32
330 0.1 0.25 0.0 0.6796875 0.05859375 0.2998342803030303 33
340 0.1 0.2109375 0.0 0.6796875 0.05859375 0.29836856617647056 34
350 0.1 0.328125 0.0 0.6796875 0.05859375 0.29587053571428573 35
360 0.1 0.359375 0.0 0.6796875 0.05859375 0.2967664930555556 36
370 0.1 0.30078125 0.0 0.6796875 0.05859375 0.29845861486486486 37
380 0.1 0.26171875 0.0 0.6796875 0.05859375 0.29851973684210525 38
390 0.1 0.21875 0.0 0.6796875 0.05859375 0.2975761217948718 39
400 0.1 0.1796875 0.0 0.6796875 0.05859375 0.29560546875 40
410 0.1 0.23046875 0.0 0.6796875 0.05859375 0.2927782012195122 41
420 0.1 0.33984375 0.0 0.6796875 0.05859375 0.29129464285714285 42
430 0.1 0.37109375 0.0 0.6796875 0.05859375 0.29242369186046513 43
440 0.1 0.46875 0.0 0.6796875 0.05859375 0.2942116477272727 44
450 0.1 0.46875 0.0 0.6796875 0.05859375 0.2980902777777778 45
460 0.1 0.3984375 0.0 0.6796875 0.05859375 0.3018002717391305 46
470 0.1 0.5 0.0 0.6796875 0.05859375 0.3038563829787234 47
480 0.1 0.5703125 0.0 0.6796875 0.05859375 0.3079427083333333 48
490 0.1 0.55859375 0.0 0.6796875 0.05859375 0.313297193877551 49
500 0.1 0.7890625 0.0 0.7890625 0.05859375 0.318203125 50
510 0.1 0.75 0.0 0.7890625 0.05859375 0.3274356617647059 51
520 0.1 0.62890625 0.0 0.7890625 0.05859375 0.33556189903846156 52
530 0.1 0.5390625 0.0 0.7890625 0.05859375 0.34109669811320753 53
540 0.1 0.44921875 0.0 0.7890625 0.05859375 0.34476273148148145 54
550 0.1 0.37890625 0.0 0.7890625 0.05859375 0.34666193181818183 55
560 0.1 0.3203125 0.0 0.7890625 0.05859375 0.3472377232142857 56
570 0.1 0.26953125 0.0 0.7890625 0.05859375 0.34676535087719296 57
580 0.1 0.23046875 0.0 0.7890625 0.05859375 0.34543372844827586 58
590 0.1 0.26953125 0.0 0.7890625 0.05859375 0.3434851694915254 59
600 0.1 0.23046875 0.0 0.7890625 0.05859375 0.34225260416666664 60
610 0.1 0.4296875 0.0 0.7890625 0.05859375 0.34042008196721313 61
620 0.1 0.51953125 0.0 0.7890625 0.05859375 0.34185987903225806 62
630 0.1 0.51953125 0.0 0.7890625 0.05859375 0.34468005952380953 63
640 0.1 0.51953125 0.0 0.7890625 0.05859375 0.347412109375 64
650 0.1 0.44140625 0.0 0.7890625 0.05859375 0.35006009615384615 65
660 0.1 0.51953125 0.0 0.7890625 0.05859375 0.3514441287878788 66
670 0.1 0.44140625 0.0 0.7890625 0.05859375 0.3539528917910448 67
680 0.1 0.37109375 0.0 0.7890625 0.05859375 0.3552389705882353 68
690 0.1 0.69140625 0.0 0.7890625 0.05859375 0.35546875 69
700 0.1 0.73828125 0.0 0.7890625 0.05859375 0.36026785714285714 70
710 0.1 0.78125 0.0 0.7890625 0.05859375 0.3655919894366197 71
720 0.1 0.80859375 0.0 0.80859375 0.05859375 0.37136501736111105 72
730 0.1 0.6796875 0.0 0.80859375 0.05859375 0.37735445205479445 73
740 0.1 0.578125 0.0 0.80859375 0.05859375 0.3814400337837837 74
750 0.1 0.87890625 0.0 0.87890625 0.05859375 0.3840625 75
760 0.1 1.05078125 0.0 1.05078125 0.05859375 0.3905736019736842 76
770 0.1 1.12109375 0.0 1.12109375 0.05859375 0.39914772727272724 77
780 0.1 0.94140625 0.0 1.12109375 0.05859375 0.4084034455128205 78
790 0.1 1.0390625 0.0 1.12109375 0.05859375 0.4151503164556962 79
800 0.1 0.87890625 0.0 1.12109375 0.05859375 0.42294921875 80
810 0.1 0.8203125 0.0 1.12109375 0.05859375 0.4285783179012346 81
820 0.1 0.859375 0.0 1.12109375 0.05859375 0.43335556402439024 82
830 0.1 0.73046875 0.0 1.12109375 0.05859375 0.438488328313253 83
840 0.1 0.69140625 0.0 1.12109375 0.05859375 0.4419642857142857 84
850 0.1 1.109375 0.0 1.12109375 0.05859375 0.4448988970588235 85
860 0.1 1.171875 0.0 1.171875 0.05859375 0.452625363372093 86
870 0.1 0.98828125 0.0 1.171875 0.05859375 0.46089260057471265 87
880 0.1 0.83984375 0.0 1.171875 0.05859375 0.4668856534090909 88
890 0.1 0.8515625 0.0 1.171875 0.05859375 0.4710761938202247 89
900 0.1 0.71875 0.0 1.171875 0.05859375 0.47530381944444444 90
910 0.1 0.609375 0.0 1.171875 0.05859375 0.4779790521978022 91
920 0.1 0.6796875 0.0 1.171875 0.05859375 0.47940726902173914 92
930 0.1 0.5703125 0.0 1.171875 0.05859375 0.4815608198924731 93
940 0.1 0.7890625 0.0 1.171875 0.05859375 0.48250498670212766 94
950 0.1 0.91015625 0.0 1.171875 0.05859375 0.48573190789473686 95
960 0.1 0.921875 0.0 1.171875 0.05859375 0.4901529947916667 96
970 0.1 0.78125 0.0 1.171875 0.05859375 0.49460373711340205 97
980 0.1 0.66015625 0.0 1.171875 0.05859375 0.49752869897959184 98
990 0.1 0.640625 0.0 1.171875 0.05859375 0.4991714015151515 99
1000 0.1 0.69140625 0.0 1.171875 0.05859375 0.5005859375 100
1010 0.1 0.671875 0.0 1.171875 0.05859375 0.5024752475247525 101
1020 0.1 0.87109375 0.0 1.171875 0.05859375 0.5041360294117647 102
1030 0.1 1.359375 0.0 1.359375 0.05859375 0.5076987257281553 103
1040 0.1 1.53125 0.0 1.53125 0.05859375 0.5158879206730769 104
1050 0.1 1.51953125 0.0 1.53125 0.05859375 0.5255580357142856 105
1060 0.1 1.51953125 0.0 1.53125 0.05859375 0.5349351415094338 106
1070 0.1 1.91015625 0.0 1.91015625 0.05859375 0.5441369742990653 107
1080 0.1 2.078125 0.0 2.078125 0.05859375 0.5567853009259258 108
1090 0.1 1.921875 0.0 2.078125 0.05859375 0.5707425458715595 109
1100 0.1 1.9296875 0.0 2.078125 0.05859375 0.583025568181818 110
1110 0.1 2.01953125 0.0 2.078125 0.05859375 0.5951576576576575 111
1120 0.1 2.23828125 0.0 2.23828125 0.05859375 0.607875279017857 112
1130 0.1 2.21875 0.0 2.23828125 0.05859375 0.6223036504424777 113
1140 0.1 2.26953125 0.0 2.26953125 0.05859375 0.6363075657894736 114
1150 0.1 2.21875 0.0 2.26953125 0.05859375 0.6505095108695651 115
1160 0.1 1.87890625 0.0 2.26953125 0.05859375 0.6640288254310344 116
1170 0.1 1.66015625 0.0 2.26953125 0.05859375 0.674412393162393 117
1180 0.1 1.6484375 0.0 2.26953125 0.05859375 0.6827661546610169 118
1190 0.1 1.7109375 0.0 2.26953125 0.05859375 0.6908810399159663 119
1200 0.1 1.51953125 0.0 2.26953125 0.05859375 0.6993815104166665 120
1210 0.1 1.66015625 0.0 2.26953125 0.05859375 0.7061596074380164 121
1220 0.1 1.71875 0.0 2.26953125 0.05859375 0.7139792520491802 122
1230 0.1 1.44921875 0.0 2.26953125 0.05859375 0.7221481199186991 123
1240 0.1 1.30859375 0.0 2.26953125 0.05859375 0.7280115927419354 124
1250 0.1 1.109375 0.0 2.26953125 0.05859375 0.7326562499999999 125
1260 0.1 0.94140625 0.0 2.26953125 0.05859375 0.7356460813492063 126
1270 0.1 0.7890625 0.0 2.26953125 0.05859375 0.7372662401574802 127
1280 0.1 0.828125 0.0 2.26953125 0.05859375 0.7376708984374999 128
1290 0.1 0.69921875 0.0 2.26953125 0.05859375 0.7383720930232557 129
1300 0.1 0.671875 0.0 2.26953125 0.05859375 0.7380709134615383 130
1310 0.1 0.80078125 0.0 2.26953125 0.05859375 0.7375656011450381 131
1320 0.1 0.98046875 0.0 2.26953125 0.05859375 0.7380445075757575 132
1330 0.1 1.2890625 0.0 2.26953125 0.05859375 0.7398672462406014 133
1340 0.1 1.7890625 0.0 2.26953125 0.05859375 0.7439657182835819 134
1350 0.1 2.359375 0.0 2.359375 0.05859375 0.7517071759259258 135
1360 0.1 2.69140625 0.0 2.69140625 0.05859375 0.763528262867647 136
1370 0.1 3.12109375 0.0 3.12109375 0.05859375 0.7776003649635036 137
1380 0.1 3.01953125 0.0 3.12109375 0.05859375 0.7945822010869565 138
1390 0.1 3.33984375 0.0 3.33984375 0.05859375 0.8105890287769785 139
1400 0.1 3.6796875 0.0 3.6796875 0.05859375 0.8286551339285715 140
1410 0.1 3.80078125 0.0 3.80078125 0.05859375 0.8488752216312058 141
1420 0.1 3.921875 0.0 3.921875 0.05859375 0.8696632922535212 142
1430 0.1 3.7890625 0.0 3.921875 0.05859375 0.8910074300699302 143
1440 0.1 3.96875 0.0 3.96875 0.05859375 0.9111328125 144
1450 0.1 4.05078125 0.0 4.05078125 0.05859375 0.9322198275862069 145
1460 0.1 4.19921875 0.0 4.19921875 0.05859375 0.9535798373287672 146
1470 0.1 3.76953125 0.0 4.19921875 0.05859375 0.9756590136054422 147
1480 0.1 4.0390625 0.0 4.19921875 0.05859375 0.9945365287162162 148
1490 0.1 3.87890625 0.0 4.19921875 0.05859375 1.0149695889261745 149
1500 0.1 3.66015625 0.0 4.19921875 0.05859375 1.0340625 150
1510 0.1 3.41015625 0.0 4.19921875 0.05859375 1.0514538493377485 151
1520 0.1 2.94921875 0.0 4.19921875 0.05859375 1.066971628289474 152
1530 0.1 2.6484375 0.0 4.19921875 0.05859375 1.0792738970588238 153
1540 0.1 2.3203125 0.0 4.19921875 0.05859375 1.0894632711038965 154
1550 0.1 2.1796875 0.0 4.19921875 0.05859375 1.0974042338709682 155
1560 0.1 2.1484375 0.0 4.19921875 0.05859375 1.104341947115385 156
1570 0.1 1.8984375 0.0 4.19921875 0.05859375 1.110992237261147 157
1580 0.1 1.6796875 0.0 4.19921875 0.05859375 1.115976068037975 158
1590 0.1 1.890625 0.0 4.19921875 0.05859375 1.1195214229559751 159
1600 0.1 1.8984375 0.0 4.19921875 0.05859375 1.1243408203125003 160
1610 0.1 1.9296875 0.0 4.19921875 0.05859375 1.1291488742236029 161
1620 0.1 1.62890625 0.0 4.19921875 0.05859375 1.1340904706790127 162
1630 0.1 1.37890625 0.0 4.19921875 0.05859375 1.137126150306749 163
1640 0.1 1.171875 0.0 4.19921875 0.05859375 1.1386004192073176 164
1650 0.1 0.98828125 0.0 4.19921875 0.05859375 1.1388020833333339 165
1660 0.1 0.828125 0.0 4.19921875 0.05859375 1.1378953313253017 166
