0 22.9 150.68106550218332 131.98100164217456 474.709 27.38 0 0
10 67.7 105.24617725258484 109.94216496351027 474.709 11.605 150.68106550218332 229
20 98.9 94.0687654196157 105.5468027391 474.709 7.521 116.73027152317871 906
30 127.1 86.4424610542882 102.12693661897863 572.505 6.678 104.90323746701839 1895
40 155.2 84.40261920103084 98.76326011260234 572.505 6.398 97.49210454832601 3166
50 174.6 87.19838888888887 102.41885918997541 588.597 5.963 93.18627977956761 4718
60 182.2 92.80502744237121 103.9780188779749 588.597 5.889 91.5688822710396 6464
70 183.5 91.48530190735696 103.71467574974123 588.597 5.889 91.8406969587256 8286
80 189.3 90.52260697305839 102.79548119626503 593.547 5.864 91.7762616342259 10121
90 196.6 92.10422177009131 102.16247192332851 593.547 5.864 91.57872806725486 12014
100 192.5 95.27430545454543 105.17687316209303 593.547 5.864 91.65262796852642 13980
110 182.9 94.56727446692157 103.41025782644162 593.547 5.864 92.09096365922662 15905
120 187.5 103.48387466666662 111.17902216865092 620.06 5.864 92.3463585203563 17734
130 204 109.04633872548997 113.83820513260994 632.129 5.864 93.41132066908045 19609
140 189.2 105.47368868921772 111.65869913140943 1084.439 5.864 94.88461905861693 21649
150 182.5 105.80075506849313 110.89575368404608 1084.439 5.754 95.73566700649921 23541
160 195.5 106.83280971866996 111.39974098400731 1084.439 5.754 96.45981688086407 25366
170 198.7 104.41076094614992 108.35582358685863 1084.439 5.754 97.20207378939268 27321
180 204.9 110.90908540751595 113.00763900703957 1084.439 5.754 97.69080251125965 29308
190 196.4 99.55498065173126 110.69769233157629 1084.439 5.754 98.55454144210216 31357
200 156.4 75.01322058823527 93.19159664618932 1084.439 5.754 98.61350913838115 33321
210 127 73.71047716535449 90.65948712218339 1084.439 5.754 97.5554368639816 34885
220 101.1 71.93400197823944 89.05781183193746 1084.439 5.754 96.71784596874564 36155
230 76.1 71.18074507227334 88.35864728345247 1084.439 5.754 96.04366886401546 37166
240 44 73.23473409090919 88.69847239227106 1084.439 5.754 95.54479774303263 37927
250 24.3 77.49416460905353 88.958345620502 1084.439 5.754 95.28894172074956 38367
260 10.1 81.40890099009901 86.63378126531724 1084.439 5.754 95.17694662004658 38610
270 2.5 68.78824 76.48653163441521 1084.439 5.754 95.14102472165531 38711
280 0.7 97.12828571428572 89.50629756090477 1084.439 5.754 95.12401678025606 38736
290 50.3 118.69275546719683 116.04193455169057 1084.439 5.754 95.12437890715738 38743
300 141.9 111.84272022551107 118.07749420831378 1084.439 5.754 95.42644519186665 39246
310 193.8 98.41919814241487 112.09310683493928 1084.439 5.754 95.99928902004177 40665
320 252.8 94.31105261075982 109.8642901444066 1084.439 5.754 96.1093700913081 42603
330 304.5 98.31754088669948 113.76105305411718 1084.439 5.754 96.0086378542465 45131
340 340.5 90.1543054331865 106.36088707729249 1084.439 5.754 96.15457379192956 48176
350 368.1 88.86561559358839 107.00446817223016 1084.439 5.705 95.75848000232641 51581
360 374.6 91.66064602242356 107.41030063586693 1084.439 5.63 95.29934653107014 55262
370 383.5 92.30959061277727 108.83614713170844 1084.439 5.292 95.06835120661599 59008
380 376.9 91.10349907137174 106.28327183382835 1084.439 5.292 94.89999758127394 62843
390 404.9 91.56727093109409 106.66659079517864 1084.439 5.292 94.6851863928421 66612
400 398.6 92.80605042649265 109.35890323990382 1084.439 5.292 94.5065243344985 70661
410 388.6 89.18880519814716 105.5643014673311 1084.439 5.292 94.41572244028558 74647
420 388.8 92.17967875514438 107.93160684250883 1084.439 5.292 94.15708211834512 78533
430 416.6 95.10049087854054 109.67020266728929 1084.439 5.292 94.06380316909524 82421
440 419.8 95.12513839923778 112.06226379256356 1084.439 5.292 94.11368179980826 86587
450 408.9 90.21295818048428 107.48097062954116 1084.439 5.292 94.16045268491487 90785
460 387.9 90.50595797886079 106.90258990575703 1084.439 5.292 93.99031855935237 94874
470 408.7 94.34601835086855 110.93004160607546 1084.439 5.292 93.85345350520996 98753
480 417.1 90.83149796211914 105.7766972710643 1084.439 5.292 93.87302869506027 102840
490 332.3 84.52768251579889 102.46920025373976 1084.439 5.292 93.75447803496834 107011
500 253.6 74.51712223974758 94.97891131964687 1084.439 5.292 93.4765887033915 110334
510 199.2 72.93179267068267 89.28106162438256 1084.439 5.292 93.0506012226455 112870
520 148.5 71.29924377104389 88.51004309206249 1084.439 5.292 92.70168977555673 114862
530 94 74.26250106382984 88.84763790771136 1084.439 5.292 92.42851872416132 116347
540 42.6 75.23748356807505 89.2042248900031 1084.439 5.292 92.28292665853843 117287
550 12.3 78.37471544715446 88.70115981492312 1084.439 5.292 92.22123968465672 117713
560 6.7 73.8662537313433 78.92952865998795 1084.439 5.292 92.20678635561286 117836
570 27.6 117.34318115942031 116.33716421566473 1084.439 5.292 92.19636409590933 117903
580 195.9 124.04331495661064 119.39052679282646 1084.439 5.292 92.25509298606349 118179
590 341.7 118.05879719051786 124.31317908551001 1084.439 5.292 92.77343961111387 120138
600 453.2 158.80462224183637 153.89710646223563 1084.439 5.292 93.47272387195984 123555
610 500.2 322.2182005197929 280.9957339659644 2006.7 5.292 95.78431024225722 128087
620 539.3 578.090741702207 442.9711950422159 3093.026 5.292 104.29457269195805 133089
630 555.4 1043.430228483973 783.5209519614626 4862.091 5.292 122.74594355223066 138482
640 565.5 1226.732775066309 912.2182432948298 5917.307 5.292 158.2473495792718 144036
650 569.1 1589.3641757160503 1146.7748583409582 7938.008 5.292 198.61240212838425 149691
660 587.8 1796.4727898945227 1347.1407457307996 8692.275 5.292 249.54988744513528 155382
670 571.4 2139.6901914595787 1543.5232512866512 10621.383 5.292 305.93592750837166 161260
680 568.4 2360.793353976071 1688.2427392386544 13261.622 5.292 368.68864268688566 166974
690 569.9 2578.2770810668662 1870.3767686873668 14630.913 5.292 434.26986787753845 172658
700 568.7 2808.3726734658017 2000.8725511815624 15995.157 5.292 502.77683484808614 178357
710 573.4 3061.0545702825325 2247.035006239979 15995.157 5.292 574.0202523689993 184044
720 565.8 3378.688212796045 2358.0749838341576 15995.157 5.292 649.1641298411837 189778
730 554 3701.939804332133 2563.01966627061 17000.875 5.292 728.185636939971 195436
740 527.5 4012.9292350710984 2716.2675179227545 18014.521 5.292 810.1585993203178 200976
750 552.1 4328.625857996714 2838.159456366231 18078.021 5.292 892.0714875176374 206251
760 557.1 4748.392713516434 2994.066675988724 19965.814 5.292 981.6641469788267 211772
770 558.1 4949.686058412476 3094.0316677026303 21708.429 5.292 1078.2140466497663 217343
780 582.6 4763.097684860952 3279.351145705137 21708.429 5.292 1175.1380445039572 222924
790 621.7 4137.375007238227 3074.9338354436604 21708.429 5.292 1266.519259213115 228750
800 663.4 3311.971380313534 2609.9702609360206 21708.429 5.292 1342.479330991161 234967
810 696.1 2305.196642005449 1974.4581986432747 21708.429 5.292 1396.5586197987595 241601
820 669 1736.8943934230194 1510.016000852398 21708.429 5.292 1422.0051050723764 248562
830 797.3 545.3052731719511 725.4776666077 21708.429 5.292 1430.25816220441 255252
840 661.7 87.62843101103267 103.89150558542858 21708.429 5.292 1403.4532258030201 263225
850 376.6 74.80499575146067 90.99880200068716 21708.429 5.292 1371.186889698416 269842
860 134.4 79.05289136904754 84.94397391054804 21708.429 5.292 1353.3432074500747 273608
870 31.3 81.06472843450466 82.90585948661165 21708.429 5.292 1347.1143159169603 274952
880 7.6 86.13553947368422 79.84276950133417 21708.429 5.292 1345.6747085535758 275265
890 1.4 86.49907142857141 78.59019342082999 21708.429 5.292 1345.3270488267276 275341
900 0.4 90.49199999999999 88.34624115093976 21708.429 5.292 1345.263045661056 275355
910 192.1 152.5990301926078 135.03758514065092 21708.429 5.292 1345.2448182409146 275359
920 373 666.6878026809652 535.9150767449166 21708.429 5.292 1336.982150328188 277280
930 415.7 1737.3631354342142 1083.7834399319315 21708.429 5.292 1328.0849654709796 281010
940 432.3 2872.811823502202 1763.5209445316925 21708.429 5.292 1334.0511865012431 285167
950 430.4 4101.801637546468 2416.3521852066465 21708.429 5.292 1357.0297426992297 289490
960 428 5607.048108878506 3193.934410662262 21708.429 5.292 1397.2398839390867 293794
970 431.6 7016.510820435585 3794.7062051596545 21708.429 5.292 1457.6878908190586 298074
980 446.9 8181.332878272529 4143.6873747039 25792.216 5.292 1537.0287412579783 302390
990 453.3 9063.327439885257 4486.131710735414 27552.717 5.292 1633.794341055664 306859
1000 507.6 9457.59083884955 5246.045003109989 29185.991 0.457 1741.9476447275456 311392
1010 793.9 7865.583379896769 6485.909780477233 29864.422 0.422 1865.7029844565648 316468
1020 1058.8 5756.806661125805 5875.696704194379 32978.309 0.406 2012.5341270009606 324407
1030 1354.7 4532.227756329827 5230.982487520533 32978.309 0.384 2130.877259260588 334995
1040 1567.5 3782.074974290255 4647.276873402737 32978.309 0.384 2224.212051577718 348542
1050 1664.7 3542.846349492383 4401.424364041987 32978.309 0.379 2291.258623576057 364217
1060 1732.6 3343.325672746168 4169.441059652346 32978.309 0.377 2345.9636649381414 380864
1070 1751.1 3349.535342470438 4133.76471245906 32978.309 0.377 2389.3607722167817 398190
1080 1769.4 3259.564971233207 4106.5753045238125 32978.309 0.377 2429.8071913971826 415701
1090 1784.9 3274.9390205613668 4026.114655778357 32978.309 0.377 2463.6832955433274 433395
1100 1815.7 3217.767698408322 3944.3148815327218 32978.309 0.377 2495.7725940954347 451244
1110 1570.8 3617.1751016042886 3955.153433298219 32978.309 0.377 2523.700240412782 469401
1120 1195 4743.983760920485 4164.569722647541 32978.309 0.377 2559.1073409192577 485109
1130 944.1 6001.623605868024 4036.9551197848486 32978.309 0.377 2611.6348541903476 497059
1140 786.5 7138.929174570877 3748.8537437172536 32978.309 0.377 2674.8231736465946 506500
1150 785.1 7256.281477136668 3737.248858958053 32978.309 0.377 2743.0824714162122 514365
1160 776.9 6392.376794568153 3524.3591601901167 32978.309 0.377 2810.9339455072236 522216
1170 753.6 5812.47000066347 3216.7867972905824 32978.309 0.377 2863.4339775729504 529985
1180 729.1 5146.763140584279 3085.386107502691 32978.309 0.377 2904.7792189123775 537521
1190 738.4 4125.495374864577 2716.212891216162 32978.309 0.377 2934.7827885343936 544812
1200 819.2 2768.886405883789 2279.642820910548 32978.309 0.377 2950.70507289984 552196
1210 1050.5 1014.0520677772506 1090.3392312482451 32978.309 0.377 2948.047167091373 560388
1220 853.3 102.05006047111203 120.57985141715044 32978.309 0.377 2912.4597303592805 570893
1230 381.2 79.84202938090233 87.92330437913876 32978.309 0.377 2871.0718297245908 579426
1240 102.9 80.2162429543245 82.1975111474019 32978.309 0.377 2852.8285602549913 583238
1250 19.6 86.75908673469387 80.0227338396474 32978.309 0.377 2847.9454878334745 584267
1260 3.3 89.11669696969695 79.75285972510589 32978.309 0.377 2847.0195224009058 584463
1270 225.2 549.0715976909414 518.07563895394 32978.309 0.377 2846.8638142468053 584496
1280 319 2671.653805642639 1425.3301113327416 32978.309 0.377 2838.0446481453714 586748
1290 339 5384.604661651914 2532.569323281625 32978.309 0.377 2837.1449149741165 589938
1300 380.4 8039.404294164013 3524.1634925903663 32978.309 0.377 2851.6999141334986 593328
1310 609.9 8090.001604525309 5473.256169041996 32978.309 0.377 2884.747929415942 597132
1320 1348.8 4700.392943060495 5791.577748914287 32978.309 0.377 2937.37593123364 603231
1330 2008.9 3078.2628061625855 4733.820083503693 32978.309 0.377 2975.9341294657697 616719
1340 2525.7 2409.853609771543 3964.1160141498553 32978.309 0.377 2979.1622308498013 636808
1350 2801.4 2102.6372629399643 3495.912820396851 32978.309 0.377 2957.4437774614275 662065
1360 2978.1 1958.9247917799898 3349.41268909709 32978.309 0.377 2922.7426060045304 690079
1370 3180.6 1855.0311323335168 3231.828440114701 32978.309 0.377 2882.8689384505324 719860
1380 3387.6 1704.9824851222008 3056.6180372249305 32978.309 0.377 2839.3770028549916 751666
1390 3564.6 1666.8812197160926 2972.2204042260214 32978.309 0.377 2790.456959518396 785542
1400 3571.9 1603.737154287645 2846.581784580491 32978.309 0.377 2741.684959901995 821188
1410 3463.9 1679.4978214151529 2893.5982607405736 32978.309 0.377 2694.251157087059 856907
1420 3212.4 1796.578006039098 2935.532486043692 32978.309 0.377 2654.825215190242 891546
1430 3065.3 1861.4708388738413 2981.43486477727 32978.309 0.377 2624.9765318436234 923670
1440 2937.8 1971.1138340254577 3124.6547552326406 32978.309 0.377 2600.452612786237 954323
1450 2947.1 1971.4862210987055 3159.1908832308336 32978.309 0.374 2581.6575575383167 983701
1460 2928.1 1982.04515194153 3130.4044726949905 32978.309 0.374 2563.9089823149475 1013172
1470 2565.8 2194.657873645656 3247.077342385651 32978.309 0.374 2547.56526723411 1042453
1480 1931.3 2956.646189561432 3645.2632811704566 32978.309 0.374 2539.0877794967 1068111
1490 1397.3 3860.019013955485 3897.0195135688246 32978.309 0.374 2546.503751163299 1087424
1500 1057.8 5267.916553885428 3935.937690788253 32978.309 0.374 2563.1678139553674 1101397
1510 811.9 6847.553595147181 3783.0406203676744 32978.309 0.374 2588.897558033229 1111975
1520 704.3 7885.4621977850375 3710.6933370467623 32978.309 0.374 2619.76642115126 1120094
1530 697 7820.094836728838 3824.8091795286396 32978.309 0.374 2652.669515766051 1127137
1540 688.2 7189.652808340592 3583.2754534975234 32978.309 0.374 2684.4275019940796 1134107
1550 720.4 6381.595584952786 3356.0009139447116 32978.309 0.374 2711.6012613890225 1140989
1560 737.4 5199.394007865467 2945.700114344831 32978.309 0.374 2734.6275636804958 1148193
1570 876.6 3721.7659148984644 2474.5677705433795 32978.309 0.374 2750.355935777847 1155567
1580 1079.6 2011.5710973508758 1623.9148835017565 32978.309 0.374 2757.6694619571886 1164333
1590 1230.7 479.7930541155423 670.3448289217001 32978.309 0.374 2750.8149992179574 1175129
1600 595.6 82.66915815983829 92.41893851122799 32978.309 0.374 2727.2773373327063 1187436
1610 166.1 81.61250752558684 82.06842243520771 32978.309 0.374 2714.0785842698792 1193392
1620 29.6 84.54858108108105 80.1964717978151 32978.309 0.374 2710.419728843825 1195053
1630 6.1 85.08598360655738 81.9079576050613 32978.309 0.374 2709.76949375789 1195349
1640 1.7 94.60776470588236 81.39772489560093 32978.309 0.374 2709.63556004969 1195410
1650 0.2 40.306 6.516999999999998 32978.309 0.374 2709.598372105532 1195427
1660 0.2 148.521 89.685 32978.309 0.374 2709.5939062738144 1195429
1662 0.1 49.254 0.0 32978.309 0.374 2709.589621504712 1195431
