0 83 83
10 166 167
20 235 235
30 291 291
40 323 326
50 336 341
60 361 367
70 362 369
80 349 369
90 369 373
100 353 375
110 376 376
120 384 389
130 383 406
140 370 406
150 377 406
160 356 406
170 361 406
180 355 406
190 358 406
200 287 406
210 205 406
220 154 406
230 102 406
240 59 406
250 27 406
260 7 406
270 2 406
280 0 406
290 201 406
300 337 406
310 451 451
320 542 542
330 624 624
340 684 685
350 705 705
360 719 722
370 723 743
380 758 759
390 769 791
400 741 791
410 727 791
420 772 791
430 811 814
440 770 814
450 740 814
460 756 814
470 764 814
480 766 814
490 564 814
500 404 814
510 301 814
520 199 814
530 100 814
540 36 814
550 18 814
560 3 814
570 170 814
580 531 814
590 813 814
600 1033 1033
610 1263 1264
620 1512 1512
630 1702 1703
640 1917 1920
650 2098 2100
660 2248 2250
670 2410 2412
680 2526 2526
690 2674 2679
700 2802 2802
710 2964 2965
720 3123 3125
730 3280 3280
740 3456 3460
750 3645 3645
760 3826 3826
770 3815 3892
780 3566 3892
790 3259 3892
800 2878 3892
810 2376 3892
820 1783 3892
830 1308 3892
840 857 3892
850 373 3892
860 106 3892
870 26 3892
880 5 3892
890 1 3892
900 1 3892
910 694 3892
920 1381 3892
930 2048 3892
940 2732 3892
950 3454 3892
960 4215 4215
970 4853 4853
980 5559 5559
990 6251 6251
1000 6902 6902
1010 7549 7549
1020 8117 8117
1030 8628 8628
1040 8830 8852
1050 8961 8996
1060 9013 9030
1070 8955 9030
1080 8927 9030
1090 8941 9030
1100 8921 9030
1110 8276 9030
1120 7712 9030
1130 7188 9030
1140 6708 9030
1150 6149 9030
1160 5553 9030
1170 4838 9030
1180 4128 9030
1190 3427 9030
1200 2688 9030
1210 1889 9030
1220 1029 9030
1230 326 9030
1240 72 9030
1250 10 9030
1260 0 9030
1270 1320 9030
1280 2890 9030
1290 4465 9030
1300 5994 9030
1310 7522 9030
1320 9076 9076
1330 10313 10313
1340 11155 11156
1350 11449 11449
1360 11603 11604
1370 11754 11755
1380 11989 11992
1390 12139 12162
1400 12038 12164
1410 11767 12164
1420 11389 12164
1430 11130 12164
1440 11110 12164
1450 10994 12164
1460 11118 12164
1470 9953 12164
1480 8896 12164
1490 8016 12164
1500 7396 12164
1510 6869 12164
1520 6410 12164
1530 5907 12164
1540 5347 12164
1550 4804 12164
1560 4281 12164
1570 3659 12164
1580 2836 12164
1590 1515 12164
1600 534 12164
1610 110 12164
1620 22 12164
1630 8 12164
1640 1 12164
1650 1 12164
1660 1 12164
1662 0 12164
