660 0.1 1
670 0 1
680 0 1
690 0.1 2
700 0 2
710 0.2 4
720 0.6 10
730 1.3 23
740 2.4 47
750 3.4 81
760 3.2 113
770 4.2 155
780 2 175
790 0.6 181
800 0 181
810 0.4 185
820 0 185
830 0 185
840 0 185
850 0 185
860 0 185
870 0 185
880 0 185
890 0 185
900 0 185
910 0 185
920 0 185
930 0 185
940 0 185
950 2.6 211
960 11.1 322
970 22 542
980 54.3 1085
990 75.6 1841
1000 127.2 3113
1010 137.2 4485
1020 125.4 5739
1030 114.2 6881
1040 95.8 7839
1050 98 8819
1060 85.7 9676
1070 77.7 10453
1080 84.6 11299
1090 85.3 12152
1100 75.6 12908
1110 62.8 13536
1120 45.4 13990
1130 36.2 14352
1140 23.6 14588
1150 16.8 14756
1160 10.7 14863
1170 4.5 14908
1180 4 14948
1190 1.3 14961
1200 0.8 14969
1210 0 14969
1220 0 14969
1230 0 14969
1240 0 14969
1250 0 14969
1260 0 14969
1270 0 14969
1280 0 14969
1290 20.8 15177
1300 91.3 16090
1310 183.5 17925
1320 202.5 19950
1330 192.7 21877
1340 155.1 23428
1350 124.3 24671
1360 127.5 25946
1370 130.9 27255
1380 112.9 28384
1390 94.2 29326
1400 77.8 30104
1410 73.6 30840
1420 61.5 31455
1430 60.1 32056
1440 75.4 32810
1450 75.9 33569
1460 69.1 34260
1470 63.8 34898
1480 67.5 35573
1490 47 36043
1500 48.3 36526
1510 33.7 36863
1520 52.4 37387
1530 44 37827
1540 36.2 38189
1550 18.5 38374
1560 8 38454
1570 1.8 38472
1580 0 38472
1590 0 38472
1600 0 38472
1610 0 38472
1620 0 38472
1630 0 38472
1640 0 38472
1650 0 38472
1660 0 38472
1662 0 38472
