0 78 78
10 165 87
20 232 67
30 289 57
40 323 34
50 339 16
60 362 23
70 363 1
80 344 -19
90 368 24
100 353 -15
110 375 22
120 381 6
130 384 3
140 370 -14
150 376 6
160 356 -20
170 361 5
180 357 -4
190 355 -2
200 287 -68
210 206 -81
220 154 -52
230 102 -52
240 62 -40
250 30 -32
260 7 -23
270 2 -5
280 1 -1
290 191 190
300 331 140
310 443 112
320 542 99
330 619 77
340 680 61
350 698 18
360 717 19
370 728 11
380 758 30
390 770 12
400 740 -30
410 722 -18
420 771 49
430 812 41
440 770 -42
450 739 -31
460 755 16
470 764 9
480 765 1
490 578 -187
500 413 -165
510 304 -109
520 204 -100
530 104 -100
540 37 -67
550 18 -19
560 3 -15
570 157 154
580 525 368
590 807 282
600 1031 224
610 1260 229
620 1504 244
630 1699 195
640 1916 217
650 2099 183
660 2249 150
670 2402 153
680 2523 121
690 2675 152
700 2800 125
710 2964 164
720 3123 159
730 3278 155
740 3458 180
750 3637 179
760 3816 179
770 3825 9
780 3578 -247
790 3272 -306
800 2892 -380
810 2406 -486
820 1806 -600
830 1319 -487
840 872 -447
850 385 -487
860 107 -278
870 26 -81
880 5 -21
890 1 -4
900 1 0
910 677 676
920 1368 691
930 2040 672
940 2726 686
950 3447 721
960 4210 763
970 4850 640
980 5558 708
990 6211 653
1000 6870 659
1010 7521 651
1020 8096 575
1030 8616 520
1040 8836 220
1050 8968 132
1060 9030 62
1070 8970 -60
1080 8918 -52
1090 8937 19
1100 8929 -8
1110 8296 -633
1120 7719 -577
1130 7199 -520
1140 6729 -470
1150 6151 -578
1160 5564 -587
1170 4844 -720
1180 4133 -711
1190 3434 -699
1200 2691 -743
1210 1891 -800
1220 1033 -858
1230 328 -705
1240 72 -256
1250 11 -61
1260 0 -11
1270 1250 1250
1280 2828 1578
1290 4401 1573
1300 5947 1546
1310 7468 1521
1320 9029 1561
1330 10282 1253
1340 11135 853
1350 11442 307
1360 11601 159
1370 11728 127
1380 11983 255
1390 12131 148
1400 12044 -87
1410 11776 -268
1420 11403 -373
1430 11129 -274
1440 11117 -12
1450 10999 -118
1460 11117 118
1470 9958 -1159
1480 8897 -1061
1490 8058 -839
1500 7426 -632
1510 6892 -534
1520 6437 -455
1530 5924 -513
1540 5371 -553
1550 4822 -549
1560 4307 -515
1570 3677 -630
1580 2870 -807
1590 1560 -1310
1600 555 -1005
1610 115 -440
1620 22 -93
1630 8 -14
1640 1 -7
1650 1 0
1660 1 0
1662 0 -1
