0 0.2 2
10 2.1 23
20 3.2 55
30 4.2 97
40 4.8 145
50 7.9 224
60 8.2 306
70 8.2 388
80 10.3 491
90 8.6 577
100 9.9 676
110 8.2 758
120 10.5 863
130 10.1 964
140 10.7 1071
150 8.4 1155
160 10.8 1263
170 10.4 1367
180 10.1 1468
190 10.1 1569
200 8.6 1655
210 8.2 1737
220 5.1 1788
230 5.2 1840
240 4.3 1883
250 3.2 1915
260 2 1935
270 0.5 1940
280 0.2 1942
290 0.1 1943
300 4.6 1989
310 8.6 2075
320 10.4 2179
330 11.4 2293
340 13.5 2428
350 16.3 2591
360 17.1 2762
370 19.7 2959
380 18.3 3142
390 18.5 3327
400 21.1 3538
410 21.7 3755
420 17.2 3927
430 18 4107
440 22.5 4332
450 20.9 4541
460 17.8 4719
470 20.5 4924
480 19.9 5123
490 22.3 5346
500 16 5506
510 10.3 5609
520 10.2 5711
530 9.9 5810
540 6.4 5874
550 1.8 5892
560 1.5 5907
570 0.3 5910
580 3.1 5941
590 13.6 6077
600 17.9 6256
610 17.3 6429
620 16.9 6598
630 19.3 6791
640 19.4 6985
650 21 7195
660 22.5 7420
670 24.4 7664
680 24.1 7905
690 22.9 8134
700 23.6 8370
710 21.5 8585
720 25 8835
730 23.3 9068
740 23.4 9302
750 18.9 9491
760 22.3 9714
770 24.2 9956
780 24.9 10205
790 30.7 10512
800 38.1 10893
810 50.2 11395
820 59.3 11988
830 47.5 12463
840 45.1 12914
850 48.4 13398
860 26.7 13665
870 8 13745
880 2.1 13766
890 0.4 13770
900 0 13770
910 0.6 13776
920 6.4 13840
930 9.4 13934
940 9.3 14027
950 8 14107
960 8 14187
970 7 14257
980 7.6 14333
990 7.5 14408
1000 7.5 14483
1010 13.5 14618
1020 20.6 14824
1030 32.7 15151
1040 50.5 15656
1050 66.1 16317
1060 79.8 17115
1070 82.5 17940
1080 82 18760
1090 77.1 19531
1100 77.5 20306
1110 73.7 21043
1120 56.4 21607
1130 52.4 22131
1140 48 22611
1150 55.9 23170
1160 59.6 23766
1170 71.5 24481
1180 71 25191
1190 70.1 25892
1200 73.9 26631
1210 79.9 27430
1220 86 28290
1230 70.3 28993
1240 25.4 29247
1250 6.2 29309
1260 1 29319
1270 0.1 29320
1280 0.2 29322
1290 0.5 29327
1300 0.9 29336
1310 1.9 29355
1320 7.7 29432
1330 27.1 29703
1340 72.1 30424
1350 121.5 31639
1360 137.3 33012
1370 134.5 34357
1380 123.5 35592
1390 135.4 36946
1400 161.8 38564
1410 178 40344
1420 186.8 42212
1430 178 43992
1440 155.9 45551
1450 162.1 47172
1460 146.7 48639
1470 134.4 49983
1480 105.7 51040
1490 88 51920
1500 62 52540
1510 52.7 53067
1520 45.9 53526
1530 50.3 54029
1540 56 54589
1550 54.3 55132
1560 52.3 55655
1570 62.2 56277
1580 82.3 57100
1590 132.1 58421
1600 98.1 59402
1610 42.4 59826
1620 8.8 59914
1630 1.4 59928
1640 0.7 59935
1650 0 59935
1660 0 59935
1662 0.1 59936
