0 0.1 380193.40234375 0 380193.40234375 380193.40234375 0 0
10 0.1 380146.6640625 0.0 380193.40234375 380146.6640625 380193.40234375 1
20 0.1 380084.5234375 0.0 380193.40234375 380084.5234375 380170.033203125 2
30 0.1 380045.18359375 0.0 380193.40234375 380045.18359375 380141.5299479167 3
40 0.1 379990.2265625 0.0 380193.40234375 379990.2265625 380117.443359375 4
50 0.1 379966.39453125 0.0 380193.40234375 379966.39453125 380092.0 5
60 0.1 379941.203125 0.0 380193.40234375 379941.203125 380071.0657552083 6
70 0.1 379929.7734375 0.0 380193.40234375 379929.7734375 380052.51395089284 7
80 0.1 379915.85546875 0.0 380193.40234375 379915.85546875 380037.17138671875 8
90 0.1 379901.39453125 0.0 380193.40234375 379901.39453125 380023.69184027775 9
100 0.1 379869.96484375 0.0 380193.40234375 379869.96484375 380011.462109375 10
110 0.1 379861.484375 0.0 380193.40234375 379861.484375 379998.5987215909 11
120 0.1 379854.07421875 0.0 380193.40234375 379854.07421875 379987.1725260417 12
130 0.1 379838.6015625 0.0 380193.40234375 379838.6015625 379976.93419471156 13
140 0.1 379845.96484375 0.0 380193.40234375 379838.6015625 379967.05329241074 14
150 0.1 379848.51953125 0.0 380193.40234375 379838.6015625 379958.98072916665 15
160 0.1 379836.5625 0.0 380193.40234375 379836.5625 379952.0769042969 16
170 0.1 379838.39453125 0.0 380193.40234375 379836.5625 379945.28193933825 17
180 0.1 379830.16015625 0.0 380193.40234375 379830.16015625 379939.34375 18
190 0.1 379826.83203125 0.0 380193.40234375 379826.83203125 379933.5972450658 19
200 0.1 379825.61328125 0.0 380193.40234375 379825.61328125 379928.258984375 20
210 0.1 379861.1640625 0.0 380193.40234375 379825.61328125 379923.37109375 21
220 0.1 379961.921875 0.0 380193.40234375 379825.61328125 379920.54350142047 22
230 0.1 380007.171875 0.0 380193.40234375 379825.61328125 379922.3425611413 23
240 0.1 380044.26953125 0.0 380193.40234375 379825.61328125 379925.87711588544 24
250 0.1 380067.87890625 0.0 380193.40234375 379825.61328125 379930.6128125 25
260 0.1 380101.8828125 0.0 380193.40234375 379825.61328125 379935.89227764425 26
270 0.1 380115.92578125 0.0 380193.40234375 379825.61328125 379942.04007523146 27
280 0.1 380115.7578125 0.0 380193.40234375 379825.61328125 379948.25027901784 28
290 0.1 380116.96484375 0.0 380193.40234375 379825.61328125 379954.0264008621 29
300 0.1 380028.49609375 0.0 380193.40234375 379825.61328125 379959.4576822917 30
310 0.1 379914.171875 0.0 380193.40234375 379825.61328125 379961.6847278226 31
320 0.1 379811.859375 0.0 380193.40234375 379811.859375 379960.1999511719 32
330 0.1 379738.40625 0.0 380193.40234375 379738.40625 379955.70478219696 33
340 0.1 379684.3671875 0.0 380193.40234375 379684.3671875 379949.31364889705 34
350 0.1 379640.25 0.0 380193.40234375 379640.25 379941.74375 35
360 0.1 379654.7109375 0.0 380193.40234375 379640.25 379933.3689236111 36
370 0.1 379632.84375 0.0 380193.40234375 379632.84375 379925.8376266892 37
380 0.1 379632.38671875 0.0 380193.40234375 379632.38671875 379918.12726151315 38
390 0.1 379608.07421875 0.0 380193.40234375 379608.07421875 379910.8005809295 39
400 0.1 379590.12109375 0.0 380193.40234375 379590.12109375 379903.232421875 40
410 0.1 379611.16015625 0.0 380193.40234375 379590.12109375 379895.59556021343 41
420 0.1 379612.8515625 0.0 380193.40234375 379590.12109375 379888.8232886905 42
430 0.1 379585.484375 0.0 380193.40234375 379585.484375 379882.40534156974 43
440 0.1 379560.5703125 0.0 380193.40234375 379560.5703125 379875.65713778406 44
450 0.1 379538.9765625 0.0 380193.40234375 379538.9765625 379868.65520833334 45
460 0.1 379568.72265625 0.0 380193.40234375 379538.9765625 379861.48828125 46
470 0.1 379565.21484375 0.0 380193.40234375 379538.9765625 379855.25922539894 47
480 0.1 379556.37109375 0.0 380193.40234375 379538.9765625 379849.21663411456 48
490 0.1 379541.76171875 0.0 380193.40234375 379538.9765625 379843.2401945153 49
500 0.1 379638.37109375 0.0 380193.40234375 379538.9765625 379837.210625 50
510 0.1 379738.67578125 0.0 380193.40234375 379538.9765625 379833.31181066175 51
520 0.1 379810.484375 0.0 380193.40234375 379538.9765625 379831.49188701925 52
530 0.1 379900.6640625 0.0 380193.40234375 379538.9765625 379831.09551886795 53
540 0.1 379956.91796875 0.0 380193.40234375 379538.9765625 379832.38382523146 54
550 0.1 380024.6875 0.0 380193.40234375 379538.9765625 379834.64808238635 55
560 0.1 380037.33203125 0.0 380193.40234375 379538.9765625 379838.04164341517 56
570 0.1 380049.5234375 0.0 380193.40234375 379538.9765625 379841.53796600876 57
580 0.1 379980.33984375 0.0 380193.40234375 379538.9765625 379845.1239224138 58
590 0.1 379776.84375 0.0 380193.40234375 379538.9765625 379847.41571769066 59
600 0.1 379588.4609375 0.0 380193.40234375 379538.9765625 379846.23951822915 60
610 0.1 379439.70703125 0.0 380193.40234375 379439.70703125 379842.01363985654 61
620 0.1 379307.0078125 0.0 380193.40234375 379307.0078125 379835.5248235887 62
630 0.1 379169.9375 0.0 380193.40234375 379169.9375 379827.13566468254 63
640 0.1 379029.4609375 0.0 380193.40234375 379029.4609375 379816.8669433594 64
650 0.1 378967.59375 0.0 380193.40234375 378967.59375 379804.7530048077 65
660 0.1 378862.55078125 0.0 380193.40234375 378862.55078125 379792.06877367425 66
670 0.1 378765.890625 0.0 380193.40234375 378765.890625 379778.19537080225 67
680 0.1 378687.4453125 0.0 380193.40234375 378687.4453125 379763.30853630515 68
690 0.1 378593.7265625 0.0 380193.40234375 378593.7265625 379747.7163156703 69
700 0.1 378520.22265625 0.0 380193.40234375 378520.22265625 379731.23074776784 70
710 0.1 378461.25390625 0.0 380193.40234375 378461.25390625 379714.17429577466 71
720 0.1 378381.96875 0.0 380193.40234375 378381.96875 379696.77262369794 72
730 0.1 378267.30078125 0.0 380193.40234375 378267.30078125 379678.76161172945 73
740 0.1 378177.88671875 0.0 380193.40234375 378177.88671875 379659.68781672296 74
750 0.1 378110.76953125 0.0 380193.40234375 378110.76953125 379639.93046875 75
760 0.1 377978.2265625 0.0 380193.40234375 377978.2265625 379619.8099300987 76
770 0.1 377915.9765625 0.0 380193.40234375 377915.9765625 379598.4906655844 77
780 0.1 377832.98046875 0.0 380193.40234375 377832.98046875 379576.9199719551 78
790 0.1 377776.61328125 0.0 380193.40234375 377776.61328125 379554.84478837025 79
800 0.1 377814.66796875 0.0 380193.40234375 377776.61328125 379532.61689453124 80
810 0.1 377953.12109375 0.0 380193.40234375 377776.61328125 379511.40764853393 81
820 0.1 378155.5078125 0.0 380193.40234375 377776.61328125 379492.40415396343 82
830 0.1 378361.51171875 0.0 380193.40234375 377776.61328125 379476.2969691265 83
840 0.1 378570.98828125 0.0 380193.40234375 377776.61328125 379463.0257161458 84
850 0.1 378890.90625 0.0 380193.40234375 377776.61328125 379452.53115808824 85
860 0.1 379426.4921875 0.0 380193.40234375 377776.61328125 379446.0006359012 86
870 0.1 379815.78515625 0.0 380193.40234375 377776.61328125 379445.7764008621 87
880 0.1 379927.74609375 0.0 380193.40234375 377776.61328125 379449.98104580963 88
890 0.1 379955.5703125 0.0 380193.40234375 377776.61328125 379455.3491924157 89
900 0.1 379960.5625 0.0 380193.40234375 377776.61328125 379460.9072048611 90
910 0.1 379962.35546875 0.0 380193.40234375 377776.61328125 379466.3979223901 91
920 0.1 379655.265625 0.0 380193.40234375 377776.61328125 379471.78876528534 92
930 0.1 379335.390625 0.0 380193.40234375 377776.61328125 379473.76163474465 93
940 0.1 379024.79296875 0.0 380193.40234375 377776.61328125 379472.28960272606 94
950 0.1 378724.14453125 0.0 380193.40234375 377776.61328125 379467.5791118421 95
960 0.1 378397.421875 0.0 380193.40234375 377776.61328125 379459.8350016276 96
970 0.1 378071.29296875 0.0 380193.40234375 377776.61328125 379448.882288982 97
980 0.1 377743.7734375 0.0 380193.40234375 377743.7734375 379434.825255102 98
990 0.1 377429.8046875 0.0 380193.40234375 377429.8046875 379417.7439236111 99
1000 0.1 377136.14453125 0.0 380193.40234375 377136.14453125 379397.86453125 100
1010 0.1 376828.5546875 0.0 380193.40234375 376828.5546875 379375.4712639233 101
1020 0.1 376628.76953125 0.0 380193.40234375 376628.76953125 379350.5014935662 102
1030 0.1 376568.1875 0.0 380193.40234375 376568.1875 379324.07691140776 103
1040 0.1 376620.6484375 0.0 380193.40234375 376568.1875 379297.5779747596 104
1050 0.1 376710.19140625 0.0 380193.40234375 376568.1875 379272.0834077381 105
1060 0.1 376709.2109375 0.0 380193.40234375 376568.1875 379247.9146152712 106
1070 0.1 376672.79296875 0.0 380193.40234375 376568.1875 379224.1884126752 107
1080 0.1 376644.1015625 0.0 380193.40234375 376568.1875 379200.564380787 108
1090 0.1 376641.78125 0.0 380193.40234375 376568.1875 379177.1105934633 109
1100 0.1 376591.96484375 0.0 380193.40234375 376568.1875 379154.06214488635 110
1110 0.1 376519.26171875 0.0 380193.40234375 376519.26171875 379130.98018721846 111
1120 0.1 376509.9765625 0.0 380193.40234375 376509.9765625 379107.6612723214 112
1130 0.1 376433.15234375 0.0 380193.40234375 376433.15234375 379084.67291205755 113
1140 0.1 376339.73828125 0.0 380193.40234375 376339.73828125 379061.41395970393 114
1150 0.1 376233.1796875 0.0 380193.40234375 376233.1796875 379037.7472146739 115
1160 0.1 376199.0234375 0.0 380193.40234375 376199.0234375 379013.5699084052 116
1170 0.1 376208.78515625 0.0 380193.40234375 376199.0234375 378989.5139556624 117
1180 0.1 376307.22265625 0.0 380193.40234375 376199.0234375 378965.9484573623 118
1190 0.1 376404.5234375 0.0 380193.40234375 376199.0234375 378943.6062237395 119
1200 0.1 376525.28515625 0.0 380193.40234375 376199.0234375 378922.44720052084 120
1210 0.1 376762.57421875 0.0 380193.40234375 376199.0234375 378902.6359439566 121
1220 0.1 377265.62890625 0.0 380193.40234375 376199.0234375 378885.0944544057 122
1230 0.1 378297.328125 0.0 380193.40234375 376199.0234375 378871.92806783534 123
1240 0.1 379453.75390625 0.0 380193.40234375 376199.0234375 378867.2941973286 124
1250 0.1 379810.03125 0.0 380193.40234375 376199.0234375 378871.985875 125
1260 0.1 379966.6484375 0.0 380193.40234375 376199.0234375 378879.4306795635 126
1270 0.1 379976.9140625 0.0 380193.40234375 376199.0234375 378887.991449311 127
1280 0.1 379505.71875 0.0 380193.40234375 376199.0234375 378896.49865722656 128
1290 0.1 378988.09375 0.0 380193.40234375 376199.0234375 378901.22129360464 129
1300 0.1 378420.08984375 0.0 380193.40234375 376199.0234375 378901.88954326924 130
1310 0.1 377888.71875 0.0 380193.40234375 376199.0234375 378898.21168296755 131
1320 0.1 377329.10546875 0.0 380193.40234375 376199.0234375 378890.56400923297 132
1330 0.1 376992.8984375 0.0 380193.40234375 376199.0234375 378878.8237194549 133
1340 0.1 376876.03515625 0.0 380193.40234375 376199.0234375 378864.74965018657 134
1350 0.1 376806.6953125 0.0 380193.40234375 376199.0234375 378850.018431713 135
1360 0.1 376751.421875 0.0 380193.40234375 376199.0234375 378834.99399701285 136
1370 0.1 376599.0 0.0 380193.40234375 376199.0234375 378819.7854413777 137
1380 0.1 376477.58984375 0.0 380193.40234375 376199.0234375 378803.69279325183 138
1390 0.1 376353.66796875 0.0 380193.40234375 376199.0234375 378786.95823965827 139
1400 0.1 376255.0625 0.0 380193.40234375 376199.0234375 378769.57759486604 140
1410 0.1 376150.94140625 0.0 380193.40234375 376150.94140625 378751.74415447697 141
1420 0.1 376081.30078125 0.0 380193.40234375 376081.30078125 378733.4286421655 142
1430 0.1 376070.99609375 0.0 380193.40234375 376070.99609375 378714.8822934878 143
1440 0.1 376188.79296875 0.0 380193.40234375 376070.99609375 378696.52197265625 144
1450 0.1 376257.6640625 0.0 380193.40234375 376070.99609375 378679.2272898707 145
1460 0.1 376368.75390625 0.0 380193.40234375 376070.99609375 378662.64124036813 146
1470 0.1 376424.33984375 0.0 380193.40234375 376070.99609375 378647.03656462586 147
1480 0.1 376577.65625 0.0 380193.40234375 376070.99609375 378632.01834353886 148
1490 0.1 376594.76953125 0.0 380193.40234375 376070.99609375 378618.2306784815 149
1500 0.1 376559.19921875 0.0 380193.40234375 376070.99609375 378604.74093749997 150
1510 0.1 376358.30859375 0.0 380193.40234375 376070.99609375 378591.19430360093 151
1520 0.1 376218.66015625 0.0 380193.40234375 376070.99609375 378576.50426603615 152
1530 0.1 376078.18359375 0.0 380193.40234375 376070.99609375 378561.09352022054 153
1540 0.1 375973.2109375 0.0 380193.40234375 375973.2109375 378544.9707284902 154
1550 0.1 375934.171875 0.0 380193.40234375 375934.171875 378528.37872983865 155
1560 0.1 375951.54296875 0.0 380193.40234375 375934.171875 378511.7491987179 156
1570 0.1 376031.22265625 0.0 380193.40234375 375934.171875 378495.44215266715 157
1580 0.1 376341.140625 0.0 380193.40234375 375934.171875 378479.84582674043 158
1590 0.1 376745.57421875 0.0 380193.40234375 375934.171875 378466.39485062886 159
1600 0.1 377586.375 0.0 380193.40234375 375934.171875 378455.6397216796 160
1610 0.1 378916.890625 0.0 380193.40234375 375934.171875 378450.2405619176 161
1620 0.1 379558.15234375 0.0 380193.40234375 375934.171875 378453.1211178626 162
1630 0.1 379737.65625 0.0 380193.40234375 375934.171875 378459.9004505367 163
1640 0.1 379817.80859375 0.0 380193.40234375 375934.171875 378467.69164443586 164
1650 0.1 379836.95703125 0.0 380193.40234375 375934.171875 378475.87417140143 165
1660 0.1 379842.765625 0.0 380193.40234375 375934.171875 378484.07346573786 166
