0 53.1 65.44330131826734 76.20115828315548 305.539 3.927 0 0
10 152.1 47.00168244575939 66.6520576883352 305.539 3.056 65.44330131826734 531
20 220.3 41.94362778029957 61.69271286476279 305.539 2.916 51.77385575048732 2052
30 271.6 40.40229860088376 61.252033132120744 305.539 2.57 46.68431586368977 4255
40 325.5 40.25151121351775 60.076908588072776 305.539 2.421 44.236753263520335 6971
50 362.3 41.986997791885166 62.738956257072786 305.539 2.403 42.96822569919817 10226
60 391.2 43.231436605316965 63.267343689942926 305.539 2.403 42.71152928009246 13849
70 375.3 44.63361657340796 65.26785046106912 490.104 2.403 42.82604295929286 17761
80 391.5 43.77518109833976 63.46052131047973 490.104 2.403 43.14136432090734 21514
90 405.3 44.6738583765113 63.445549870839706 490.104 2.331 43.23894553462585 25429
100 401.6 45.605912101593624 64.41606553128165 490.104 2.331 43.43620833050678 29482
110 376.1 46.03084472214832 64.20324118130132 490.104 2.331 43.69632924353696 33498
120 393 49.371966666666644 66.32448534207215 490.104 2.331 43.93198003167022 37259
130 445 49.86524651685394 66.37720490994455 490.104 2.331 44.45102995945521 41189
140 395.6 50.288679979777584 66.9847221064563 1075.867 2.331 44.978939503494836 45639
150 378.7 51.14810984948508 66.91857682295007 1075.867 2.331 45.402476822260326 49595
160 414.2 50.16206977305632 65.92189832136822 1075.867 2.331 45.81008073882584 53382
170 408.8 50.84769716242661 65.77872861218431 1075.867 2.331 46.12344452750157 57524
180 432.6 52.70325127138237 66.81200943917555 1075.867 2.331 46.43690204830228 61612
190 404.7 47.884838398814 67.36774550880445 1075.867 2.331 46.84801895720222 65938
200 312.2 37.52599263292772 59.73297375537857 1075.867 2.331 46.90797478031007 69985
210 255.3 36.61471954563267 59.60067566467294 1075.867 2.331 46.507321651825414 73107
220 189.5 38.46125435356208 63.04884633994166 1075.867 2.331 46.17351497488767 75660
230 136.7 39.41146232626195 65.27885780355989 1075.867 2.331 45.98507149764684 77555
240 81.4 39.57054545454546 67.32617757280514 1075.867 2.331 45.871210676364015 78922
250 47.1 39.85577494692142 68.89435625300692 1075.867 2.331 45.80688914668407 79736
260 21 39.10462857142861 68.4073523364345 1075.867 2.331 45.77194238657475 80207
270 5.1 33.67382352941175 61.44609410318515 1075.867 2.331 45.75453144235673 80417
280 1.4 48.52221428571429 78.06475757543365 1075.867 2.331 45.74687478252226 80468
290 114.7 53.23307933740187 74.63471177887276 1075.867 2.331 45.747357558211796 80482
300 336.6 46.90841622103384 68.45485057158278 1075.867 2.331 45.85254227051662 81629
310 453.4 42.162921702690866 63.80785696196999 1075.867 2.331 45.89435733866699 84995
320 568.1 41.936829607463466 62.93582328766747 1075.867 2.331 45.70538695841573 89529
330 664.5 44.933193528969106 66.31690567121724 1075.867 2.288 45.480524293666655 95210
340 710.3 43.28374926087548 64.96272491346932 1075.867 2.288 45.44481654312505 101855
350 752.9 43.30433404170565 66.00376715066149 1075.867 2.288 45.30393601204134 108958
360 774.5 44.303974951581694 66.77136225882454 1075.867 2.288 45.17469409462002 116487
370 805.7 43.95289263994072 67.23536807962235 1075.867 2.288 45.12041082007859 124232
380 784 43.69739681122467 66.33402751482312 1075.867 2.288 45.04930366848343 132289
390 837.5 44.29159892537317 66.43582191268175 1075.867 2.288 44.97366657865257 140129
400 837 44.070674910394274 66.67464904884135 1075.867 2.288 44.93520083634115 148504
410 804.6 43.03096507581394 65.36536658326146 1075.867 2.288 44.8890741231817 156874
420 796.5 44.993447708725455 66.30576035448946 1075.867 2.288 44.798422016735415 164920
430 869.3 45.625568733463744 68.02959267746112 1075.867 2.288 44.80740706249821 172885
440 878 45.594359567198254 67.79249249547948 1075.867 2.288 44.846576341847594 181578
450 833.1 44.00959440643377 65.79864521973226 1075.867 2.288 44.88106681095621 190358
460 798.1 44.01639406089479 66.56153275320177 1075.867 2.261 44.84452610360917 198689
470 838.1 45.94239338981029 68.7754475806856 1075.867 2.261 44.81254602990276 206670
480 862.2 43.99073985154249 65.54923613201758 1075.867 2.261 44.856578611585185 215051
490 689.7 40.587982601130754 63.24630667959839 1075.867 2.261 44.823202827341724 223673
500 493.8 38.02426569461308 61.92629581931948 1075.867 2.261 44.696515426985314 230570
510 373.1 38.90987992495307 64.10319665933923 1075.867 2.261 44.5566154270768 235508
520 269.6 39.21812759643914 66.02447423971914 1075.867 2.261 44.468552986762205 239239
530 177.7 39.2520613393359 67.93032910800305 1075.867 2.261 44.41004492942321 241935
540 82.8 38.6338550724637 67.90073630589276 1075.867 2.261 44.372436043362676 243712
550 24.4 39.46115983606559 69.09942202401062 1075.867 2.261 44.3530055001227 244540
560 13.9 35.55769064748204 64.0254912888203 1075.867 2.261 44.34812932217794 244784
570 65 51.281173846153834 74.26378690240058 1075.867 2.261 44.34314052579792 244923
580 469.7 51.75475047902921 72.3301332227205 1075.867 2.261 44.36150460351914 245573
590 796.8 50.812520205823176 69.40260635700693 1075.867 2.261 44.500259052223626 250270
600 1030.4 70.31176494565281 79.50657391609731 1075.867 2.261 44.69502549586043 258238
610 1086 151.2457516574578 161.54083927617083 1159.903 2.261 45.677943934282204 268542
620 1144.8 277.23669243536034 296.98538739920855 1719.459 2.261 49.78123020951892 279402
630 1158.6 508.21499257724844 535.1670210272824 3068.65 2.261 58.733989816056415 290850
640 1181.8 601.3360771704165 616.820840246521 3315.406 2.261 75.95312675078367 302436
650 1204.8 769.4494252158032 756.0778785840148 4282.631 2.261 95.71095229336775 314254
660 1228.9 873.0791839043046 843.6490113218792 4857.095 2.261 120.58729727982049 326302
670 1196.8 1033.500614806149 951.0869161545842 5606.51 2.261 147.89863395069563 338591
680 1191.9 1152.2610694689156 1021.1611565492192 5726.734 2.261 178.1328727147213 350559
690 1192.8 1252.5405518946873 1106.785530486795 6039.806 2.261 210.16415179128109 362478
700 1196.8 1358.501815675127 1198.969506878133 6427.156 2.261 243.37266260690217 374406
710 1202.1 1482.0576778138184 1290.0592730336687 6951.213 2.261 277.9139767323881 386374
720 1209.3 1626.5931531464535 1331.2534591407125 6951.213 2.261 314.2472927396168 398395
730 1164.5 1794.9185546586539 1438.0561732832302 7550.961 2.261 352.90907698154314 410488
740 1102.6 1967.9562524034104 1512.0130654338745 7550.961 2.261 392.6884838688274 422133
750 1163.2 2116.855669446356 1550.2662337808988 7863.513 2.261 432.7866981870392 433159
760 1169.8 2298.376170883921 1593.3562714139682 7863.513 2.261 476.8278102457103 444791
770 1174.6 2395.1132757534615 1621.884433935716 7863.513 2.261 523.5068599550041 456489
780 1216.5 2220.946736128235 1599.3294005807688 7863.513 2.261 570.4574060696018 468235
790 1290.4 1904.7539428084308 1480.0227654755213 7863.513 2.261 612.2521660616153 480400
800 1355.9 1491.804100081122 1334.1596028383797 7863.513 2.261 646.0618309480564 493304
810 1440.5 1064.4182077056562 1129.797807505179 7863.513 2.261 668.6861286915793 506863
820 1315.7 839.7950968305812 915.4726737345574 7863.513 2.261 679.6220015980263 521268
830 1409.4 290.29234951043026 448.85281819016376 7863.513 2.261 683.5653003096785 534425
840 1213.8 47.59433250947459 75.29485050131132 7863.513 2.261 673.4602921539636 548519
850 714.5 39.36623722883119 69.89220405504926 7863.513 2.261 659.9105442364938 560657
860 275 38.57010072727263 68.01722786381035 7863.513 2.261 652.1018555147743 567802
870 66.8 37.93664071856286 66.33634933886131 7863.513 2.261 649.1446976647176 570552
880 16.7 39.08636526946108 66.58316099519523 7863.513 2.261 648.4299345576134 571220
890 3.1 39.01180645161289 65.64755299246137 7863.513 2.261 648.2518409431784 571387
900 0.8 45.198875 75.52511162593125 7863.513 2.261 648.2187890598475 571418
910 458.3 64.52310844425052 79.42354228009438 7863.513 2.261 648.2103467430602 571426
920 878 302.31789248291614 342.0584850201361 7863.513 2.261 643.5662550480981 576009
930 958.9 825.8154932735472 738.4946391554435 7863.513 2.261 638.4427649972896 584789
940 983.9 1384.9497997764004 1106.1197418032407 7863.513 2.261 641.4656176120247 594378
950 980.3 2038.6258952361488 1452.1392082464506 7863.513 2.261 653.5724283576927 604217
960 951.9 2834.2250367685683 1674.1510850432069 8205.929 2.261 675.6851920067751 614020
970 971.3 3458.4653063934907 1693.27062372263 8205.929 2.261 708.6376469170333 623539
980 984.1 4131.887728482856 1589.411246765271 8230.693 2.261 750.8152887665574 633252
990 984.5 4549.23538902995 1444.8148249023784 8326.231 2.261 802.554514476133 643093
1000 1119.3 4672.838061377663 1724.6655890258978 8462.951 0.413 859.0469734997806 652938
1010 1710.4 3346.795937266148 2799.503949548993 9047.554 0.386 923.3230931909516 664131
1020 2301.4 2526.0795151646953 2843.0097508356225 9047.554 0.365 984.1700542617453 681235
1030 2960.2 1970.203360583748 2665.47234392473 9047.554 0.365 1034.557778395142 704249
1040 3445.3 1690.1588997184551 2514.595360853581 9047.554 0.361 1072.2997458026227 733851
1050 3634.9 1591.531750254476 2450.8802755806955 9047.554 0.36 1100.006358588528 768304
1060 3728.6 1545.0502122244277 2419.6377091747363 9047.554 0.352 1122.2102855752732 804653
1070 3700.2 1582.4255456731998 2412.924235275112 9047.554 0.352 1140.9361190442544 841939
1080 3698 1543.2788615738361 2419.6853347249794 9047.554 0.352 1159.5221126025526 878941
1090 3670.6 1586.7639495450405 2413.565305405895 9047.554 0.352 1175.0161612999382 915921
1100 3693.1 1573.3294880723565 2387.455887494073 9047.554 0.352 1190.881357557576 952627
1110 3216.1 1820.6054261683337 2420.166677113333 9138.523 0.352 1205.1545905646774 989558
1120 2409 2396.6093100456574 2447.6704269313827 9138.523 0.352 1224.527347970431 1021719
1130 1918.9 3058.0264368127496 2202.804917695536 9138.523 0.352 1251.5260202580018 1045809
1140 1609 3571.8196185829697 1777.9898114734117 9138.523 0.352 1284.0753175273574 1064998
1150 1558.3 3470.61766104086 1634.03797431494 9138.523 0.352 1318.1241699833874 1081088
1160 1539.9 3044.131509318792 1619.855363346478 9138.523 0.352 1348.7097385551365 1096671
1170 1494.1 2796.5556906498928 1629.1911264757096 9138.523 0.352 1372.1864979749475 1112070
1180 1409.2 2511.4497590122282 1669.6905841294313 9138.523 0.352 1391.0696323079367 1127011
1190 1379.9 2090.8718586129567 1610.9960216051702 9138.523 0.352 1404.9057161194041 1141103
1200 1475.8 1404.1557927225936 1386.3864748387189 9138.523 0.352 1413.101776737767 1154902
1210 1882.3 529.0501139032046 720.3535291616128 9138.523 0.352 1412.9889021997853 1169660
1220 1586.6 54.15026238497417 86.32152673242591 9138.523 0.352 1398.9892237760243 1188483
1230 760.5 39.886435897436066 69.66743209874623 9138.523 0.352 1381.2724199580027 1204349
1240 215.5 38.219683526682005 66.59354893060704 9138.523 0.352 1372.8552354701587 1211954
1250 43.6 38.91022477064214 66.47912491792555 9138.523 0.352 1370.4863051562922 1214109
1260 7.4 39.686945945945936 66.74012205216302 9138.523 0.352 1370.0082930850654 1214545
1270 536.8 266.40569206408423 338.59493881292804 9138.523 0.352 1369.9272439826816 1214619
1280 750.4 1413.800377132196 1034.1812657151258 9138.523 0.352 1365.071697414809 1219987
1290 780.5 3035.5285661755374 1603.9777984495586 9138.523 0.352 1365.369589629578 1227491
1300 875.7 4441.9310098207225 1485.0905423072636 9138.523 0.352 1375.9221946828943 1235296
1310 1360.4 3831.050851220225 2533.315291324809 9138.523 0.352 1397.5041041306124 1244053
1320 2937.7 1952.9013761446136 2821.25981350666 9333.665 0.352 1423.8276326820435 1257657
1330 4451.7 1309.4759959790522 2476.838884990785 9333.665 0.339 1435.9039254308752 1287034
1340 5750.1 1016.5628195335808 2193.5448910137593 9356.809 0.339 1431.6771311620812 1331551
1350 6370.7 915.2283103426632 2060.8985159281283 9356.809 0.339 1414.493117868878 1389052
1360 6569.9 880.769349396499 2030.3707356400278 9356.809 0.339 1392.599147091156 1452759
1370 6675.1 867.5891671585331 2029.467565599459 9437.208 0.339 1370.4538484534978 1518458
1380 6944.7 834.5210704998055 1984.970174021837 9437.208 0.339 1349.2788990675683 1585209
1390 7245.8 807.3210792735006 1920.0276931476749 9437.208 0.339 1327.6741746290475 1654656
1400 7293.4 792.6789586475563 1879.455232412462 9437.208 0.339 1305.843684815826 1727114
1410 7066.6 819.3175994820648 1886.5315309382952 9437.208 0.339 1285.0513747561183 1800048
1420 6621.1 878.4366953678469 1912.5465505900152 9437.208 0.339 1267.4583365025337 1870714
1430 6382 903.3705891099979 1929.6646331389682 9437.208 0.339 1254.1601902753084 1936925
1440 6102.7 951.8068808232463 1985.240342982131 9437.208 0.339 1242.970662201331 2000745
1450 6103.1 949.0105059232181 2011.4061355585825 9437.208 0.339 1234.3524192112427 2061772
1460 6106.5 947.1673880455304 1995.7645733068653 9437.208 0.339 1226.1487835889632 2122803
1470 5337 1080.9117006932674 2105.8499655745877 9437.208 0.339 1218.347946304448 2183868
1480 3946.8 1487.0484888517292 2304.621692353532 9437.208 0.339 1215.0693624308194 2237238
1490 2860.7 1926.4400457580343 2364.4360805539723 9437.208 0.339 1219.7842760655094 2276706
1500 2139.1 2721.4542915244842 2362.1885127315772 9437.208 0.339 1228.5532812303586 2305313
1510 1611.5 3553.953070493333 2032.6209058085642 9437.208 0.339 1242.2785533368242 2326704
1520 1390.2 4018.9053317508315 1776.4530547854527 9437.208 0.339 1258.1793270816063 2342819
1530 1354.3 3854.160708779453 1753.2526747678621 9437.208 0.339 1274.4645016597221 2356721
1540 1303.9 3592.0502091418025 1792.1111658388536 9437.208 0.339 1289.2041364569525 2370264
1550 1326.4 3247.647962303986 1779.8432678198587 9437.208 0.339 1301.8029583196103 2383303
1560 1328.9 2732.5462587102193 1734.765149376286 9437.208 0.339 1312.572399830258 2396567
1570 1549.8 1963.5045701380811 1550.061935162332 9437.208 0.339 1320.4027567522714 2409856
1580 1960.4 1038.2551294123725 1082.901153627014 9437.208 0.339 1324.5121741420023 2425354
1590 2262 248.9342132183907 444.58571012699406 9437.208 0.339 1322.2169269005856 2444958
1600 1172 41.84739846416345 72.06502328021847 9437.208 0.339 1312.3782693248204 2467578
1610 351.6 38.559472696245706 66.84027396848072 9437.208 0.339 1306.372286257643 2479298
1620 65.3 37.900935681470145 65.19413734558317 9437.208 0.339 1304.5768920587695 2482814
1630 12.9 40.18242635658914 68.39160846375879 9437.208 0.339 1304.2438337175415 2483467
1640 3.8 42.272868421052635 69.45463059367415 9437.208 0.339 1304.178177338022 2483596
1650 0.5 16.0504 11.638620100338354 9437.208 0.339 1304.1588699836616 2483634
1660 0.3 98.98066666666666 99.14718115789049 9437.208 0.339 1304.1562767958635 2483639
1662 0.3 16.339333333333332 11.424216569297966 9437.208 0.339 1304.15482105996 2483642
