0 0.2 5959.8355 109.1255000000001 6068.961 5850.71 0 0
10 2.1 11719.049714285713 2491.500618057952 16816.053 5850.71 5959.8355 2
20 3.2 12496.403531249998 4338.19389020446 23031.997 5474.607 11218.248478260868 23
30 4.2 17775.341404761904 7987.9861976884695 38149.509 5474.607 11961.902327272726 55
40 4.8 19955.32339583333 9454.027952584096 45641.113 5474.607 14479.061515463916 97
50 7.9 27379.39637974684 14888.722048855503 55147.133 5474.607 16291.893034482757 145
60 8.2 31161.7376097561 18948.33940046858 66560.944 5416.42 20202.217875 224
70 8.2 37146.46467073172 21483.446378975015 72507.439 5036.17 23139.082640522876 306
80 10.3 37522.51562135919 23164.11126023738 79332.434 5036.17 26099.40564690722 388
90 8.6 41997.42512790698 23143.786115011793 87057.945 5036.17 28495.699592668017 491
100 9.9 38982.672666666665 23744.916148774857 87057.945 5036.17 30508.088493934138 577
110 8.2 38339.32763414635 23283.794427341174 87827.81 5036.17 31749.188838757393 676
120 10.5 41204.7032761905 22065.695684521703 87827.81 5036.17 32462.106228232187 758
130 10.1 33788.854613861375 21423.804276733597 87827.81 5036.17 33525.80575318656 863
140 10.7 35410.67778504676 22120.164554337487 90817.195 5036.17 33553.36585165976 964
150 8.4 39426.08025000001 22268.04015798767 99288.814 5036.17 33738.92362651728 1071
160 10.8 37013.693231481484 22760.018283195546 99288.814 4915.773 34152.535017316026 1155
170 10.4 39158.96173076921 23134.841108919518 109088.376 4723.735 34397.194627078396 1263
180 10.1 36631.79674257428 24315.130673730655 109088.376 4723.735 34759.465130943674 1367
190 10.1 38366.06102970295 22015.388182032857 109088.376 4723.735 34888.28358651226 1468
200 8.6 41357.520709302335 23217.817772815313 109088.376 4723.735 35112.15581198215 1569
210 8.2 42371.51567073169 20147.799900494396 109088.376 4723.735 35436.68836858006 1655
220 5.1 48764.21662745098 15324.428690099101 109088.376 4723.735 35764.06651410477 1737
230 5.2 55354.61419230769 12491.055814856862 109088.376 4723.735 36134.87616498881 1788
240 4.3 61018.36965116279 9990.537084676038 109088.376 4723.735 36678.04267445652 1840
250 3.2 64964.03037500001 7129.396109205317 109088.376 4723.735 37233.87595114179 1883
260 2 69531.93149999998 5418.363718133601 109088.376 4723.735 37697.251899738905 1915
270 0.5 79486.9078 7163.874522851177 109088.376 4723.735 38026.29251576227 1935
280 0.2 91129.9045 3141.086499999994 109088.376 4723.735 38133.149771649485 1940
290 0.1 4538.696 0.0 109088.376 4538.696 38187.72933367662 1942
300 4.6 10679.42373913044 3449.1523613452714 109088.376 4538.696 38170.41125167267 1943
310 8.6 14338.402395348836 5196.3372435024 109088.376 3790.995 37534.62169632981 1989
320 10.4 17281.639192307706 6699.108365813867 109088.376 3790.995 36573.23622168675 2075
330 11.4 19254.036342105283 9868.789286057796 109088.376 3790.995 35652.480787517205 2179
340 13.5 25144.417577777782 14752.75910306422 109088.376 3790.995 34837.207055822066 2293
350 16.3 32046.90366871166 19180.453721053294 109088.376 3790.995 34298.275186161445 2428
360 17.1 36909.34229824565 21119.22252504582 109088.376 3790.995 34156.641238903896 2591
370 19.7 36838.38434517767 21970.35960530288 109088.376 3790.995 34327.065526068065 2762
380 18.3 36536.5684535519 21702.69504703893 109088.376 3790.995 34494.26045927678 2959
390 18.5 38285.735432432455 22828.51943461129 109088.376 3790.995 34613.210924888604 3142
400 21.1 36674.474260663534 22531.061080311683 109088.376 3790.995 34817.42403997596 3327
410 21.7 39206.7254930876 22524.88695684834 109088.376 3790.995 34928.1751978519 3538
420 17.2 35572.86295348835 21891.19638716205 109088.376 3790.995 35175.43096724369 3755
430 18 38239.677988888885 22740.3096402386 109088.376 3635.098 35192.83822510824 3927
440 22.5 35111.28705777773 22131.2679535097 109088.376 3635.098 35326.37393425859 4107
450 20.9 39521.67455980861 23404.791655802008 109088.376 3635.098 35315.202524469074 4332
460 17.8 40147.474831460684 23354.413315617665 109088.376 3635.098 35508.805839903114 4541
470 20.5 38950.65902439024 22964.605812222242 109088.376 3635.098 35683.77576584023 4719
480 19.9 38868.11820603012 21851.948021959324 109088.376 3635.098 35819.785324736 4924
490 22.3 39214.016973094134 23158.628549467056 109088.376 3635.098 35938.19606910015 5123
500 16 42322.096012500006 20610.75778873944 109088.376 3635.098 36074.84179704453 5346
510 10.3 53410.56383495147 14550.791103280153 109088.376 3635.098 36256.382057573566 5506
520 10.2 57273.034147058795 10355.795159782478 109088.376 3635.098 36571.39020930648 5609
530 9.9 60993.178404040416 11174.454636130047 109088.376 3635.098 36941.12715233761 5711
540 6.4 63917.14434375 8727.511106253134 109088.376 3635.098 37350.96417022377 5810
550 1.8 71149.9505 6682.951926287752 109088.376 3635.098 37640.415231018065 5874
560 1.5 79108.56346666667 4523.91430194373 109088.376 3635.098 37742.78652002718 5892
570 0.3 88745.28166666666 982.2542790151377 109088.376 3635.098 37847.829122735755 5907
580 3.1 8577.973064516129 2439.106120782841 109088.376 3635.098 37873.66539306263 5910
590 13.6 13111.232624999999 3955.7765818431153 109088.376 3635.098 37720.801150984706 5941
600 17.9 16174.973765363125 5951.856272568519 109088.376 3635.098 37170.052209149275 6077
610 17.3 19481.8620982659 8161.976615348665 109088.376 3635.098 36569.329855978285 6256
620 16.9 26578.17785798817 11501.799258336077 109088.376 3635.098 36109.51776668224 6429
630 19.3 32492.382663212426 14306.932228996127 109088.376 3635.098 35865.3837193089 6598
640 19.4 40590.42004123708 16614.19535524502 109088.376 3635.098 35769.52313856577 6791
650 21 45159.867847619054 18073.544956547103 109088.376 3635.098 35903.41776979243 6985
660 22.5 51702.40602666667 19533.051840309436 109088.376 3635.098 36173.58517998612 7195
670 24.4 55685.563151639304 21545.051829219927 109088.376 3635.098 36644.472604582224 7420
680 24.1 57813.854651452326 20991.937930164873 109088.376 3635.098 37250.686865214004 7664
690 22.9 64310.1780960699 23423.461648305147 113854.864 3635.098 37877.59685085391 7905
700 23.6 67313.83520338978 24028.386198622455 125309.712 3635.098 38621.76467789527 8134
710 21.5 71720.26470232554 24723.699784606997 125309.712 3635.098 39430.76451589009 8370
720 25 74827.0779440001 25508.104892186282 125376.549 3635.098 40239.41245299943 8585
730 23.3 77973.51506437772 26740.24006961388 136092.131 3635.098 41218.12398358801 8835
740 23.4 84120.217517094 27742.335678591677 136712.861 3635.098 42162.54459693428 9068
750 18.9 86709.88671957664 28541.258495431077 141055.562 3635.098 43218.026801118045 9302
760 22.3 93161.38056950667 30014.68698003017 143596.374 3635.098 44084.10640543674 9491
770 24.2 90757.02060330578 30291.989206558963 151888.952 3635.098 45210.75167397571 9714
780 24.9 100260.60579518069 32119.984571187593 167195.167 3635.098 46317.84258206107 9956
790 30.7 100894.0447459284 33904.68203947655 167195.167 3635.098 47634.03543263107 10205
800 38.1 99772.15489238847 33918.81330736906 176322.154 3635.098 49189.479007515234 10512
810 50.2 101983.56624701184 38104.015984986334 184460.801 3635.098 50958.68854686498 10893
820 59.3 96068.87342495778 39033.27517540866 184460.801 3635.098 53206.55942053533 11395
830 47.5 115451.03742947364 32128.0222985403 185301.343 3635.098 55326.79233717051 11988
840 45.1 118480.01800000019 17381.12347391042 185301.343 3635.098 57618.29650300891 12463
850 48.4 110871.85443595055 18624.157521828776 185301.343 3635.098 59743.7910356977 12914
860 26.7 110989.52998876404 14651.96869717037 185301.343 3635.098 61590.78183176594 13398
870 8 112567.68997500002 11956.589453375549 185301.343 3635.098 62555.98239948775 13665
880 2.1 119704.4447142857 12184.747823701311 185301.343 3635.098 62847.06545558385 13745
890 0.4 140322.1065 11610.179994492431 185301.343 3635.098 62933.801251343895 13766
900 0 0 0 185301.343 3635.098 62956.281514306465 13770
910 0.6 28242.941333333332 49158.46050869503 185301.343 3635.098 62956.281514306465 13770
920 6.4 11402.116734375 2846.688852661956 185301.343 3635.098 62941.162463705 13776
930 9.4 19678.688872340426 3862.242130591774 185301.343 3635.098 62702.83161640173 13840
940 9.3 28053.77893548387 3819.743338364291 185301.343 3635.098 62412.58693304148 13934
950 8 35701.4505125 4274.746407609814 185301.343 3635.098 62184.785611035855 14027
960 8 44632.04771250002 5175.354488780063 185301.343 3635.098 62034.60011391507 14107
970 7 52676.089171428575 4557.025541655289 185301.343 3635.098 61936.46772566434 14187
980 7.6 61081.33260526316 5039.839285833727 185301.343 3635.098 61891.00048158799 14257
990 7.5 68235.26128000002 5377.138747592865 185301.343 3635.098 61886.707259052535 14333
1000 7.5 75838.9956666666 5995.720288538183 185301.343 3635.098 61919.75428511937 14408
1010 13.5 82858.46050370365 5233.919042637532 185301.343 3635.098 61991.83486950216 14483
1020 20.6 88455.53771359229 7927.223499369779 185301.343 3635.098 62184.542111301125 14618
1030 32.7 89430.54379816519 12687.679398166922 185301.343 3635.098 62549.613960604416 14824
1040 50.5 91677.83519009897 19431.518283658217 185301.343 3635.098 63129.77791393307 15151
1050 66.1 89466.24270499234 25360.267393176993 185301.343 3635.098 64050.62416613439 15656
1060 79.8 86545.1770864662 30948.75054873069 185301.343 3635.098 65080.20827192498 16317
1070 82.5 90615.32089818193 36028.54074907667 185301.343 3635.098 66081.02890376862 17115
1080 82 93487.34025731697 43100.70331399207 185301.343 3635.098 67209.27811755854 17940
1090 77.1 96263.99162905317 46693.77850712955 185301.343 3635.098 68357.89277398722 18760
1100 77.5 106845.45797806447 50544.0989560072 195497.024 3635.098 69459.50570815627 19531
1110 73.7 110875.99188059689 52099.571623678945 202616.188 3635.098 70886.38017920812 20306
1120 56.4 114900.54128546092 53135.831795378166 210112.756 3635.098 72286.95727486575 21043
1130 52.4 121989.91134351151 54283.312951366664 218978.628 3635.098 73399.2848252881 21607
1140 48 129905.82801250003 51947.21482177993 218978.628 3635.098 74549.77455894447 22131
1150 55.9 138976.73635957073 50343.35562182634 226678.599 3635.098 75724.90638229181 22611
1160 59.6 139176.31568791936 50576.54790729114 230676.662 3635.098 77250.92161566681 23170
1170 71.5 146891.32646014003 49541.78261002577 240248.8 3635.098 78803.87688231085 23766
1180 71 146338.25177464803 46585.13768273326 240620.215 3635.098 80792.46094538622 24481
1190 70.1 152052.31720970062 44054.06415665622 254498.292 3635.098 82639.84737263308 25191
1200 73.9 156913.62567659022 37954.24219543919 254498.292 3635.098 84519.12055955509 25892
1210 79.9 163911.75044055053 22771.980391517423 254498.292 3635.098 86528.04021264693 26631
1220 86 151287.1967325582 18481.960776551245 254498.292 3635.098 88782.12641286913 27430
1230 70.3 145966.6617382649 16198.710061473466 254498.292 3635.098 90682.24519954048 28290
1240 25.4 148412.27941732274 13184.307231693867 254498.292 3635.098 92022.73927834306 28993
1250 6.2 151712.28732258067 8580.359455455096 254498.292 3635.098 92512.46277802854 29247
1260 1 166056.10730000003 10819.977102181689 254498.292 3635.098 92637.69356453652 29309
1270 0.1 5499.122 0.0 254498.292 3635.098 92662.73480527988 29319
1280 0.2 11097.008000000002 687.4769999999994 254498.292 3635.098 92659.76196718965 29320
1290 0.5 23224.4918 2129.9539501305094 254498.292 3635.098 92654.19872089218 29322
1300 0.9 32682.519888888888 2965.4021010840056 254498.292 3635.098 92642.36155600644 29327
1310 1.9 44106.746105263155 2919.1678511620003 254498.292 3635.098 92623.9664586856 29336
1320 7.7 51563.05233766233 3887.603172686378 254498.292 3635.098 92592.56372706525 29355
1330 27.1 53765.445686346866 10780.91043863271 254498.292 3635.098 92485.22231713784 29432
1340 72.1 53493.144381414764 15433.012752163944 254498.292 3635.098 92131.9563350167 29703
1350 121.5 54891.09078518519 17272.984031091393 254498.292 3635.098 91216.27846824878 30424
1360 137.3 54019.59725345952 18565.296364627626 254498.292 3377.506 89821.31961888811 31639
1370 134.5 53427.80460148692 21190.84594066363 254498.292 3377.506 88332.29245277477 33012
1380 123.5 56819.71455465585 27597.329434558585 254498.292 3377.506 86965.85952324129 34357
1390 135.4 62930.933313884736 34065.50812858354 254498.292 3377.506 85919.82420529898 35592
1400 161.8 72935.26051483334 37246.65337556489 254498.292 3377.506 85077.32547019978 36946
1410 178 81114.57500280888 39431.99928690424 254498.292 3377.506 84567.89021717149 38564
1420 186.8 82146.76680246246 40464.94729664196 254498.292 3377.506 84415.52800515569 40344
1430 178 83296.23450674138 40656.169506713355 254498.292 3377.506 84315.12892606371 42212
1440 155.9 82380.47286914686 39855.66060604903 254498.292 3377.506 84273.90251975361 43992
1450 162.1 77157.02711351002 39159.36757444655 254498.292 3377.506 84209.09918227921 45551
1460 146.7 77048.63261486035 39146.14179119964 254498.292 3377.506 83966.76455954804 47172
1470 134.4 74220.72852306547 37185.96356685521 254498.292 3377.506 83758.10690698822 48639
1480 105.7 78006.65957899726 36427.45076438995 254498.292 3377.506 83501.654982374 49983
1490 88 82873.21138181821 36575.216412754395 254498.292 3377.506 83387.8577617359 51040
1500 62 87502.40918387094 35142.499591437045 254498.292 3377.506 83379.1349417373 51920
1510 52.7 95384.45574383312 32804.189295440876 254498.292 3377.506 83427.79177519986 52540
1520 45.9 102949.06634204797 33100.150093198834 254498.292 3377.506 83546.53151762867 53067
1530 50.3 107012.39548906559 31786.51982154956 254498.292 3377.506 83712.91352794904 53526
1540 56 119304.27809642862 30995.38164770314 254498.292 3377.506 83929.82739691647 54029
1550 54.3 126023.78894106811 29251.270070046303 254498.292 3377.506 84292.7153851875 54589
1560 52.3 138562.97766347992 27548.134869752284 254498.292 3377.506 84703.72846181893 55132
1570 62.2 148570.21956109322 21691.194569125597 254498.292 3377.506 85209.85347003865 55655
1580 82.3 155765.59778736322 16326.959837027134 254498.292 3377.506 85910.14217961159 56277
1590 132.1 152490.34737093115 14063.470049939842 254498.292 3377.506 86916.99051525397 57100
1600 98.1 149720.92781753317 11433.158960725486 254498.292 3377.506 88399.71769223399 58421
1610 42.4 154731.41608018853 10734.176049641921 254498.292 3377.506 89412.41267107171 59402
1620 8.8 160920.32457954538 9190.040517378404 254498.292 3377.506 89875.34279251499 59826
1630 1.4 171731.48364285709 8461.305476371503 254498.292 3377.506 89979.6916658544 59914
1640 0.7 185155.10142857142 9314.728250423364 254498.292 3377.506 89998.79000198573 59928
1650 0 0 0 254498.292 3377.506 90009.9036113957 59935
1660 0 0 0 254498.292 3377.506 90009.9036113957 59935
1662 0.1 205983.588 0.0 254498.292 3377.506 90009.9036113957 59935
