0 2224.540625 2224.540625
10 6136.8453125 8361.3859375
20 8856.20390625 17217.58984375
30 11126.065625 28343.65546875
40 13554.97265625 41898.628125
50 15134.45234375 57033.08046875
60 16501.78046875 73534.8609375
70 15636.21171875 89171.07265625
80 16476.909375 105647.98203125
90 17252.01796875 122900
100 16984.28125 139884.28125
110 15873.0234375 155757.3046875
120 16823.0984375 172580.403125
130 18822.80546875 191403.20859375
140 17134 208537.20859375
150 16384.35390625 224921.5625
160 17687.38515625 242608.94765625
170 17571.584375 260180.53203125
180 18815.87265625 278996.4046875
190 17352.171875 296348.5765625
200 13817.0203125 310165.596875
210 10926.84765625 321092.44453125
220 7909.7953125 329002.23984375
230 5481.43828125 334483.678125
240 3087.82734375 337571.50546875
250 1771.8828125 339343.38828125
260 811.27421875 340154.6625
270 188.41171875 340343.07421875
280 54.08125 340397.15546875
290 5191.3 345588.45546875
300 15677.34921875 361265.8046875
310 20636.02265625 381901.82734375
320 26020.06875 407921.89609375
330 29717.65703125 437639.553125
340 31253.17578125 468892.72890625
350 32861.30234375 501754.03125
360 33756.85859375 535510.88984375
370 34940.93046875 570451.8203125
380 34246.17890625 604697.99921875
390 36217.4484375 640915.44765625
400 36358.61171875 677274.059375
410 34910.5796875 712184.6390625
420 34963.16640625 747147.80546875
430 37602.03515625 784749.840625
440 38108.19296875 822858.03359375
450 36179.9125 859037.94609375
460 34416.5046875 893454.45078125
470 36208.73671875 929663.1875
480 37460.69765625 967123.88515625
490 29873.7484375 996997.63359375
500 21043.82265625 1018041.45625
510 15280.60546875 1033322.06171875
520 10571.8109375 1043893.87265625
530 6690.7328125 1050584.60546875
540 3131.171875 1053715.77734375
550 898.0828125 1054613.86015625
560 523.96484375 1055137.825
570 2750.78359375 1057888.60859375
580 21682.10078125 1079570.709375
590 36434.77109375 1116005.48046875
600 46934.703125 1162940.18359375
610 48955.10234375 1211895.2859375
620 50976.4125 1262871.6984375
630 51044.21875 1313915.9171875
640 51636.26171875 1365552.17890625
650 52349.19375 1417901.37265625
660 53442.86328125 1471344.2359375
670 52306.51875 1523650.7546875
680 52196.41953125 1575847.17421875
690 52053.54375 1627900.71796875
700 52257.6921875 1680158.41015625
710 52120.20625 1732278.61640625
720 52476.48828125 1784755.1046875
730 50998.12578125 1835753.23046875
740 47842.4625 1883595.69296875
750 50509.95390625 1934105.646875
760 50843.5203125 1984949.1671875
770 51075.01796875 2036024.18515625
780 53788.71328125 2089812.8984375
790 57478.240625 2147291.1390625
800 59395.43828125 2206686.57734375
810 59676.3609375 2266362.93828125
820 56526.36875 2322889.30703125
830 57407.3953125 2380296.70234375
840 44498.1453125 2424794.84765625
850 25344.78515625 2450139.6328125
860 10272.915625 2460412.5484375
870 2573.68046875 2462986.22890625
880 654.940625 2463641.16953125
890 118.8765625 2463760.04609375
900 27.5484375 2463787.59453125
910 20200.971875 2483988.56640625
920 39389.528125 2523378.09453125
930 43028.6671875 2566406.76171875
940 44025.303125 2610432.06484375
950 43876.8421875 2654308.90703125
960 42773.66328125 2697082.5703125
970 42766.9046875 2739849.475
980 42840.8 2782690.275
990 41566.54765625 2824256.82265625
1000 44185.53984375 2868442.3625
1010 46214.60390625 2914656.96640625
1020 47444.52890625 2962101.4953125
1030 49940.77421875 3012042.26953125
1040 50958.815625 3063001.08515625
1050 51147.52421875 3114148.609375
1060 49844.87890625 3163993.48828125
1070 50366.29765625 3214359.7859375
1080 48380.89140625 3262740.67734375
1090 48913.428125 3311654.10546875
1100 49090.0921875 3360744.19765625
1110 48634.3859375 3409378.58359375
1120 48485.39296875 3457863.9765625
1130 50795.51875 3508659.4953125
1140 52787.084375 3561446.5796875
1150 55093.321875 3616539.9015625
1160 56991.203125 3673531.1046875
1170 57299.42109375 3730830.52578125
1180 55037.22734375 3785867.753125
1190 55602.77265625 3841470.52578125
1200 59325.409375 3900795.93515625
1210 70859.15390625 3971655.0890625
1220 56196.353125 4027851.4421875
1230 27258.025 4055109.4671875
1240 8129.51171875 4063238.97890625
1250 1716.49921875 4064955.478125
1260 293.6421875 4065249.1203125
1270 22156.975 4087406.0953125
1280 32094.79375 4119500.8890625
1290 33374.5015625 4152875.390625
1300 35355.5390625 4188230.9296875
1310 38549.8921875 4226780.821875
1320 42909.1953125 4269690.0171875
1330 48112.8546875 4317802.871875
1340 51888.8484375 4369691.7203125
1350 53343.915625 4423035.6359375
1360 52777.465625 4475813.1015625
1370 51849.54296875 4527662.64453125
1380 52060.88125 4579723.52578125
1390 53283.7765625 4633007.30234375
1400 53470.94296875 4686478.2453125
1410 53821.15703125 4740299.40234375
1420 53097.6859375 4793397.08828125
1430 52848.98984375 4846246.078125
1440 51841.46171875 4898087.53984375
1450 51070.31875 4949157.85859375
1460 51060.86484375 5000218.7234375
1470 49508.17734375 5049726.90078125
1480 47674.6296875 5097401.53046875
1490 45094.83828125 5142496.36875
1500 47389.478125 5189885.846875
1510 47061.80390625 5236947.65078125
1520 47181.0265625 5284128.67734375
1530 49302.99140625 5333431.66875
1540 49801.40390625 5383233.07265625
1550 51693.30078125 5434926.3734375
1560 52433.9265625 5487360.3
1570 59359.66328125 5546719.96328125
1580 72210.8421875 5618930.80546875
1590 81282.578125 5700213.38359375
1600 41464.90078125 5741678.284375
1610 13281.56171875 5754959.84609375
1620 2579.16796875 5757539.0140625
1630 491.6234375 5758030.6375
1640 162.5921875 5758193.2296875
1650 14.18046875 5758207.41015625
1660 12.80859375 5758220.21875
1662 13.66328125 5758233.88203125
