0 204.17265625 204.17265625
10 631.5203125 835.69296875
20 929.22265625 1764.915625
30 1164.08828125 2929.00390625
40 1406.26640625 4335.2703125
50 1577.03125 5912.3015625
60 1712.765625 7625.0671875
70 1645.2125 9270.2796875
80 1723.153125 10993.4328125
90 1772.05 12765.4828125
100 1765.94921875 14531.43203125
110 1646.93515625 16178.3671875
120 1721.13203125 17899.49921875
130 1956.66484375 19856.1640625
140 1727.7 21583.8640625
150 1662.540625 23246.4046875
160 1823.13046875 25069.53515625
170 1797.87265625 26867.4078125
180 1900.61640625 28768.02421875
190 1770.6203125 30538.64453125
200 1389.74375 31928.38828125
210 1156.9546875 33085.34296875
220 862.628125 33947.97109375
230 622.5421875 34570.51328125
240 382.74453125 34953.2578125
250 225.75546875 35179.01328125
260 103.6859375 35282.69921875
270 24.84375 35307.54296875
280 6.62890625 35314.171875
290 440.8703125 35755.0421875
300 1406.8796875 37161.921875
310 1937.84296875 39099.76484375
320 2435.74140625 41535.50625
330 2870.259375 44405.765625
340 3081.75859375 47487.52421875
350 3286.6578125 50774.18203125
360 3394.04296875 54168.225
370 3536.9765625 57705.2015625
380 3419.678125 61124.8796875
390 3675.7375 64800.6171875
400 3683.16796875 68483.78515625
410 3530.48984375 72014.275
420 3470.30859375 75484.58359375
430 3811.33203125 79295.915625
440 3865.61640625 83161.53203125
450 3663.5015625 86825.03359375
460 3497.2765625 90322.31015625
470 3676.85390625 93999.1640625
480 3787.1953125 97786.359375
490 3091.365625 100877.725
500 2227.50625 103105.23125
510 1701.85390625 104807.08515625
520 1239.5375 106046.62265625
530 837.96171875 106884.584375
540 395.18359375 107279.76796875
550 118.56953125 107398.3375
560 68.4015625 107466.7390625
570 231.97734375 107698.71640625
580 1926.88828125 109625.6046875
590 3371.375 112996.9796875
600 4419.628125 117416.6078125
610 4715.5109375 122132.11875
620 5013.884375 127146.003125
630 5046.94609375 132192.94921875
640 5226.25625 137419.20546875
650 5299.665625 142718.87109375
660 5407.140625 148126.01171875
670 5247.009375 153373.02109375
680 5214.14765625 158587.16875
690 5234.52578125 163821.69453125
700 5269.5734375 169091.26796875
710 5303.7046875 174394.97265625
720 5310.82890625 179705.8015625
730 5098.7 184804.5015625
740 4870.3015625 189674.803125
750 5125.31171875 194800.11484375
760 5128.93046875 199929.0453125
770 5127.3421875 205056.3875
780 5317.33125 210373.71875
790 5598.14453125 215971.86328125
800 5881.68515625 221853.5484375
810 6296.67109375 228150.21953125
820 5714.440625 233864.66015625
830 6044.68515625 239909.3453125
840 5643.87265625 245553.21796875
850 3410.7234375 248963.94140625
860 1344.35625 250308.29765625
870 326.70078125 250634.9984375
880 82.79609375 250717.79453125
890 15.4375 250733.23203125
900 4.04453125 250737.2765625
910 1778.77890625 252516.05546875
920 3815.50859375 256331.5640625
930 4226.30234375 260557.86640625
940 4312.315625 264870.18203125
950 4368.47890625 269238.6609375
960 4209.7046875 273448.365625
970 4258.1484375 277706.5140625
980 4347.446875 282053.9609375
990 4289.83046875 286343.79140625
1000 4827.228125 291171.01953125
1010 7017.584375 298188.60390625
1020 9456.99375 307645.59765625
1030 12205.30390625 319850.9015625
1040 14489.7609375 334340.6625
1050 15294.35 349635.0125
1060 15717.3703125 365352.3828125
1070 15718.31015625 381070.69296875
1080 15700.69296875 396771.3859375
1090 15628.05234375 412399.43828125
1100 15737.5359375 428136.97421875
1110 14401.76875 442538.74296875
1120 11038.65 453577.39296875
1130 8854.5296875 462431.92265625
1140 7337.803125 469769.72578125
1150 6893.9421875 476663.66796875
1160 6920.8921875 483584.56015625
1170 6613.2328125 490197.79296875
1180 6137.60546875 496335.3984375
1190 5970.98671875 502306.38515625
1200 6388.2328125 508694.61796875
1210 8148.0796875 516842.69765625
1220 7436.3453125 524279.04296875
1230 3695.115625 527974.15859375
1240 1055.72734375 529029.8859375
1250 214.99296875 529244.87890625
1260 36.95859375 529281.8375
1270 2181.34765625 531463.18515625
1280 3359.56484375 534822.75
1290 3517.64921875 538340.39921875
1300 3839.3171875 542179.71640625
1310 5371.1953125 547550.91171875
1320 10949.7234375 558500.63515625
1330 16981.703125 575482.33828125
1340 22375.2390625 597857.57734375
1350 24983.1875 622840.76484375
1360 25786.28203125 648627.046875
1370 26151.55625 674778.603125
1380 27337.64375 702116.246875
1390 29064.3578125 731180.6046875
1400 29497.1921875 760677.796875
1410 28735.5265625 789413.3234375
1420 27094.18125 816507.5046875
1430 26182.37421875 842689.87890625
1440 24833.81171875 867523.690625
1450 24792.96171875 892316.65234375
1460 24821.6515625 917138.30390625
1470 23130.353125 940268.65703125
1480 17847.61953125 958116.2765625
1490 13160.85546875 971277.13203125
1500 9908.8640625 981185.99609375
1510 7438.31875 988624.31484375
1520 6230.93125 994855.24609375
1530 6018.15078125 1000873.396875
1540 5724.2625 1006597.659375
1550 5752.34140625 1012350.00078125
1560 5808.78125 1018158.78203125
1570 6731.06953125 1024889.8515625
1580 8559.52421875 1033449.37578125
1590 10245.45859375 1043694.834375
1600 5665.39765625 1049360.23203125
1610 1731.553125 1051091.78515625
1620 321.66015625 1051413.4453125
1630 64.17421875 1051477.61953125
1640 18.61875 1051496.23828125
1650 2.3203125 1051498.55859375
1660 1.690625 1051500.24921875
1662 1.4390625 1051501.68828125
