20 0.1 1904.642 0 1904.642 1904.642 0 0
30 1 4437.194 1516.973359521452 6932.683 1272.891 1904.642 1
40 2.9 6102.999965517242 2926.000259628615 14181.642 1272.891 4206.962 11
50 4.3 6150.543511627907 3113.7491733298307 18827.732 1272.891 5581.589525000001 40
60 4.6 6718.831717391304 3793.817139272563 19329.018 898.697 5876.348819277109 83
70 5.2 6553.948653846153 4207.814809293573 19329.018 898.697 6176.76907751938 129
80 4.3 6969.726627906976 4701.316690219464 27101.485 898.697 6285.13006077348 181
90 5.6 6392.821749999998 4065.8542286218644 27101.485 898.697 6416.548151785713 224
100 4.4 5746.10706818182 2862.077191211627 27101.485 898.697 6411.802871428571 280
110 5 6693.170060000003 3360.824114436591 27101.485 898.697 6321.399737654321 324
120 4.7 7126.9357872340415 4050.044101276345 27101.485 898.697 6371.101652406417 374
130 4.1 7186.053268292683 4436.43217199597 27101.485 898.697 6455.482185273159 421
140 4.1 6686.394707317072 3318.1625916870953 27101.485 898.697 6520.316415584415 462
150 5.5 6174.612454545453 3452.2755459294267 27101.485 898.697 6533.853612326043 503
160 4.5 6857.819466666669 4400.77014191407 27101.485 898.697 6498.444537634408 558
170 5.2 6685.93175 3410.9703670504086 27101.485 898.697 6525.263562189054 603
180 5.4 6155.489555555553 3124.9935826315595 27101.485 898.697 6538.018899236641 655
190 4.9 5646.175081632652 2957.1174303604007 27101.485 898.697 6508.884083215796 709
200 3.9 6921.607615384615 3524.109367925816 27101.485 898.697 6453.115295514511 758
210 4.4 6811.221363636362 4784.856578867951 27101.485 898.697 6476.0402647427845 797
220 5.4 6418.50112962963 3907.596319474198 27101.485 652.166 6493.576493460166 841
230 4.1 6220.820926829268 3312.641789873258 27101.485 652.166 6489.046806703909 895
240 2 6574.4769000000015 3122.4791388985273 27101.485 652.166 6477.297596153845 936
250 0.9 11205.129888888889 3507.945447834528 27101.485 652.166 6479.330635983262 956
260 0.2 9237.8125 484.3615000000009 27101.485 652.166 6523.405447668392 965
270 0 0 0 27101.485 652.166 6529.019526370215 967
280 0 0 0 27101.485 652.166 6529.019526370215 967
290 0 0 0 27101.485 652.166 6529.019526370215 967
300 0 0 0 27101.485 652.166 6529.019526370215 967
310 0.3 3344.9346666666665 271.05678274036165 27101.485 652.166 6529.019526370215 967
320 1.9 5561.971842105263 2837.660210849225 27101.485 652.166 6519.171841237111 970
330 5.7 5487.015228070174 2742.8276270665415 27101.485 652.166 6500.782761375124 989
340 8.5 6002.46648235294 3156.6076304300614 27101.485 652.166 6445.53921510516 1046
350 8.9 6163.656741573034 3303.141621864189 27101.485 652.166 6412.240203359856 1131
360 9.8 6404.223795918365 3722.8403918373224 27101.485 652.166 6394.1058360655725 1220
370 9.1 6191.337593406591 3520.821813018032 27101.485 652.166 6394.858157814869 1318
380 9.2 6025.98191304348 3564.8012192730707 27101.485 652.166 6381.713820440026 1409
390 10.8 6563.451324074076 3671.3674289720316 27101.485 652.166 6359.910132578279 1501
400 8.9 6329.369382022472 3858.5412116653342 27101.485 652.166 6373.572313238034 1609
410 8.9 6090.169516853929 3375.9343994262185 27101.485 652.166 6371.255434040046 1698
420 10.1 5874.795584158416 2572.8064084392568 27101.485 652.166 6357.256191382204 1787
430 11.6 6463.406637931037 3932.1933305267517 27101.485 611.893 6331.4465932203375 1888
440 9 6432.0424888888865 3889.5799053937785 27101.485 611.893 6339.084999001995 2004
450 10 6309.108359999997 3625.0687823750786 27101.485 611.893 6343.080306590256 2094
460 11 6173.577745454547 3168.736900661195 27101.485 611.893 6341.53190428441 2194
470 11.8 6656.526220338983 3435.383865521108 27101.485 611.893 6333.51325954861 2304
480 9.8 6241.247377551022 2998.7161121016866 27101.485 611.893 6349.25047233691 2422
490 7.6 6222.201960526318 2974.5561724675013 27101.485 611.893 6345.050351984126 2520
500 9.4 6381.548063829781 3223.9122292667225 27101.485 611.893 6341.45386594761 2596
510 11.4 6355.753070175443 3662.056360859588 27101.485 611.893 6342.854927137545 2690
520 8 6211.6773375 3469.7066080863196 27101.485 611.893 6343.379316690442 2804
530 4.1 6511.809292682927 2488.1377088236313 27101.485 611.893 6339.726002427184 2884
540 1.6 7627.0695000000005 3469.568833963955 27101.485 611.893 6342.13811008547 2925
550 0.2 10634.426 2852.767 27101.485 611.893 6349.128556273376 2941
560 0 0 0 27101.485 611.893 6352.0407529731565 2943
570 0 0 0 27101.485 611.893 6352.0407529731565 2943
580 0 0 0 27101.485 611.893 6352.0407529731565 2943
590 0 0 0 27101.485 611.893 6352.0407529731565 2943
600 1.9 4407.646894736842 2373.522135127299 27101.485 611.893 6352.0407529731565 2943
610 6.2 5675.6313709677415 2698.5704547217947 27101.485 611.893 6339.568273801486 2962
620 10.8 7343.552638888888 3157.625321020393 27101.485 611.893 6325.955810846562 3024
630 9.8 8452.467612244893 2888.690991561539 27101.485 611.893 6361.045356641124 3132
640 13.8 8798.848898550725 3117.743066101736 27101.485 611.893 6424.500273374613 3230
650 13.7 10643.583394160583 3461.005432534628 27101.485 611.893 6521.7865293943005 3368
660 12.2 11433.599221311471 3771.3165190813143 27101.485 611.893 6682.895279885878 3505
670 11.7 12345.032786324793 3205.805994537819 27101.485 611.893 6842.692875930522 3627
680 11.6 13069.313301724129 3409.2608301026357 27101.485 611.893 7014.640998130343 3744
690 9.8 14191.165510204082 3440.8478922503064 27101.485 611.893 7196.594880829016 3860
700 14.4 15962.136916666663 4651.553381654478 29992.856 611.893 7369.7803082364835 3958
710 12.7 16805.319779527552 3861.7053066929434 31188.671 611.893 7671.413499756216 4102
720 12 16815.679416666662 4252.007196599418 31259.878 611.893 7945.711465594702 4229
730 12.1 18676.85558677687 4076.8731122848126 33980.468 611.893 8190.45649988503 4349
740 10.6 19901.212669811313 5063.450632280873 33980.468 611.893 8474.316519910513 4470
750 10.7 21719.176943925228 4756.348809045943 35039.368 611.893 8739.01297792832 4576
760 12.8 23168.799515625 5048.382251089719 39490.22 611.893 9035.591569506725 4683
770 11.7 23955.94218803419 4950.960782881857 41524.5 611.893 9411.615393473288 4811
780 13.3 23736.188654135334 4620.016892966701 41524.5 611.893 9756.925100243505 4928
790 13.5 23665.605229629633 5520.7874974789 45048.563 611.893 10124.291639004148 5061
800 17.3 20945.500751445106 5639.899039938582 45048.563 611.893 10476.11560642802 5196
810 20.9 16465.578837320572 4982.62263784844 45048.563 611.893 10813.460294468243 5369
820 27.5 13162.34116727273 4338.027548228959 45048.563 611.893 11025.237414485477 5578
830 44.4 9620.85794144144 4565.368515624711 45048.563 611.893 11125.648064069706 5853
840 43.8 7981.9973767123265 4606.863609605672 45048.563 611.893 11019.545663808161 6297
850 12.5 8889.96327200001 4758.157951771551 45048.563 611.893 10822.003548032662 6735
860 1.9 9359.279684210522 3683.16939097413 45048.563 611.893 10786.798732507285 6860
870 0.4 7228.612499999999 2310.854991942863 45048.563 611.893 10782.855882977174 6879
880 0 0 0 45048.563 611.893 10780.790363068427 6883
890 0 0 0 45048.563 611.893 10780.790363068427 6883
900 0 0 0 45048.563 611.893 10780.790363068427 6883
910 0 0 0 45048.563 611.893 10780.790363068427 6883
920 0 0 0 45048.563 611.893 10780.790363068427 6883
930 0 0 0 45048.563 611.893 10780.790363068427 6883
940 0.1 9622.799 0.0 45048.563 611.893 10780.790363068427 6883
950 0.1 15963.359 0.0 45048.563 611.893 10780.622148169665 6884
960 0.1 24620.479 0.0 45048.563 611.893 10781.374905882349 6885
970 1.7 23273.966352941177 3215.444004918723 45048.563 611.893 10783.384650885851 6886
980 2.3 29334.765304347828 3934.541388825656 45048.563 611.893 10814.145173692594 6903
990 2.6 34459.51830769233 4395.36906642273 46149.902 611.893 10875.648821253244 6926
1000 2.9 37384.64568965519 4089.495822842991 46149.902 611.893 10963.850864787108 6952
1010 6.6 38528.441954545444 5782.394870204696 53726.119 611.893 11073.606351095827 6981
1020 8.5 32356.65177647059 10284.926227942455 53726.119 611.893 11330.739762452102 7047
1030 14.5 26928.096337931027 10527.295925157678 56557.343 611.893 11581.32901107683 7132
1040 18.5 23019.81749729731 10904.762240185773 56557.343 611.893 11887.125529201587 7277
1050 23.9 20359.989753138063 9369.63782064362 56557.343 611.893 12163.130355534704 7462
1060 29.1 17360.748532646085 7706.229770109174 56557.343 611.893 12417.51931749123 7701
1070 39.6 17543.612421717145 8189.878495887813 56557.343 611.893 12597.509270145141 7992
1080 46.5 17776.88697849465 7531.316038292435 56557.343 611.893 12831.016285884592 8388
1090 57.9 18531.448312607936 7541.1364428156685 56557.343 611.893 13090.796007116229 8853
1100 59.6 18942.59193959728 8120.626386776615 56557.343 611.893 13424.78007039864 9432
1110 57 20394.806094736854 8188.216985542128 56557.343 611.893 13752.72341643398 10028
1120 42.1 22472.10923990499 7526.917854675703 56557.343 611.893 14109.95941630496 10598
1130 33.8 26071.24242899406 6955.238078132265 56557.343 611.893 14429.449848806604 11019
1140 27.7 30251.59241516247 6117.740406725445 56557.343 611.893 14775.925669190803 11357
1150 24.9 33520.9314738956 5652.551480064701 56557.343 611.893 15144.393925047272 11634
1160 27.6 35143.602931159396 4518.217813664787 56557.343 611.893 15529.461487923923 11883
1170 28.6 33802.05240909095 4459.034807039531 56557.343 611.893 15974.687496504643 12159
1180 23.9 31010.946271966528 5429.428609548781 56557.343 611.893 16384.38025383688 12445
1190 34.5 27982.237078260874 6054.840490775794 56557.343 611.893 16659.983318984545 12684
1200 46.2 22045.442402597397 6273.215303029489 56557.343 611.893 16959.78971601811 13029
1210 59.9 14559.133078464078 6090.959823807906 56557.343 611.893 17133.948158031275 13491
1220 43.6 10184.235587155952 5198.317087331986 56557.343 611.893 17024.48653754435 14090
1230 5.1 12311.92552941176 5999.0643013152285 56557.343 611.893 16819.17541167561 14526
1240 0.4 8243.743750000001 2808.4402341235054 56557.343 611.893 16803.40606654318 14577
1250 0 0 0 56557.343 611.893 16801.05789774363 14581
1260 0 0 0 56557.343 611.893 16801.05789774363 14581
1270 0 0 0 56557.343 611.893 16801.05789774363 14581
1280 0 0 0 56557.343 611.893 16801.05789774363 14581
1290 0 0 0 56557.343 611.893 16801.05789774363 14581
1300 0 0 0 56557.343 611.893 16801.05789774363 14581
1310 0 0 0 56557.343 611.893 16801.05789774363 14581
1320 0 0 0 56557.343 611.893 16801.05789774363 14581
1330 0.2 10080.729 7038.2390000000005 56557.343 611.893 16801.05789774363 14581
1340 1.7 5972.390352941176 3270.408262154417 56557.343 611.893 16800.136231571 14583
1350 12.3 8373.153674796753 4940.5767400492205 56557.343 611.893 16787.528582260267 14600
1360 32.7 10223.254828746185 5427.015189778031 56557.343 536.823 16717.232575086593 14723
1370 70.8 10685.218264124287 5833.699878484346 56557.343 536.823 16576.134188172753 15050
1380 108.1 11700.749120259015 6101.438801216764 56557.343 433.104 16311.457930130722 15758
1390 128.8 12505.310256987565 6278.371044168827 56557.343 433.104 16015.467893699146 16839
1400 114.1 13118.480826468007 6703.294063229876 56557.343 433.104 15766.056350912999 18127
1410 100.3 13712.192438683935 6808.705802526676 56557.343 433.104 15609.273930662235 19268
1420 83 13746.038110843372 6537.593991071155 56557.343 433.104 15515.407188199888 20271
1430 82.2 13458.53837956203 6523.642684047081 56557.343 433.104 15445.80971252547 21101
1440 69.3 13998.395994228003 6886.604728779277 56557.343 237.819 15371.297235414859 21923
1450 70.7 14194.553039603963 7297.396221967904 56557.343 237.819 15329.228763530242 22616
1460 69.5 14045.693030215822 7177.724857069596 56557.343 237.819 15294.832856622217 23323
1470 65.9 14490.929567526548 6897.2335270178555 56557.343 237.819 15258.686958572736 24018
1480 50 15798.747670000019 6961.0426612835645 56557.343 237.819 15238.183975199578 24677
1490 41 18984.552965853654 6794.092077343034 56557.343 237.819 15249.316431306352 25177
1500 36.9 22272.442918699166 6582.003502500105 56557.343 237.819 15309.168972798689 25587
1510 30.4 26742.606072368388 6412.126086642091 56557.343 237.819 15408.161424872862 25956
1520 27.6 32287.94563405798 5697.663399188635 56557.343 237.819 15539.375102437167 26260
1530 30.4 35732.12836513153 5092.769562010089 56557.343 237.819 15713.576393766958 26536
1540 32.4 38291.06030555553 4623.58817509514 56557.343 237.819 15940.314091207154 26840
1550 39 37100.59043589752 4372.121598228984 56557.343 237.819 16206.903760381387 27164
1560 44.1 34737.21268027212 5579.1583493767885 56557.343 237.819 16502.633520251144 27554
1570 49.5 29430.003486868678 6122.693973259582 56557.343 237.819 16789.87943593499 27995
1580 66.1 21254.955726172477 6794.579528154081 56557.343 237.819 17009.495490873993 28490
1590 57.6 14327.393701388906 6203.127223984826 56557.343 237.819 17105.761458269015 29151
1600 9.5 12482.824547368427 5182.7824980041605 56557.343 237.819 17051.926902882904 29727
1610 0.8 19434.225124999997 9626.499770072836 56557.343 237.819 17037.371717993432 29822
1620 0.1 12163.098 0.0 56557.343 237.819 17038.014521454916 29830
1630 0 0 0 56557.343 237.819 17037.85110365057 29831
1640 0 0 0 56557.343 237.819 17037.85110365057 29831
1650 0 0 0 56557.343 237.819 17037.85110365057 29831
1660 0 0 0 56557.343 237.819 17037.85110365057 29831
1662 0 0 0 56557.343 237.819 17037.85110365057 29831
