20 0.4 8564.96025 1859.5431412769613 10489.198 5635.674 0 0
30 2.3 7591.482608695653 3400.0350599984768 14937.778 2659.234 8564.96025 4
40 4.3 9659.871953488373 4087.740412730628 19050.398 2659.234 7735.701518518518 27
50 4.9 9719.023489795918 4438.186714950894 25765.77 1910.189 8917.69192857143 70
60 4.2 10583.681904761905 4812.819707018468 25765.77 1910.189 9247.651983193278 119
70 4.7 11338.84314893617 4847.597448722413 28807.756 1910.189 9596.181527950312 161
80 5.1 11699.200941176474 4294.8510898098575 28807.756 1910.189 9989.956028846154 208
90 4.9 10782.058938775512 4700.6240676385905 29036.621 1910.189 10326.52549034749 259
100 5.1 10413.766196078435 3734.3043362384556 29036.621 1910.189 10398.996720779222 308
110 4.9 10364.700428571427 4236.294747479318 29036.621 1910.189 10401.094891364904 359
120 4.6 10712.112847826085 4124.364466186475 29036.621 1910.189 10396.723987745097 408
130 3.3 10222.625000000002 4102.597748999588 29036.621 1910.189 10428.679687224669 454
140 5.6 11151.632142857141 4886.8825085221415 30556.276 1910.189 10414.717049281313 487
150 4.4 10614.588636363638 4769.877504365086 30556.276 1910.189 10490.715659300184 543
160 4.5 10774.277222222225 4447.609790540358 30556.276 1184.09 10500.000856899489 587
170 4.8 9645.752062500002 3646.214244734304 30556.276 1184.09 10519.530028481013 632
180 6.4 10259.915828125 5102.69612632636 30556.276 1184.09 10457.85158382353 680
190 4.4 9168.646249999998 3241.491850994097 30556.276 1184.09 10440.824852150537 744
200 4 10363.48575 4049.70312499643 30556.276 1184.09 10369.789498730963 788
210 4.4 9790.709795454548 4494.904559622528 30556.276 1184.09 10369.484969806763 828
220 4.4 10613.345568181821 5461.234700669127 30556.276 1184.09 10340.28071788991 872
230 3.8 11310.811315789475 4467.831826082647 30556.276 1184.09 10353.397370087338 916
240 1.1 14166.158272727269 4249.385487765607 30556.276 1184.09 10391.533355345913 954
250 0.2 9901.283 279.3299999999999 30556.276 1184.09 10434.560167875648 965
260 0 0 0 30556.276 1184.09 10433.457216132369 967
270 0 0 0 30556.276 1184.09 10433.457216132369 967
280 0 0 0 30556.276 1184.09 10433.457216132369 967
290 0 0 0 30556.276 1184.09 10433.457216132369 967
300 0 0 0 30556.276 1184.09 10433.457216132369 967
310 1.1 6449.257363636364 2035.920547949581 30556.276 1184.09 10433.457216132369 967
320 3.7 8061.2807297297295 3168.186078169504 30556.276 1184.09 10388.645152351739 978
330 8.2 9414.138621951224 3505.251109320076 30556.276 1184.09 10303.805266995074 1015
340 8.6 10228.106069767438 4429.922289926288 30556.276 1184.09 10237.303293527804 1097
350 9.7 10415.255711340194 5078.070947257541 32284.837 1184.09 10236.634687235843 1183
360 10.1 10564.42499009901 5221.300077167208 32284.837 1184.09 10250.170811718752 1280
370 8.9 10006.384808988767 3916.036498255567 32284.837 1184.09 10273.153919623463 1381
380 10.1 9661.78441584158 3287.6546018780896 32284.837 1184.09 10257.002592517007 1470
390 9.4 9899.089659574469 3762.710444992506 32284.837 1184.09 10218.735860598345 1571
400 8.1 10493.522024691361 5028.851200159725 33159.403 1184.09 10200.689768768769 1665
410 10.7 10427.440018691586 5281.182870331173 33159.403 1184.09 10214.27477033219 1746
420 10.8 10644.996101851855 4598.230680986483 33159.403 1184.09 10226.583826767404 1853
430 9.7 10710.109536082478 4463.70667334834 33159.403 1184.09 10249.627440081591 1961
440 10.1 9951.879475247531 4431.8227336653335 33159.403 1184.09 10271.33140670554 2058
450 10.4 10496.075086538469 4833.419761676283 33159.403 1184.09 10256.387152385363 2159
460 11.6 9698.49800862069 4190.936944013739 33159.403 1184.09 10267.402417587273 2263
470 9.6 9734.431708333339 3675.5129753563137 33159.403 1184.09 10239.662648171501 2379
480 9.9 10452.685707070716 4824.085063941194 33159.403 1184.09 10220.065811717173 2475
490 9 10172.107688888887 4324.083507891657 33159.403 1184.09 10229.012730769233 2574
500 10.3 10964.083970873782 4712.131863380942 33159.403 1184.09 10227.090263138141 2664
510 9 11052.968855555551 4627.159156107532 33159.403 1184.09 10254.524434405497 2767
520 5.6 11073.01757142857 3994.3984565200485 33159.403 1184.09 10279.676691284569 2857
530 2.5 14214.277640000002 3966.632448507755 33159.403 1184.09 10294.928009268799 2913
540 0.5 17376.0596 4858.005136981212 33159.403 1184.09 10328.278499659635 2938
550 0 0 0 33159.403 1184.09 10340.252303771664 2943
560 0 0 0 33159.403 1184.09 10340.252303771664 2943
570 0 0 0 33159.403 1184.09 10340.252303771664 2943
580 0 0 0 33159.403 1184.09 10340.252303771664 2943
590 0.4 5380.354249999999 1413.361781209322 33159.403 1184.09 10340.252303771664 2943
600 4.6 7242.420065217392 2761.843254901008 33159.403 1184.09 10333.520172039363 2947
610 10.4 9525.249750000004 3488.647858596387 33159.403 1184.09 10286.012452388908 2993
620 11.7 12146.34939316239 3584.1993610828085 33159.403 1184.09 10260.465367775267 3097
630 15.2 14607.126039473676 3889.4971298660244 33159.403 1184.09 10329.117648724332 3214
640 15 16418.439706666675 4554.185643889432 38021.995 1184.09 10522.301628342248 3366
650 14 17494.179685714298 3789.012313126081 38021.995 1184.09 10773.84335523322 3516
660 12.3 18663.68881300813 4276.648575018918 38021.995 1184.09 11031.186650164116 3656
670 13.3 19789.72127819549 4370.100925581395 38021.995 1184.09 11279.611568404342 3779
680 13.5 21162.32585185184 4130.542813690948 38021.995 1184.09 11568.937895449899 3912
690 13.8 21620.680500000002 4639.5471302813685 38658.941 1184.09 11888.954543365457 4047
700 13.3 22009.32260150376 4774.614817447123 38658.941 1184.09 12209.857334767026 4185
710 14.3 22791.372881118878 4635.093145756879 40141.965 1184.09 12511.693573876795 4318
720 13.4 24216.975485074625 4738.104778106154 40141.965 1184.09 12841.214789060748 4461
730 13 25742.620123076922 5705.372584335236 43114.528 1184.09 13172.956232644177 4595
740 12.9 26349.925875968987 4832.5701333372135 43114.528 1184.09 13518.788255026455 4725
750 12.2 27358.842081967203 5294.391750097351 45040.523 1184.09 13859.78882220849 4854
760 13.5 29326.01622962963 5238.725019488099 46283.133 1184.09 14190.75435631029 4976
770 12.2 29363.399852459002 5300.959379279116 47319.969 1184.09 14590.531377029936 5111
780 12.5 30314.113208000002 4824.623108902958 47319.969 1184.09 14934.93992929486 5233
790 13.8 29769.457442028994 5800.259947269346 47319.969 1184.09 15293.729899402762 5358
800 17.8 27593.262707865175 5722.741424864221 55034.031 1184.09 15657.203407569143 5496
810 24.1 24044.3821286307 5650.060136395293 55034.031 1184.09 16031.651513923158 5674
820 29.5 21880.539532203406 5955.591030939728 55034.031 1184.09 16358.121180557902 5915
830 44.7 17203.276434004467 4687.251244977302 55034.031 1184.09 16620.458284219 6210
840 18.7 15632.293069518719 5034.14406995766 55034.031 1184.09 16659.592986480395 6657
850 3.3 16913.101000000006 6878.573506732253 55034.031 1184.09 16631.523862507307 6844
860 0.5 23345.0942 6520.346124740233 55034.031 1184.09 16632.875039697545 6877
870 0.1 7343.006 0.0 55034.031 1184.09 16637.751688317352 6882
880 0 0 0 55034.031 1184.09 16636.401296672964 6883
890 0 0 0 55034.031 1184.09 16636.401296672964 6883
900 0 0 0 55034.031 1184.09 16636.401296672964 6883
910 0 0 0 55034.031 1184.09 16636.401296672964 6883
920 0 0 0 55034.031 1184.09 16636.401296672964 6883
930 0.1 13215.348 0.0 55034.031 1184.09 16636.401296672964 6883
940 0.6 15079.3435 2186.7995126649325 55034.031 1184.09 16635.904339482862 6884
950 4.8 20705.791 3359.0552778693773 55034.031 1184.09 16634.548843831642 6890
960 4.1 25426.280243902434 3951.252550838869 55034.031 1184.09 16662.7154081868 6938
970 6.3 29081.687190476194 4199.557971316783 55034.031 1184.09 16714.19931107609 6979
980 5.5 33732.34420000001 4885.441622346177 55034.031 1184.09 16824.842840812275 7042
990 5.6 37265.19305357143 4013.6161571503053 55034.031 1184.09 16955.871807242504 7097
1000 8 40156.32669999998 5038.9531060304735 55034.031 1184.09 17114.87110680834 7153
1010 11 40140.85227272728 6721.018726334784 55034.031 1184.09 17369.719226185545 7233
1020 15.2 34798.38393421053 10353.58370777655 56951.738 1184.09 17710.83656720687 7343
1030 17.3 28133.955959537572 11224.404499259846 56951.738 1184.09 18057.37521961308 7495
1040 27.1 22714.830450184494 9653.70326658695 56951.738 1184.09 18284.715917057907 7668
1050 36.2 20212.309494475136 9307.12150458586 56951.738 1184.09 18435.939123819124 7939
1060 48.2 19748.398475103753 8666.07011998981 56951.738 1184.09 18513.405221178175 8301
1070 60.6 21225.886372937315 7737.332088054064 56951.738 1184.09 18581.18009859957 8783
1080 61.6 21096.016527597407 8015.518754137839 56951.738 1184.09 18751.879001810634 9389
1090 60.9 22147.758807881775 7844.867555953976 56951.738 1184.09 18896.205710044982 10005
1100 58.1 21708.355239242697 7826.927558007714 56951.738 1184.09 19082.77023205201 10614
1110 46.5 22790.754225806428 8438.773564989291 56951.738 953.993 19219.03328602055 11195
1120 34.8 25460.7070086207 8203.388832367573 56951.738 953.993 19361.47327204117 11660
1130 26.8 27871.36557835821 7381.532707749123 56951.738 953.993 19538.233210443042 12008
1140 22.3 31427.80710313903 6750.911174869473 56951.738 953.993 19720.155617953737 12276
1150 20.6 36137.33559708738 6342.343480996119 61411.691 953.993 19929.03683094648 12499
1160 21 38030.97543809517 5246.386217234579 61411.691 953.993 20191.83962872885 12705
1170 26.5 38334.431362264164 5418.248830345359 61411.691 953.993 20481.906877661633 12915
1180 27.2 36431.93038970592 5317.844466789374 61411.691 953.993 20840.85369013657 13180
1190 30.8 34150.21328571425 5853.343249115977 61411.691 953.993 21156.105910050548 13452
1200 35.8 30962.47713687149 6031.866732333384 61411.691 953.993 21446.962383284877 13760
1210 37.8 26573.014216931228 6001.055552278977 61411.691 953.993 21688.253945955512 14118
1220 8 23162.539950000006 7416.557265106295 61411.691 953.993 21815.629731167213 14496
1230 0.5 18300.529199999997 7271.066453752912 61411.691 953.993 21823.022213158612 14576
1240 0 0 0 61411.691 953.993 21821.814308003562 14581
1250 0 0 0 61411.691 953.993 21821.814308003562 14581
1260 0 0 0 61411.691 953.993 21821.814308003562 14581
1270 0 0 0 61411.691 953.993 21821.814308003562 14581
1280 0 0 0 61411.691 953.993 21821.814308003562 14581
1290 0 0 0 61411.691 953.993 21821.814308003562 14581
1300 0 0 0 61411.691 953.993 21821.814308003562 14581
1310 0 0 0 61411.691 953.993 21821.814308003562 14581
1320 0.1 26453.075 0.0 61411.691 953.993 21821.814308003562 14581
1330 2.8 11259.268750000003 6775.6806369947 61411.691 953.993 21822.131909203123 14582
1340 13.2 11821.806196969703 6306.341383387095 61411.691 953.993 21801.888228952765 14610
1350 40.3 12750.089689826302 5568.118837280566 61411.691 953.993 21712.526485076643 14742
1360 81.7 13834.139280293759 6372.213907672945 61411.691 953.993 21474.041042456247 15145
1370 122.6 15127.20255138663 6625.739107346367 61411.691 953.993 21082.99983586016 15962
1380 129.2 16453.51248374617 6993.65563941553 61411.691 953.993 20658.179759599712 17188
1390 112.1 17005.182785905403 7501.876795957317 61411.691 953.993 20364.217090746748 18480
1400 95.6 17356.15703451882 7703.939196894956 61411.691 953.993 20172.110695372678 19601
1410 82.8 16554.71583574878 7460.2551245394525 61411.691 953.993 20041.155220362885 20557
1420 80.6 17076.83682258063 7239.999330113951 61411.691 953.993 19906.16472186111 21385
1430 71 17561.006688732432 7413.899314937153 61411.691 953.993 19803.400615384606 22191
1440 70.5 17057.427483687927 7525.605472342063 61411.691 953.993 19733.879647395304 22901
1450 69.3 17915.682248196234 7855.653764362911 61411.691 953.993 19653.946631407263 23606
1460 67.2 17845.228391369048 7511.59104782046 61411.691 953.993 19604.37186629079 24299
1470 63.9 18229.273082942087 7680.029104537263 61411.691 953.993 19557.031174482392 24971
1480 60.8 19406.448847039457 7847.300414083589 61411.691 953.993 19523.90202881686 25610
1490 49 20824.787304081638 7011.041051612478 61411.691 953.993 19521.178269013646 26218
1500 38.5 24894.73344675322 7224.779930370711 61411.691 953.993 19545.095014078168 26708
1510 33.9 28545.57232153392 6672.691268808034 61411.691 953.993 19621.11504864724 27093
1520 33.8 33820.409579881685 6235.0463705799175 61411.691 953.993 19731.40197688829 27432
1530 30 38019.25785000001 5935.86689968668 61411.691 953.993 19902.88503665825 27770
1540 31.2 40265.19364423077 4831.58496993504 61411.691 953.993 20096.504981225495 28070
1550 30.1 41482.579318936856 5588.81831792325 65908.779 953.993 20318.217012190813 28382
1560 36.3 39499.56953168043 5633.732789633999 65908.779 953.993 20540.31627148484 28683
1570 37.1 36392.56578167114 6248.667507641107 65908.779 953.993 20777.25798233835 29046
1580 30.8 32758.39316558446 7075.7415314676155 65908.779 953.993 20974.194420233187 29417
1590 9.9 28221.34189898991 6398.184658097037 65908.779 953.993 21096.298144827575 29725
1600 0.6 24864.126833333332 6290.475882144991 65908.779 953.993 21119.949544091996 29824
1610 0.1 28099.391 0.0 65908.779 953.993 21120.70264713375 29830
1620 0 0 0 65908.779 953.993 21120.93658794542 29831
1630 0 0 0 65908.779 953.993 21120.93658794542 29831
1640 0 0 0 65908.779 953.993 21120.93658794542 29831
1650 0 0 0 65908.779 953.993 21120.93658794542 29831
1660 0 0 0 65908.779 953.993 21120.93658794542 29831
1662 0 0 0 65908.779 953.993 21120.93658794542 29831
