30 0.1 9860.164 0 9860.164 9860.164 0 0
40 1.1 7916.9020909090905 4111.070275089919 16464.59 2527.627 9860.164 1
50 2.7 7879.757666666668 2807.5275894189126 16464.59 2212.264 8078.840583333334 12
60 4 9427.222874999998 4180.15512376227 19567.537 1967.424 7941.01394871795 39
70 4.9 12032.595632653056 5807.940260610306 28742.795 1507.895 8693.524797468355 79
80 4.8 10844.601104166664 4586.4079386557805 28742.795 1507.895 9971.762851562498 128
90 4.2 10957.481666666667 5083.863330887373 28742.795 1507.895 10209.80964772727 176
100 4.9 10277.274530612249 4390.64135535105 28742.795 1507.895 10353.856550458713 218
110 5.2 13845.758673076925 6852.735147699443 36266.594 1507.895 10339.802172284642 267
120 4 10795.9746 5315.799440423499 36266.594 1507.895 10911.306053291537 319
130 5.7 12030.670649122812 5895.413937629571 36266.594 1507.895 10898.455752089138 359
140 4.1 12307.79992682927 5927.941063014069 36266.594 1507.895 11053.590966346153 416
150 3.8 11443.010763157892 7544.629024689301 36266.594 1507.895 11166.112995623633 457
160 5.1 10757.42211764706 5662.6630132249 36266.594 1507.895 11187.369793939395 495
170 5.8 12432.668913793108 7164.136410418247 41297.315 1507.895 11147.209846153846 546
180 4.2 10704.01095238095 5152.352731066763 41297.315 1507.895 11270.647968543048 604
190 6.2 10432.001822580643 4792.560248604055 41297.315 1507.895 11233.807791021673 646
200 3.5 12189.1846 4090.4202071965465 41297.315 1507.895 11163.593144067798 708
210 4.8 12248.407749999998 6168.239105457321 41297.315 1507.895 11211.90498923284 743
220 4.7 11518.380106382978 6532.173560233551 41297.315 1507.895 11274.802754740835 791
230 4.5 11607.36744444444 5408.147483200853 41297.315 1507.895 11288.46401431981 838
240 4 12908.542424999996 6330.914468931684 41297.315 1507.895 11304.716171007929 883
250 2.7 14463.090444444444 5802.292161355553 41297.315 1507.895 11374.221100758397 923
260 1.2 16906.490833333333 11264.842025499778 41297.315 1507.895 11462.010018947369 950
270 0.4 18971.7735 3961.5182770459046 41297.315 1507.895 11529.924540540542 962
280 0.1 29260.625 0.0 41297.315 1507.895 11560.739650103522 966
290 0 0 0 41297.315 1507.895 11579.043564632888 967
300 0 0 0 41297.315 1507.895 11579.043564632888 967
310 0 0 0 41297.315 1507.895 11579.043564632888 967
320 0.2 5167.4130000000005 958.3420000000003 41297.315 1507.895 11579.043564632888 967
330 2.2 7933.551772727275 3449.310730949286 41297.315 1507.895 11565.810065015481 969
340 5 8696.92222 4268.136064088911 41297.315 1507.895 11485.174663975784 991
350 7.9 10582.30411392405 5053.329473287626 41297.315 1507.895 11351.252836695487 1041
360 8.4 10469.094511904765 6087.630311735957 41297.315 1507.895 11297.014489285715 1120
370 10 11448.133169999996 5215.1383612406 41297.315 1230.675 11239.25263039867 1204
380 8.2 11925.030256097558 5551.896882644927 41297.315 1230.675 11255.271076687117 1304
390 11 11834.726345454552 6000.726802969908 41297.315 1230.675 11294.89607864358 1386
400 9.9 11753.008666666665 5658.639814793077 41297.315 1230.675 11334.589480614974 1496
410 9.9 10403.439090909098 5021.071131806 41297.315 1230.675 11360.56032664577 1595
420 8.2 11011.52912195122 5713.206434488148 41297.315 1230.675 11304.624670011806 1694
430 10.4 11151.674442307694 4830.595034603137 41297.315 1230.675 11291.092105292793 1776
440 11.1 11265.577531531533 5551.482341600671 41297.315 1230.675 11283.379638829787 1880
450 10.2 11426.612166666666 5942.89786237303 41297.315 1230.675 11282.387155700653 1991
460 8.9 10607.24894382023 5475.076863586615 41297.315 1230.675 11289.415799331104 2093
470 10.4 11898.856057692308 6546.152636053733 41297.315 1230.675 11261.591395050413 2182
480 11.8 11685.532779661016 5816.912212746043 41297.315 1230.675 11290.583313210851 2286
490 10.2 11656.116333333328 5583.920606621245 41297.315 1230.675 11309.96935191348 2404
500 8.9 11394.334674157302 5723.363099159115 41297.315 1230.675 11324.058335195532 2506
510 9 10396.580477777776 5346.911947387189 41297.315 1230.675 11326.468583429674 2595
520 9.9 10776.585111111113 4684.3065716645215 41297.315 1230.675 11295.299149720671 2685
530 8.9 12724.904752808987 5198.617685494076 41297.315 1230.675 11276.853499640805 2784
540 4.3 12455.410999999998 6267.381917046553 41297.315 1230.675 11321.711335189697 2873
550 1.7 16339.586235294119 5496.417225734152 41297.315 1230.675 11338.429128600823 2916
560 1 19422.1781 8093.695785387407 41297.315 1230.675 11367.416401295603 2933
570 0 0 0 41297.315 1230.675 11394.785622154266 2943
580 0 0 0 41297.315 1230.675 11394.785622154266 2943
590 0 0 0 41297.315 1230.675 11394.785622154266 2943
600 0.1 4062.431 0.0 41297.315 1230.675 11394.785622154266 2943
610 1.7 9358.036999999997 3112.4020974527816 41297.315 1230.675 11392.295012567938 2944
620 5.1 9529.748999999994 2878.877738292224 41297.315 1230.675 11380.615719689296 2961
630 8.3 11238.851240963853 4108.4652183752605 41297.315 1230.675 11349.27634296149 3012
640 9.4 13468.888882978725 5198.759682951526 41297.315 1230.675 11346.31502358643 3095
650 9.8 14509.10696938776 4682.995695756541 41297.315 1230.675 11408.880700219506 3189
660 12.6 16582.67028571428 5181.463156642551 41297.315 1230.675 11501.312149680562 3287
670 11.5 17565.206156521745 4864.605171076184 41297.315 1230.675 11688.904041019632 3413
680 10 18574.561079999996 5901.379138405273 41297.315 1230.675 11880.450170068028 3528
690 10.7 20130.3781588785 6242.328049476311 41297.315 1230.675 12064.962598676959 3628
700 10.7 21942.07893457944 7295.60039577397 48867.045 1230.675 12296.020019009373 3735
710 10.4 20788.119221153862 6246.478263903267 48867.045 1230.675 12564.663513014057 3842
720 11.3 22463.36187610619 5962.873762926692 48867.045 1230.675 12781.39929447542 3946
730 11 24083.89129090909 5619.002635639769 48867.045 1230.675 13050.939026361175 4059
740 9.8 25215.75020408163 5720.148309314649 48867.045 1230.675 13342.045946270091 4169
750 10.8 27200.225305555545 7523.116734867533 66410.063 1230.675 13614.748786032344 4267
760 10 28262.524039999997 6590.1521761095755 66410.063 1230.675 13950.115977828573 4375
770 9.2 29332.34156521738 5811.448278520359 66410.063 1230.675 14269.946325586592 4475
780 11.7 30120.573863247875 7331.341725567433 66410.063 1230.675 14573.37097241077 4567
790 13.6 29629.01749264707 7425.658682172176 66410.063 1230.675 14961.71912318531 4684
800 16.2 26887.427203703694 7845.063721809987 71717.279 1230.675 15375.56820580913 4820
810 20 23176.087320000013 8563.408688172005 71717.279 1230.675 15749.900031914894 4982
820 24.2 19572.20187603306 8201.313505357382 71717.279 1230.675 16036.51474778078 5182
830 31.8 14686.529235849046 6425.299828399278 71717.279 1230.675 16194.26480033186 5424
840 49.7 11438.41356740444 6491.746130770527 71717.279 1230.675 16110.764293625914 5742
850 42 12341.889709523828 5962.502507945789 71717.279 1230.675 15738.563891168458 6239
860 17.1 15406.614345029222 6713.265609713311 71717.279 1230.675 15524.327045352158 6659
870 3.9 18315.028564102566 7374.014781789573 71717.279 1230.675 15521.37991918009 6830
880 1.1 30269.268272727273 10642.28914123463 71717.279 1230.675 15537.24136875819 6869
890 0.2 25802.718 11756.085 71717.279 1230.675 15560.795481540701 6880
900 0.1 45659.55 0.0 71717.279 1230.675 15563.771919354842 6882
910 0 0 0 71717.279 1230.675 15568.144399099232 6883
920 0 0 0 71717.279 1230.675 15568.144399099232 6883
930 0 0 0 71717.279 1230.675 15568.144399099232 6883
940 0 0 0 71717.279 1230.675 15568.144399099232 6883
950 0 0 0 71717.279 1230.675 15568.144399099232 6883
960 0.1 17946.07 0.0 71717.279 1230.675 15568.144399099232 6883
970 0 0 0 71717.279 1230.675 15568.489826990124 6884
980 0 0 0 71717.279 1230.675 15568.489826990124 6884
990 0.1 32955.252 0.0 71717.279 1230.675 15568.489826990124 6884
1000 0.2 35865.546 1184.3570000000018 71717.279 1230.675 15571.015137400147 6885
1010 0.8 41893.056625 2935.3210883328825 71717.279 1230.675 15576.908713953828 6887
1020 1.9 38172.69442105262 9423.057160453522 71717.279 1230.675 15607.442315591008 6895
1030 6 34033.70729999998 12020.184367376056 71717.279 1230.675 15669.452698871855 6914
1040 8 28372.500312499993 11835.247276512724 71717.279 1230.675 15827.447433036994 6974
1050 13.5 26230.730437037037 10569.81400447997 71717.279 1230.675 15969.721919903603 7054
1060 17.8 23118.362797752805 9169.47984864345 71717.279 1230.675 16162.410214494366 7189
1070 21.3 24998.91866197184 10439.294287875711 71717.279 1230.675 16330.478567938102 7367
1080 30 22803.589689999997 8909.109645309183 71717.279 1230.675 16574.06402176781 7580
1090 34.3 23171.525807580176 9067.828220512145 71717.279 1230.675 16811.228704568526 7880
1100 40.9 23859.186034229846 9121.530697547158 79440.365 1230.675 17076.531137541042 8223
1110 46.7 24173.38860599574 8124.078281424533 79440.365 1230.675 17397.905772937906 8632
1120 44.6 26875.187762331832 9064.163459152503 79440.365 1230.675 17745.65283119024 9099
1130 37.6 30600.582071808494 8034.435955272586 79440.365 1230.675 18172.239796018857 9545
1140 36.3 35496.47569972454 7077.150776653603 79440.365 1230.675 18643.26657715956 9921
1150 34.2 38255.112371345 6687.020865809977 79440.365 1230.675 19238.14356194088 10284
1160 35.3 41053.45951558071 6402.33417320325 79440.365 1230.675 19850.208622435533 10626
1170 35.5 41924.4453492958 6508.869085787955 79440.365 1230.675 20531.94170971855 10979
1180 34.6 39151.16300867052 7063.968615281484 79440.365 1230.675 21201.991011999293 11334
1190 37.8 35337.8936825397 7757.961940406685 79440.365 1230.675 21733.704497517123 11680
1200 44.1 30693.79059183676 8875.234699027034 79440.365 1230.675 22160.175181870956 12058
1210 62.5 21340.221004799976 9260.141566581646 79440.365 1230.675 22461.26522073766 12499
1220 79.8 14306.151565162912 7932.334203581231 79440.365 1230.675 22407.87809524535 13124
1230 49.4 15162.20438461538 8200.690415124247 79440.365 1230.675 21943.492391251257 13922
1240 13.5 18490.41877037037 7015.181942126916 79440.365 1230.675 21711.114736195894 14416
1250 2.6 22593.817961538465 9613.53909893501 79440.365 1230.675 21681.234043777058 14551
1260 0.4 37823.33224999999 5540.379146096336 79440.365 1230.675 21682.861757426082 14577
1270 0 0 0 79440.365 1230.675 21687.289566353473 14581
1280 0 0 0 79440.365 1230.675 21687.289566353473 14581
1290 0 0 0 79440.365 1230.675 21687.289566353473 14581
1300 0 0 0 79440.365 1230.675 21687.289566353473 14581
1310 0 0 0 79440.365 1230.675 21687.289566353473 14581
1320 0 0 0 79440.365 1230.675 21687.289566353473 14581
1330 0 0 0 79440.365 1230.675 21687.289566353473 14581
1340 0.2 5715.614 1956.2800000000004 79440.365 1230.675 21687.289566353473 14581
1350 0.7 10530.39257142857 4133.788688940064 79440.365 1230.675 21685.099115065485 14583
1360 5.2 11170.27215384615 5464.426702983388 79440.365 1230.675 21679.747302467444 14590
1370 16.1 13207.823614906829 5488.023933404494 79440.365 1230.675 21642.42366445841 14642
1380 43.2 14125.083923611106 6365.523823018493 79440.365 1230.675 21550.687488819836 14803
1390 75.1 15657.833288948057 6734.204153841356 79440.365 1230.675 21340.128858024287 15235
1400 113.8 17211.628115114225 7167.801223251937 79440.365 1230.675 21073.18253171525 15986
1410 114 18239.612517543854 7478.882195330689 79440.365 1230.675 20816.557390037375 17124
1420 108.4 19037.75737822883 7764.803690977784 79440.365 1230.675 20655.709976839684 18264
1430 95.6 20120.112498953975 8300.959667133691 79440.365 1230.675 20565.061815949968 19348
1440 79.6 20010.783057788904 8405.325787793345 79440.365 1230.675 20544.11168065406 20304
1450 79.6 20229.407580402007 8110.7976959017105 79440.365 1230.675 20523.991795165875 21100
1460 72.7 20464.80667812935 9225.538466172638 79440.365 1230.675 20513.282577274385 21896
1470 69.3 20460.592427128446 8640.953069938872 79440.365 1230.675 20511.724783052643 22623
1480 56.5 21304.957800000007 8203.427688970347 79440.365 1230.675 20510.20502311717 23316
1490 43.5 24160.209381609184 7691.876091245242 79440.365 1230.675 20529.008059796488 23881
1500 36.1 27610.743357340725 7921.746715752171 79440.365 1230.675 20593.968274263854 24316
1510 32 32316.480015624966 7581.760863057421 79440.365 1230.675 20696.616724439755 24677
1520 24.7 37546.99686639678 6986.797131998613 79440.365 1230.675 20845.368824818972 24997
1530 25.5 40383.73725882347 6708.588904189942 79440.365 1230.675 21008.78595864363 25244
1540 29.5 44096.25715593218 5678.063317069191 79440.365 1230.675 21202.54306996352 25499
1550 33.3 44306.62953153151 5650.887846184705 79440.365 1230.675 21464.373172133044 25794
1560 38.8 42384.322909793766 7530.017166585476 79440.365 1230.675 21755.507683086453 26127
1570 48 37289.63636874996 9092.65122707807 79440.365 1230.675 22057.37380822175 26515
1580 75 28918.738328000003 9289.53050424683 79440.365 1230.675 22328.21974373031 26995
1590 105.4 19305.757314990526 10003.403084487176 79440.365 1230.675 22506.37396748963 27745
1600 77.7 15899.399129987123 8647.452212141287 79440.365 1230.675 22389.236221327123 28799
1610 20.8 18843.2823221154 8737.65641877619 79440.365 1230.675 22218.73975730321 29576
1620 3.6 23373.05274999999 7912.790880860237 79440.365 1230.675 22195.166860898466 29784
1630 0.9 34973.55933333333 9911.56360763634 79440.365 1230.675 22196.58885593561 29820
1640 0.1 53987.425 0.0 79440.365 1230.675 22200.44392094941 29829
1650 0.1 68654.021 0.0 79440.365 1230.675 22201.509525410656 29830
1660 0 0 0 79440.365 1230.675 22203.066714625722 29831
1662 0 0 0 79440.365 1230.675 22203.066714625722 29831
