0 0.3 1845.687 861.6817404591247 3035.718 1023.487 0 0
10 2.6 4302.683076923076 2385.630549958437 10038.125 840.512 1845.687 3
20 3.1 4870.56677419355 2606.503803135505 10523.966 840.512 4048.5110689655166 29
30 4.2 7929.225095238097 4698.644299558548 22329.054 840.512 4473.239850000001 60
40 4.5 7706.646644444441 5014.234484952091 23620.765 840.512 5896.292598039217 102
50 5.3 8077.229603773585 6105.537312294065 31112.501 794.1 6450.4826122448985 147
60 4.9 7450.861591836735 4990.8937923709545 31112.501 794.1 6881.570565000001 200
70 4.6 6912.0373260869555 4965.5330650949245 31112.501 794.1 6993.599722891568 249
80 5.3 9299.261603773584 6310.506152562211 31112.501 794.1 6980.881518644069 295
90 4.1 6635.374268292684 5714.873343999416 31112.501 794.1 7333.9681408046 348
100 5.2 7630.300153846154 4414.692753730022 31112.501 770.781 7260.337424164527 389
110 3.9 7637.451435897437 5539.801655358373 31112.501 770.781 7303.961147392292 441
120 4.6 7770.377086956523 4363.484834405677 31112.501 770.781 7331.057233333336 480
130 6.8 6483.315014705883 3092.4815764213326 31112.501 770.781 7369.476840304184 526
140 5.7 7335.675052631578 5441.895225900255 31112.501 770.781 7268.0307053872075 594
150 3.5 8690.990828571425 5324.3530567175285 31112.501 770.781 7273.953482334871 651
160 6.3 7968.199301587305 5890.983885320497 31112.501 632.997 7346.25130612245 686
170 4.9 7049.643408163265 4326.326861954843 31112.501 632.997 7398.564688918559 749
180 5.3 6397.304320754715 4111.218720343505 31112.501 632.997 7377.139697994988 798
190 4.7 6613.286234042554 4283.743947841198 31112.501 632.997 7316.115873090482 851
200 3.6 8785.44941666667 6167.3553476952 32989.028 632.997 7279.330802895322 898
210 3.2 9056.05159375 5260.929997347628 32989.028 632.997 7337.382483940043 934
220 0.7 19292.119428571426 8847.093665547634 32989.028 632.997 7394.315622153209 966
230 0.2 14982.426 4883.798999999999 32989.028 632.997 7479.91133299075 973
240 0 0 0 32989.028 632.997 7495.301106666667 975
250 0 0 0 32989.028 632.997 7495.301106666667 975
260 0 0 0 32989.028 632.997 7495.301106666667 975
270 0 0 0 32989.028 632.997 7495.301106666667 975
280 0 0 0 32989.028 632.997 7495.301106666667 975
290 0.2 1243.627 450.032 32989.028 632.997 7495.301106666667 975
300 5.4 4639.1737962962925 2733.998299831236 32989.028 632.997 7482.503411463664 977
310 9.8 6642.038428571427 4205.98411891723 32989.028 632.997 7333.580230843841 1031
320 9.6 6931.9140520833325 4428.7306198648885 32989.028 632.997 7273.552687333923 1129
330 10.7 6727.428934579439 4210.998865137809 32989.028 632.997 7246.77937387755 1225
340 9.8 7470.047653061225 4899.911146614248 32989.028 632.997 7205.0597815315305 1332
350 9.4 6533.0358829787265 4409.042327755676 32989.028 632.997 7223.219789510488 1430
360 9.3 7967.97151612903 5894.9334832389795 35111.553 632.997 7180.649391076115 1524
370 9.6 6953.522489583337 4774.642871351919 35111.553 632.997 7225.931368583796 1617
380 9.1 8104.666263736268 6140.863613378522 38881.486 632.997 7210.665021599532 1713
390 10.1 7713.163168316836 5345.585288337525 38881.486 632.997 7255.761536585365 1804
400 11.6 7983.751301724142 5457.16044680283 38881.486 632.997 7280.012226771653 1905
410 9.5 7808.516578947371 5413.614599886443 38881.486 632.997 7320.404969322118 2021
420 9.1 7207.453010989011 5138.218611132494 38881.486 481.464 7342.319242911153 2116
430 9.8 7022.692795918369 4757.608377474007 38881.486 481.464 7336.758378794744 2207
440 12.1 6833.253793388427 4445.9721318924885 38881.486 481.464 7323.405481995662 2305
450 8.9 7775.070853932584 5933.133792946082 44267.291 481.464 7298.958509892827 2426
460 9.8 7446.763193877549 5592.244577816642 44267.291 481.464 7315.807018290258 2515
470 8.9 7308.713775280897 6193.752386150195 44267.291 458.253 7320.718501339457 2613
480 9.7 6619.851381443298 4764.579005807138 44267.291 458.253 7320.323082901556 2702
490 9.8 8210.82652040816 6214.211494979983 44267.291 458.253 7296.048072168632 2799
500 5.6 9481.919428571427 4518.460461452705 44267.291 458.253 7326.993287193648 2897
510 1.1 14624.864363636363 7656.694088436438 44267.291 458.253 7367.858801557738 2953
520 0.2 25877.506500000003 5619.284499999999 44267.291 458.253 7394.7910084345485 2964
530 0.1 23397.781 0.0 44267.291 458.253 7407.254066756575 2966
540 0 0 0 44267.291 458.253 7412.643526457702 2967
550 0 0 0 44267.291 458.253 7412.643526457702 2967
560 0 0 0 44267.291 458.253 7412.643526457702 2967
570 0 0 0 44267.291 458.253 7412.643526457702 2967
580 5.1 3707.789509803921 2267.497822153036 44267.291 458.253 7412.643526457702 2967
590 15.1 5957.693397350993 3412.892611374458 44267.291 458.253 7350.036649436714 3018
600 20.2 7146.9123910891085 4786.041140523314 44267.291 458.253 7283.692745661093 3169
610 17 8071.879505882353 5181.4886659519525 44267.291 458.253 7275.4964740433115 3371
620 14.1 8345.972319148937 4560.773737219357 44267.291 458.253 7313.73005648122 3541
630 14 9943.23335714286 5605.714675480097 44267.291 458.253 7353.25915996741 3682
640 14.4 11834.613118055544 5766.345104557054 44267.291 458.253 7448.130009680796 3822
650 14 12151.634457142858 5200.660425641682 44267.291 458.253 7607.3971724659605 3966
660 15.2 12891.983157894738 5125.993779850455 44267.291 458.253 7762.339505601559 4106
670 15 14305.839146666654 4929.668734510617 44267.291 458.253 7945.455014091123 4258
680 14.3 15914.376055944052 4860.2715040023795 44267.291 458.253 8161.892768148821 4408
690 13.5 17068.00469629631 5700.603740616199 44267.291 458.253 8405.488705339487 4551
700 14.6 17571.445410958913 5718.949964217936 44267.291 458.253 8655.049025181394 4686
710 16.4 19142.20449390245 6451.3829802463915 55242.847 458.253 8924.460008692055 4832
720 12.7 19707.729157480313 6040.514237227712 55242.847 458.253 9259.87035608487 4996
730 14.4 21068.39283333332 5673.98406391783 55242.847 458.253 9518.874468475504 5123
740 12.9 22468.313682170527 5862.417284133661 55242.847 458.253 9834.638782988419 5267
750 16.4 22662.53167682927 5677.855514651111 55242.847 458.253 10136.666963491474 5396
760 13.5 25484.30190370369 6395.093022335015 55242.847 458.253 10506.134915467625 5560
770 14 25752.145157142855 6071.331185973935 55242.847 458.253 10861.192429675153 5695
780 17.4 26544.33691379309 6482.297583916002 55242.847 458.253 11218.473214910024 5835
790 19.7 25630.61467512692 6387.21267502258 55242.847 458.253 11662.257585621566 6009
800 21.7 22076.909626728124 6994.073662268918 55242.847 458.253 12105.661766516274 6206
810 29.9 19802.717645484965 6678.451876411334 60626.779 458.253 12442.538737661527 6423
820 13.8 20081.46868115943 7281.99673006975 60626.779 458.253 12769.925451948824 6722
830 2.4 26038.23454166667 7555.813445636247 60626.779 458.253 12917.008974635568 6860
840 0.3 39820.71033333333 5775.064276575764 60626.779 458.253 12962.754095729226 6884
850 0.1 45449.186 0.0 60626.779 458.253 12974.453510381878 6887
860 0 0 0 60626.779 458.253 12979.16819279907 6888
870 0 0 0 60626.779 458.253 12979.16819279907 6888
880 0 0 0 60626.779 458.253 12979.16819279907 6888
890 0 0 0 60626.779 458.253 12979.16819279907 6888
900 0 0 0 60626.779 458.253 12979.16819279907 6888
910 1.6 2765.8764375 1584.0864414039631 60626.779 458.253 12979.16819279907 6888
920 13.3 6089.490338345864 2883.1595390001535 60626.779 458.253 12955.498918742758 6904
930 12.9 9807.26392248062 3480.8344998828293 60626.779 458.253 12825.730673582493 7037
940 11.7 14091.321487179492 4000.736042367733 60626.779 458.253 12771.393217415574 7166
950 12.5 18016.16908 4611.451105217655 60626.779 458.253 12792.597612247702 7283
960 10.8 23536.153833333337 5245.8734475257725 60626.779 458.253 12880.738329508642 7408
970 10 27237.33764000001 4739.8829355791495 60626.779 458.253 13033.849675226187 7516
980 9.6 31010.58248958334 4786.7880577006135 60626.779 458.253 13220.34505291492 7616
990 10.6 35773.35758490566 4856.744632818793 60626.779 458.253 13441.80029071577 7712
1000 9.7 39587.152113402044 5012.312330082066 60626.779 458.253 13744.581701969815 7818
1010 20 40649.45387 7004.467769171055 64423.963 458.253 14061.28787125711 7915
1020 27.1 34420.85613284131 11952.213453028779 66349.901 458.253 14716.572307455332 8115
1030 43.8 27761.865872146125 12995.608545024206 66349.901 458.253 15353.331300620082 8386
1040 60.6 22741.95353960394 10724.100920415145 66349.901 458.253 15969.258107320944 8824
1050 70.8 22058.228196327684 10359.042229888397 66349.901 458.253 16404.491769247084 9430
1060 69.1 21970.091629522427 9798.655788259164 66349.901 235.866 16799.327574176365 10138
1070 54.7 22692.817789762328 9991.298543283985 66464.487 235.866 17129.274749561362 10829
1080 53.8 22689.954568773253 10161.930580639722 81919.978 235.866 17396.790400316455 11376
1090 43.9 22680.465949886086 9497.752218582895 81919.978 235.866 17635.813593419505 11914
1100 43.3 21627.36656351038 9839.094697584569 81919.978 235.866 17815.09007560916 12353
1110 35.2 21785.577082386364 8668.581258587092 81919.978 235.866 17944.193447989986 12786
1120 32.2 23994.32815838509 8766.246058365263 81919.978 235.866 18047.11375848683 13138
1130 25.5 28262.598654901965 8289.66882862654 81919.978 235.866 18189.38738677563 13460
1140 21.5 31785.369818604646 6943.563093154358 81919.978 235.866 18376.67640415603 13715
1150 20.9 35092.70710526312 6028.925908241156 81919.978 235.866 18583.63039440057 13930
1160 20.6 36377.49238349519 5224.677970884627 81919.978 235.866 18827.66441608317 14139
1170 18.2 36973.4841648352 6056.327264608591 81919.978 235.866 19079.687041477864 14345
1180 14.6 36078.26703424656 7763.73919254988 81919.978 235.866 19303.867607076478 14527
1190 5.4 34924.188814814814 7770.855487457635 81919.978 235.866 19470.777054112994 14673
1200 0.9 36761.27722222223 11330.862350186766 81919.978 235.866 19527.4406132274 14727
1210 0.1 60993.842 0.0 81919.978 235.866 19537.96616490228 14736
1220 0.1 65684.659 0.0 81919.978 235.866 19540.779212051297 14737
1230 0 0 0 81919.978 235.866 19543.91015789116 14738
1240 0 0 0 81919.978 235.866 19543.91015789116 14738
1250 0 0 0 81919.978 235.866 19543.91015789116 14738
1260 0 0 0 81919.978 235.866 19543.91015789116 14738
1270 0.4 2613.17325 1411.3499187128214 81919.978 235.866 19543.91015789116 14738
1280 2.1 9633.825142857144 2804.576817420161 81919.978 235.866 19539.31628001628 14742
1290 3.1 17265.70564516129 2654.004682038345 81919.978 235.866 19525.225965454174 14763
1300 3.2 24091.44471875 3231.7410040554796 81919.978 235.866 19520.49126693254 14794
1310 5.2 30570.789076923076 4474.391345277439 81919.978 235.866 19530.357077701334 14826
1320 17.2 24807.711988372088 12440.035669042376 81919.978 235.866 19568.94441900793 14878
1330 52.5 16215.94635047617 11284.217909991874 81919.978 139.452 19628.816048372093 15050
1340 111.3 14754.834288409727 9217.386358806307 81919.978 139.452 19513.775496757622 15575
1350 147.2 15278.443238451073 7954.976308916722 81919.978 44.841 19196.379669523012 16688
1360 129.4 16525.50336166926 8347.50989030936 81919.978 44.841 18878.80244339207 18160
1370 104.9 16587.811757864587 9126.241368707206 81919.978 44.841 18722.270675542306 19454
1380 86.5 16448.778092485536 9097.394246571961 81919.978 44.841 18613.064832268446 20503
1390 85.7 15193.610644107357 8831.810559587755 81919.978 44.841 18525.452138992885 21368
1400 78.5 14546.144969426752 8256.68570619406 81919.978 44.841 18396.97573129359 22225
1410 77.8 14335.986492287919 7807.163170880302 81919.978 44.841 18265.602321990442 23010
1420 70.4 14364.973356534074 8086.571164149416 81919.978 44.841 18137.082012779556 23788
1430 73.9 15514.916868741564 8384.63721904618 81919.978 44.841 18028.656220929286 24492
1440 70 15430.945044285709 8240.3176129118 81919.978 44.841 17955.03038837145 25231
1450 69.5 15019.260240287762 8091.116268123519 81919.978 44.841 17886.89341945934 25931
1460 79 15511.021254430358 7795.297259839394 81919.978 44.841 17812.04158067303 26626
1470 68.9 15650.832542815677 8262.052461138846 81919.978 44.841 17745.73701189087 27416
1480 55 17819.70553636362 7893.652205963257 81919.978 44.841 17694.379987190896 28105
1490 40.2 21616.289487562208 8300.143796966848 81919.978 44.841 17696.78546798116 28655
1500 33.4 25419.808946107783 7406.647435191316 81919.978 44.841 17751.01132116186 29057
1510 22.5 31076.612511111114 7389.380350698149 81919.978 44.841 17838.159713755915 29391
1520 19 35160.36111578943 7462.61903796273 81919.978 44.841 17938.73547953809 29616
1530 13.1 40104.464778625945 6833.799963510881 81919.978 44.841 18048.51568724418 29806
1540 10.3 41258.78693203883 6064.706489233294 81919.978 44.841 18145.029343621605 29937
1550 4.4 42408.91049999999 7601.786759284208 81919.978 44.841 18224.28090925433 30040
1560 1.5 40826.79893333334 8914.67703852835 81919.978 44.841 18259.652658423085 30084
1570 0.6 54103.90433333333 7366.178820274835 81919.978 44.841 18270.899118243135 30099
1580 0 0 0 81919.978 44.841 18278.040723667167 30105
1590 0 0 0 81919.978 44.841 18278.040723667167 30105
1600 0 0 0 81919.978 44.841 18278.040723667167 30105
1610 0 0 0 81919.978 44.841 18278.040723667167 30105
1620 0 0 0 81919.978 44.841 18278.040723667167 30105
1630 0 0 0 81919.978 44.841 18278.040723667167 30105
1640 0 0 0 81919.978 44.841 18278.040723667167 30105
1650 0 0 0 81919.978 44.841 18278.040723667167 30105
1660 0 0 0 81919.978 44.841 18278.040723667167 30105
1662 0 0 0 81919.978 44.841 18278.040723667167 30105
