0 0.2 2176.103 1271.7269999999999 3447.83 904.376 0 0
10 1.9 1915.3747368421054 1396.21291660092 5244.767 482.008 2176.103 2
20 3.4 1993.858235294117 1380.6525295571412 5887.361 458.533 1940.2060000000001 21
30 4 2362.6310750000002 1781.2443252220116 6478.597 449.735 1973.372836363636 55
40 4.9 2238.4258571428572 1792.4931775828384 9492.255 430.16 2137.2710421052634 95
50 7.4 3188.002337837838 2518.773524390051 11697.45 420.79 2171.691777777778 144
60 8.4 3017.429666666666 2525.193493263368 14384.088 420.79 2516.677931192661 218
70 8.3 2895.450951807231 2126.425264286996 14384.088 420.79 2655.9598708609274 302
80 10.5 3412.3266857142844 2451.452473980309 14384.088 420.79 2707.5904155844164 385
90 8.3 3643.5724819277107 2777.2137355998575 14384.088 420.79 2858.6053306122453 490
100 10 3593.73347 2581.652385423849 14384.088 420.79 2972.30912390925 573
110 8.2 3524.792658536586 3216.903049999955 21132.765 420.79 3064.6455794947997 673
120 10.6 3846.803141509436 2925.7604616804383 21132.765 420.79 3114.6218185430466 755
130 10 3133.5519400000026 2447.6099214664573 21132.765 420.79 3204.762608594658 861
140 10.9 3889.703036697247 3351.624250592742 21132.765 420.79 3197.35254942768 961
150 8.4 3664.024702380951 2369.3647308522122 21132.765 420.79 3267.881711214954 1070
160 10.8 3221.8347037037042 2203.994212068874 21132.765 420.79 3296.7170762564997 1154
170 10.4 3809.48514423077 3201.3895098165613 21132.765 420.79 3290.3087591125204 1262
180 10 3458.140730000001 3233.8113141512845 21132.765 420.79 3329.836097364569 1366
190 10.3 3288.944533980584 2362.84064511945 21132.765 420.79 3338.5881186903143 1466
200 8.6 3546.11056976744 2509.0829386663786 21132.765 420.79 3335.329170809434 1569
210 8.1 3434.703679012345 2045.8924345280366 21132.765 420.79 3346.2821619335355 1655
220 5.2 4337.00544230769 2867.8649885686837 21132.765 420.79 3350.407820276498 1736
230 5.2 4558.23001923077 2863.2451708189938 21132.765 420.79 3379.100815995526 1788
240 4 3724.893024999999 1981.2105889917093 21132.765 420.79 3412.424032608696 1840
250 3.2 3852.1832500000005 1940.0942566019344 21132.765 420.79 3419.0723090425536 1880
260 2.3 4992.368217391304 3712.5634630436543 21132.765 420.79 3426.3210277196654 1912
270 0.5 8924.9946 8327.478385320266 24858.888 420.79 3444.935542118863 1935
280 0.1 1883.306 0.0 24858.888 420.79 3459.0594056701034 1940
290 0.2 6457.6179999999995 5815.228999999999 24858.888 420.79 3458.2475801133437 1941
300 4.3 1761.1389767441863 1489.8931505041512 24858.888 409.447 3461.3349402985073 1943
310 8.6 1969.021697674419 1651.7455745323525 24858.888 406.08 3424.5230438066465 1986
320 10.2 2327.2620882352912 2105.528301003305 24858.888 395.007 3364.1113083976834 2072
330 11.7 2468.5933504273503 2155.3648358046335 24858.888 395.007 3315.4642888684452 2174
340 13.2 2856.036977272727 2431.1983654556643 24858.888 395.007 3272.215096464426 2291
350 16.4 3117.3674024390257 2440.4621280386928 24858.888 395.007 3249.5425782088323 2423
360 17.3 3413.879497109825 2575.8174673739823 24858.888 395.007 3241.1634793196754 2587
370 19 3394.131073684211 2509.7011115404734 24858.888 395.007 3251.989519565217 2760
380 18.6 3312.6251881720445 2569.320123898844 24858.888 395.007 3261.144399322034 2950
390 18.9 3333.0482698412716 2456.4682894219413 24858.888 395.007 3264.1977879464284 3136
400 21.1 3575.035507109006 2890.105334810319 24858.888 395.007 3268.111394285714 3325
410 21.9 3536.1335296803645 2663.441104530665 24858.888 395.007 3286.426153280543 3536
420 17.1 3282.895122807017 2379.18307526785 24858.888 395.007 3300.9896460719037 3755
430 18 3484.4630444444433 2747.229090076951 24858.888 395.007 3300.201524961793 3926
440 22.4 3171.51222767857 2411.21278011989 24858.888 395.007 3308.2792340477345 4106
450 21.1 3304.3361090047392 2464.796172962617 24858.888 395.007 3301.203989376443 4330
460 17.7 3542.3857175141247 2676.8128617481675 24858.888 395.007 3301.349524994494 4541
470 20.5 3572.5282634146342 2663.664503777065 24858.888 395.007 3310.3922138618054 4718
480 20 3269.192319999999 2580.724046630344 24858.888 395.007 3321.307893357708 4923
490 20.9 3524.7058851674633 2420.5092458842933 24858.888 395.007 3319.2733209057187 5123
500 16.5 3579.3985151515158 3116.139449032824 24858.888 395.007 3327.3257226181545 5332
510 10.9 4320.807045871559 2956.206241716219 24858.888 395.007 3334.8920334728027 5497
520 10 4546.325380000002 3004.1719657270382 24858.888 395.007 3354.061626114876 5606
530 10 4002.975150000002 2434.1871639738065 24858.888 395.007 3374.9565394321758 5706
540 6.7 4906.196850746268 3333.115708486618 24858.888 395.007 3385.773256803306 5806
550 1.9 4751.805315789473 2170.3548207530744 24858.888 395.007 3403.1184604120544 5873
560 1.5 6453.077133333334 4487.353892153056 24858.888 395.007 3407.467586388322 5892
570 0.3 5332.146333333333 2226.721679766667 24858.888 395.007 3415.201485694937 5907
580 2.8 1301.2403928571423 772.2219638434063 24858.888 395.007 3416.1745541455152 5910
590 13.3 2311.9730300751894 1613.7448527571962 24858.888 395.007 3406.2018097002347 5938
600 17.8 2276.4800449438226 1906.2157942479685 24858.888 395.007 3382.2300706638102 6071
610 17.5 3546.133645714284 2586.351895273919 24858.888 395.007 3350.7332704432697 6249
620 17.1 4402.20845614035 2005.7689459779394 24858.888 395.007 3356.0562881382302 6424
630 19.3 6005.512025906737 2282.9179234925323 24858.888 395.007 3383.181689310082 6595
640 18.8 6690.239079787235 2308.253789043464 24858.888 395.007 3457.7411700058915 6788
650 21.4 7533.190285046727 2327.442496849482 24858.888 395.007 3544.8555058772927 6976
660 22.6 8747.809654867257 2933.3975365538336 24858.888 395.007 3663.56254937413 7190
670 24.5 9676.864114285712 2805.731309837462 24858.888 395.007 3818.5031974110025 7416
680 24 10608.929133333342 2827.581326412479 24858.888 395.007 4005.854512465735 7661
690 23.1 11522.989389610382 3308.0385471234827 24858.888 395.007 4206.42885862549 7901
700 23.7 12095.964852320672 3453.178744562719 31268.529 395.007 4414.265243605508 8132
710 21.4 12875.271556074764 3696.8129771158747 40229.486 395.007 4631.801724339824 8369
720 25.1 13728.458003984071 3736.677580141273 40229.486 395.007 4837.336216241406 8583
730 23.4 14566.958760683754 3877.898710587536 40229.486 395.007 5089.959214738509 8834
740 21.7 15497.960290322584 3901.4815686713573 40229.486 395.007 5334.513459748565 9068
750 19.4 16047.77284020619 3940.02269850726 40229.486 395.007 5572.04366569736 9285
760 22.5 17806.263391111122 3857.421590258972 40229.486 395.007 5786.44301793438 9479
770 24.2 19032.79914049584 4044.957710829132 40229.486 395.007 6065.138358408903 9704
780 24.7 19265.363866396754 4111.829800843629 40229.486 395.007 6380.65956384476 9946
790 30.6 17774.408127450966 4158.034814092985 40229.486 395.007 6692.885793878148 10193
800 38 15365.326950000013 4040.9200168771085 40229.486 395.007 7015.863775978662 10499
810 48.6 12293.776613168728 4191.109318818824 40229.486 395.007 7307.507861476236 10879
820 60 9733.929023333325 3135.709228982718 40229.486 395.007 7520.735016190055 11365
830 48.7 6878.869478439431 3526.1031092797325 40229.486 395.007 7631.718418136228 11965
840 44.7 4381.868671140939 3022.5741940404814 40229.486 395.007 7602.2743582557 12452
850 48.7 4596.706669404519 2763.74044214638 40229.486 395.007 7490.674905419023 12899
860 27.8 4944.438661870504 2983.467881122039 40229.486 395.007 7385.388596518749 13386
870 8.1 5898.034172839506 3458.0174014953654 40229.486 395.007 7335.72641254391 13664
880 2.1 5895.057904761904 5074.620071529548 40229.486 395.007 7327.25401738814 13745
890 0.4 4399.89 831.1558450212574 40229.486 395.007 7325.0692056516045 13766
900 0 0 0 40229.486 395.007 7324.219480392156 13770
910 0.5 2944.1296 1932.6533605222226 40229.486 395.007 7324.219480392156 13770
920 6.4 3402.7892500000007 1747.802915861868 40229.486 395.007 7322.629611107078 13775
930 9.5 6818.672842105268 2101.7800937699153 40229.486 395.007 7304.5018718838055 13839
940 9.1 10599.24897802198 2208.1303381691255 40229.486 395.007 7301.189559710061 13934
950 8.2 13364.799731707317 2920.0818861175385 40229.486 395.007 7322.588733119429 14025
960 7.9 17327.56549367089 3221.9313184079083 40229.486 395.007 7357.710396257176 14107
970 7.1 20983.812295774642 2679.2036677613196 40229.486 395.007 7413.231230367967 14186
980 7.6 24431.701223684213 3173.0688496972366 40229.486 395.007 7480.812857333238 14257
990 7.2 27962.68149999999 3745.8898951259307 40859.161 395.007 7570.694076606431 14333
1000 7.5 30070.450079999995 3217.38691613583 40859.161 395.007 7672.618623255812 14405
1010 13.1 28542.984190839696 7984.655320783752 44768.02 395.007 7788.629490607733 14480
1020 19.9 21718.394819095483 9805.151836684421 44768.02 311.304 7974.709872903975 14611
1030 31.7 16466.02872870664 9075.747825025486 44768.02 64.497 8159.381939365293 14810
1040 50.5 12571.139813861382 8336.243099109026 44768.02 22.739 8333.455254115157 15127
1050 65.6 12540.364536585359 7631.084736649425 44995.293 22.739 8470.355887602353 15632
1060 79.4 12170.251920654906 6968.263243231883 44995.293 22.739 8634.275685842336 16288
1070 82.2 13079.735718978092 7158.427001760288 44995.293 22.739 8798.633789720172 17082
1080 83.3 13370.315553421353 7340.668625475391 44995.293 22.739 8995.185721458889 17904
1090 77.3 13380.425794307883 7212.580087379974 44995.293 13.627 9189.693014516728 18737
1100 77.2 13629.089126943021 7118.702742484463 44995.293 13.627 9355.732811481288 19510
1110 74.1 14282.155139001325 6737.8794843014875 44995.293 13.627 9518.390886401732 20282
1120 57.7 16539.3970034662 6401.479209417993 44995.293 13.627 9686.299810493265 21023
1130 52 20386.45320961538 6313.239165587793 44995.293 13.627 9869.366341990737 21600
1140 47 24455.25610851062 5525.154179972285 44995.293 13.627 10116.603465461118 22120
1150 57.8 27599.071643598625 4500.625838978899 44995.293 13.627 10414.92868645418 22590
1160 58.7 28268.70561839864 3618.840012433228 44995.293 13.627 10843.642197729623 23168
1170 72 26905.803948611123 3973.666551914338 44995.293 13.627 11274.225747632074 23755
1180 71.1 23985.38964556964 4307.679970554851 44995.293 13.627 11734.071970500509 24475
1190 69.9 20980.425576537942 4603.518578193336 44995.293 13.627 12079.926289049468 25186
1200 74.3 17121.41937819651 5558.701075703209 44995.293 13.627 12320.275873826538 25885
1210 80 9890.646408750008 5045.740785252966 44995.293 13.627 12454.241985579089 26628
1220 85.8 5118.612331002331 3404.2901961185285 44995.293 13.627 12379.468890148752 27428
1230 70.5 4846.033695035461 3088.8393034678666 44995.293 13.627 12159.225132539064 28286
1240 25.6 5189.392496093747 3052.5847477700004 44995.293 13.627 11981.383734745265 28991
1250 6.1 6128.6173606557395 3854.126288275553 44995.293 13.627 11921.933201114642 29247
1260 1.1 5797.114 2706.343341755944 44995.293 13.627 11909.875323870612 29308
1270 0.1 2266.786 0.0 44995.293 13.627 11907.581917732527 29319
1280 0.2 7100.301 935.326 44995.293 13.627 11907.253104774896 29320
1290 0.5 15136.294199999998 1589.9774380099104 44995.293 13.627 11906.925231362115 29322
1300 0.9 18951.371333333333 2731.3335355983154 44995.293 13.627 11907.475810856888 29327
1310 1.7 23417.351176470587 6703.023754916583 44995.293 13.627 11909.636809619578 29336
1320 7.5 16130.468946666664 10696.060359970445 44995.293 13.627 11916.301584744318 29353
1330 25.4 8431.21679133859 8260.046901909087 44995.293 13.627 11927.041782927823 29428
1340 71.4 6372.343794117646 5456.798744812386 44995.293 13.627 11897.126698099859 29682
1350 120.3 7181.127722360758 5486.960466517393 44995.293 13.627 11767.349918476115 30396
1360 137.5 7692.565614545461 5431.920288951248 44995.293 7.644 11592.748655716952 31599
1370 135.9 8505.16586092716 5939.782923221325 44995.293 7.644 11430.11289173288 32974
1380 123.3 8039.300484995948 5757.356090160906 44995.293 7.644 11314.334980834767 34333
1390 135.6 7631.005127581116 5705.882191336532 44995.293 7.644 11200.796277202948 35566
1400 161.3 7768.724644761317 5544.827693949873 44995.293 7.644 11069.69187335464 36922
1410 178.1 8714.07568669288 5439.720844234492 44995.293 7.644 10931.519818346958 38535
1420 186.2 9133.352255639085 5725.1955142055585 44995.293 7.644 10833.561985266397 40316
1430 179.3 9386.769346904626 5922.435538133057 44995.293 7.644 10758.504122955095 42178
1440 156.4 9838.484670716136 6017.228068201742 44995.293 7.644 10702.56906454254 43971
1450 162.1 9511.178837754494 6130.019078450464 44995.293 7.644 10672.890180344792 45535
1460 147.8 9295.416962787556 6147.990159827614 44995.293 7.644 10632.956044999579 47156
1470 134.4 10105.677866071454 6188.874006967078 44995.293 7.235 10592.30788191389 48634
1480 106.1 11979.743808671068 6079.5166987295115 44995.293 7.235 10579.221509084 49978
1490 83.9 14310.581704410004 6098.504359798323 44995.293 7.235 10608.335601442039 51039
1500 63.2 18050.457052215203 5981.597607724361 44995.293 7.235 10668.210393847106 51878
1510 53.4 22461.36756741578 5788.882771166839 44995.293 7.235 10757.061658141309 52510
1520 45.5 27118.435147252716 4968.676424873316 44995.293 7.235 10874.890241120582 53044
1530 51.3 30280.05369785572 4150.058341363838 44995.293 7.235 11013.03885945532 53499
1540 55.3 31496.373019891496 3805.6948500917747 44996.025 7.235 11196.034834647857 54012
1550 54.9 30127.338369763213 4178.189622244026 47584.418 7.235 11401.772707211583 54565
1560 51.5 26708.82143106798 4869.743581273666 47584.418 7.235 11588.30127615488 55114
1570 63 22346.047885714328 5644.905234974032 47584.418 7.235 11728.283441568248 55629
1580 80.7 14495.548895910762 5610.400119413328 47584.418 7.235 11847.183379352638 56259
1590 131 7223.498403053445 4187.519230166415 47584.418 7.235 11884.63529418568 57066
1600 100.5 4812.269645771138 3187.751477663914 47584.418 7.235 11780.035984068796 58376
1610 44 5425.607809090907 3274.74484513998 47584.418 7.235 11662.109287482528 59381
1620 9.3 6490.755376344087 4227.2944251842 47584.418 7.235 11616.23809424784 59821
1630 1.4 6234.6702857142855 2895.5060824036427 47584.418 7.235 11608.282192576025 59914
1640 0.7 5913.230857142858 1964.0172461513257 47584.418 7.235 11607.02684337872 59928
1650 0 0 0 47584.418 7.235 11606.361846767331 59935
1660 0 0 0 47584.418 7.235 11606.361846767331 59935
1662 0.1 18426.427 0.0 47584.418 7.235 11606.361846767331 59935
