0 1.1 3620.86 1631.7193971096312 6523.707 829.837 0 0
10 4.1 6633.537024390245 3454.459281891461 14740.833 829.837 3620.86 11
20 7 10894.819914285717 6816.954433950216 25453.856 829.837 5996.239961538463 52
30 9 15537.963733333334 9303.860503926793 30941.579 728.384 8806.900590163936 122
40 9.8 17372.347959183673 11305.509525477224 42632.099 728.384 11664.427396226416 212
50 9 17464.41415555556 11077.437699192526 43870.251 647.271 13468.866799999998 310
60 10.6 16957.372754716973 11965.220574303552 45680.04 647.271 14367.864955 400
70 8.7 17190.42009195402 13023.588571015063 52882.881 647.271 14910.331015810274 506
80 8.7 17503.843091954026 11044.549298621347 56371.376 647.271 15244.846613827993 593
90 10.6 16454.21617924529 10735.776714481415 56371.376 647.271 15533.865280882352 680
100 9.6 15885.059385416658 10515.61967721644 56371.376 647.271 15657.983849872773 786
110 8.8 16338.960681818195 9979.663249906998 56371.376 647.271 15682.699554421768 882
120 9 15545.437722222225 10953.89341923542 56371.376 647.271 15742.236646391753 970
130 12.1 16167.937933884294 11507.760434480066 66762.217 647.271 15725.527303773584 1060
140 9.5 16447.2386 10615.412695466292 66762.217 647.271 15770.854726502963 1181
150 9.1 17012.14785714285 11828.985035138778 66762.217 647.271 15821.212460031347 1276
160 10.7 17263.27628037383 11935.289835996766 66762.217 647.271 15900.491992684709 1367
170 8.8 16878.100204545448 11619.162241409244 66762.217 647.271 15999.418667571232 1474
180 11.3 16923.585778761073 11801.147319433048 66762.217 647.271 16048.92185275288 1562
190 8.6 14188.254116279068 9333.79617246652 66762.217 647.271 16107.929031044774 1675
200 7.9 18065.262569620245 10092.116596040527 66762.217 647.271 16014.180000567856 1761
210 5.9 24955.312677966103 7987.19435364684 66762.217 647.271 16102.242784782606 1840
220 3.3 30293.901454545456 5005.805868454798 66762.217 647.271 16377.298668773035 1899
230 0.8 40335.257874999996 9181.867513862913 66762.217 647.271 16615.00461697722 1932
240 0.2 50705.793 228.8770000000004 66762.217 647.271 16712.820094329894 1940
250 0 0 0 66762.217 647.271 16747.828305355302 1942
260 0 0 0 66762.217 647.271 16747.828305355302 1942
270 0 0 0 66762.217 647.271 16747.828305355302 1942
280 0 0 0 66762.217 647.271 16747.828305355302 1942
290 2.4 3936.539083333333 1817.766188941662 66762.217 647.271 16747.828305355302 1942
300 10.4 6266.716538461538 3644.021041667965 66762.217 647.271 16591.43413377416 1966
310 13.9 10739.565294964026 7471.53718961722 66762.217 647.271 16072.704360869564 2070
320 19.4 15445.337159793817 9367.106670227686 66762.217 647.271 15737.119784065188 2209
330 19.2 15088.46641145833 10262.344558375786 66762.217 647.271 15713.563467332502 2403
340 18.9 16531.5656719577 10758.281535509812 66762.217 647.271 15667.313511753373 2595
350 18 16211.437272222222 11226.37959126552 66762.217 641.121 15725.985802801728 2784
360 19 17121.702589473694 11383.116953678718 66762.217 641.121 15755.466661268558 2964
370 20.4 17104.350818627456 11929.24761309239 66762.217 641.121 15837.770030437541 3154
380 18.9 16205.148666666666 11182.682697738632 66762.217 641.121 15914.715379094701 3358
390 19.8 16289.275909090895 10851.610996134903 66762.217 641.121 15930.190961657741 3547
400 20.5 16471.04688780485 11557.813723070156 66762.217 641.121 15949.175960213619 3745
410 19.5 18001.14228717947 11131.765015595762 66762.217 641.121 15976.260400759493 3950
420 18.7 16987.9510053476 12582.579353928046 66762.217 641.121 16071.520224125452 4145
430 21.9 16629.566785388124 11784.723222920158 66762.217 641.121 16111.079909279777 4332
440 20.9 16936.058057416267 11480.19042707823 66762.217 641.121 16136.030167655459 4551
450 20.2 17137.49317326732 10816.43226229884 66762.217 641.121 16171.15744264706 4760
460 19.4 17679.982087628883 11328.044854656275 66762.217 641.121 16210.49638210399 4962
470 18.3 17311.044524590143 12434.353043804156 66762.217 641.121 16265.787349301783 5156
480 21.8 16548.64697247704 10874.394897328448 66762.217 641.121 16301.61466960105 5339
490 17.3 17768.817248554908 10613.545929967591 66762.217 641.121 16311.305697498648 5557
500 9.4 25751.6315 8058.3070433961775 66762.217 641.121 16355.310845549737 5730
510 6.2 31938.075241935487 6279.9389268701825 66762.217 641.121 16506.968493475273 5824
520 2.2 35225.87831818182 4079.7192014390816 66762.217 641.121 16669.51158188923 5886
530 0.2 43164.109 2207.210000000001 66762.217 641.121 16738.611119498986 5908
540 0 0 0 66762.217 641.121 16747.553758375638 5910
550 0 0 0 66762.217 641.121 16747.553758375638 5910
560 0 0 0 66762.217 641.121 16747.553758375638 5910
570 0.6 1702.1236666666666 750.7107897196867 66762.217 641.121 16747.553758375638 5910
580 14.9 4903.686885906042 2273.9968821039006 66762.217 641.121 16732.29470148749 5916
590 23.2 8690.355577586204 5708.062063825529 66762.217 641.121 16441.699060181367 6065
600 33 12640.080484848477 7975.788501131693 66762.217 641.121 16156.116768937589 6297
610 33.4 17156.809386227513 10187.715608493385 66762.217 641.121 15981.031213822243 6627
620 33.6 18531.430163690453 10136.610777141816 66762.217 641.121 16037.446945697457 6961
630 31.8 20371.49542767295 10110.19960216927 66762.217 641.121 16152.285696039467 7297
640 30.8 22602.153961038977 10700.427392028247 66762.217 641.121 16328.478564674982 7615
650 30.8 23906.651032467562 10384.500221742375 66762.217 641.121 16572.36244982961 7923
660 32.4 27091.453913580248 12162.869808513617 66762.217 641.121 16846.807946543555 8231
670 31.4 28422.148808917173 11946.479622260335 66762.217 641.121 17234.799214026883 8555
680 30.8 30872.745058441546 12487.18613834839 66762.217 641.121 17630.878566016458 8869
690 31.2 33220.78273397435 13217.170910527982 68072.328 641.121 18075.304291162684 9177
700 30.9 35468.2415825243 13562.225344469109 70760.961 641.121 18573.290303825477 9489
710 32 36356.65934375003 14119.608847646907 70760.961 641.121 19106.107199632577 9798
720 29.5 38410.337223728806 13960.697933523035 73473.067 641.121 19651.68702628978 10118
730 32.6 40927.90809202453 15611.212266046714 73473.067 641.121 20183.11906395851 10413
740 27.5 41055.24018545455 15986.68575755598 84088.116 641.121 20812.86123950088 10739
750 30.5 44056.50170491799 17078.547928063945 85915.597 641.121 21318.277456146716 11014
760 28.8 45856.74012499996 17358.32270293005 88723.549 641.121 21930.978083046197 11319
770 27.2 48811.312147058816 17192.410427501738 88723.549 641.121 22524.638759197027 11607
780 35 50509.69884285718 18132.383370076997 95470.43 641.121 23126.539185284946 11879
790 42.7 50368.989252927364 18379.858037156784 96596.214 641.121 23910.258694660224 12229
800 40.1 53042.8578977556 17974.47844396273 96596.214 641.121 24802.948165929196 12656
810 32.8 63002.89321036589 12030.673942120586 96620.846 641.121 25670.23803362181 13057
820 28.4 63435.59751760561 9673.558731075427 100255.924 641.121 26585.076352484117 13385
830 8.7 67977.9036436782 8948.380166288114 100255.924 641.121 27350.717438949443 13669
840 1.4 72749.34478571427 5788.833046821469 100255.924 641.121 27607.66460380924 13756
850 0 0 0 100255.924 641.121 27653.560284458963 13770
860 0.1 98692.066 0.0 100255.924 641.121 27653.560284458963 13770
870 0 0 0 100255.924 641.121 27658.71884271294 13771
880 0 0 0 100255.924 641.121 27658.71884271294 13771
890 0 0 0 100255.924 641.121 27658.71884271294 13771
900 0 0 0 100255.924 641.121 27658.71884271294 13771
910 11.3 3497.877876106195 1738.6858900070565 100255.924 641.121 27658.71884271294 13771
920 22.6 7881.608053097345 3345.3127755994724 100255.924 641.121 27462.07702268798 13884
930 27.4 15072.532445255476 5153.421300464031 100255.924 641.121 27148.456470800844 14110
940 26.9 21352.431137546482 6811.083383327978 100255.924 641.121 26918.422879101774 14384
950 28.4 28116.88065140846 8310.004642609509 100255.924 641.121 26816.242316863434 14653
960 28.1 34443.92602491102 9803.978928195269 100255.924 641.121 26840.97159898239 14937
970 27.6 40502.57477898551 10316.802636288196 100255.924 641.121 26981.35996760415 15218
980 27.1 45609.0855387454 11685.157488811263 100255.924 641.121 27222.218060281393 15494
990 24.1 52643.817875518645 11909.277675373196 100255.924 641.121 27538.287904027904 15765
1000 31.1 57545.721347266925 13207.929054954458 100255.924 641.121 27916.298195364234 16006
1010 52.5 60418.18072380956 15312.661059297472 100255.924 641.121 28481.031332597897 16317
1020 72.5 59191.76472000005 21307.354878498183 100740.671 641.121 29476.57838344614 16842
1030 101.6 57708.93581791333 24399.82586593965 106691.721 641.121 30702.940886662484 17567
1040 118.8 58154.87376599329 27292.225423724176 109791.677 641.121 32179.456564978733 18583
1050 121.3 58477.970001648835 28360.361359313258 118950.974 641.121 33740.267633453026 19771
1060 107.8 55970.109565862775 28037.341159958738 123083.531 641.121 35170.25395506099 20984
1070 106.3 53923.27927281286 27377.236202106753 123083.531 641.121 36186.58268085395 22062
1080 101.6 51949.65231003935 26574.721301783553 134347.855 641.121 37001.89547987026 23125
1090 90 47705.596219999956 24585.27664158612 134347.855 641.121 37630.98793417836 24141
1100 83.6 44717.21459330147 22780.1472725279 134347.855 641.121 37993.08000147757 25041
1110 72.1 43058.08452288493 21788.10325228436 134347.855 641.121 38210.3144768327 25877
1120 54.2 47834.6906402214 20268.0147301792 134347.855 641.121 38341.724440108264 26598
1130 46.4 53015.14879094828 18613.557525293032 134347.855 641.121 38531.30394196756 27140
1140 35.7 59238.43269187673 16710.181193760098 134347.855 641.121 38774.765179829 27604
1150 31.1 67619.67827009647 14963.243182043267 134347.855 641.121 39036.040860305424 27961
1160 29.2 76342.23707191779 12652.263634728357 134347.855 641.121 39350.46895999575 28272
1170 24.9 80690.87436947794 10075.463683444585 134347.855 641.121 39728.623150189036 28564
1180 28 86438.89332857146 8703.490122182071 134347.855 641.121 40082.616158678364 28813
1190 16.8 90941.12852976189 7039.45182888005 134347.855 641.121 40528.7632596157 29093
1200 4.7 98308.92997872336 4825.211457611075 134347.855 641.121 40818.2023548409 29261
1210 1 105438.88730000002 3459.925630712945 134347.855 641.121 40910.397803125416 29308
1220 0 0 0 134347.855 641.121 40932.407656968404 29318
1230 0.1 123276.782 0.0 134347.855 641.121 40932.407656968404 29318
1240 0 0 0 134347.855 641.121 40935.21622391622 29319
1250 0 0 0 134347.855 641.121 40935.21622391622 29319
1260 0 0 0 134347.855 641.121 40935.21622391622 29319
1270 6.6 4063.7501363636366 1778.8732844929207 134347.855 641.121 40935.21622391622 29319
1280 10.8 10697.094537037034 2882.0991596889608 134347.855 641.121 40852.4012924281 29385
1290 13 19415.43568461539 3515.1473989973947 134347.855 641.121 40741.976000678114 29493
1300 13.9 28465.975251798587 3362.89947810671 134347.855 641.121 40648.38486402456 29623
1310 21.4 36107.92256074763 3902.8356504631397 134347.855 641.121 40591.48832024056 29762
1320 78.6 36454.18584987278 10250.218801676303 134347.855 641.121 40559.479944455554 29976
1330 164.1 36012.318561852466 15474.24904946312 134347.855 604.873 40454.5855566283 30762
1340 211.3 38578.36323710372 19156.973582161405 134347.855 604.873 40229.61379048235 32403
1350 217.5 40909.05761287352 22173.559242458723 134347.855 308.259 40128.52755745161 34516
1360 234.4 41901.78488566551 22709.654130527524 134347.855 308.259 40174.79647545719 36691
1370 198.6 40304.03635599191 22977.380653769746 134347.855 308.259 40278.499839964126 39035
1380 177.4 35740.66529763247 21860.577760566295 134347.855 308.259 40279.7361706443 41021
1390 166.6 33469.780074429786 20308.72001069765 134347.855 308.259 40091.57606482065 42795
1400 158 31664.30785189863 18292.865846527475 134347.855 156.971 39843.45046890533 44461
1410 156.7 30663.93177728144 17489.34853346478 134347.855 156.971 39562.76487704437 46041
1420 140.2 30082.60289087014 16995.278490340137 134347.855 156.971 39269.86302300033 47608
1430 143.1 31197.274088749138 17248.232123423542 134347.855 136.449 39007.04852177107 49010
1440 145.5 30948.360089347065 16667.364164029714 134347.855 136.449 38785.48695055609 50441
1450 142.2 31153.2078888889 17186.972825742516 134347.855 136.449 38565.75865583089 51896
1460 140.9 31402.34906671399 17065.11665776229 134347.855 136.449 38368.06468399039 53318
1470 138.5 33127.81038194942 16679.867008587138 134347.855 136.449 38188.72554051931 54727
1480 109.9 37755.04380709735 16129.379350319346 134347.855 136.449 38063.80809871329 56112
1490 72.4 44338.25969198892 13441.883916210827 134347.855 136.449 38057.876862474004 57211
1500 53 51731.452871698115 12212.615024941455 134347.855 136.449 38136.36132210236 57935
1510 31.7 60179.222788643536 10659.47817160727 134347.855 136.449 38259.604262687084 58465
1520 32.1 67873.01388473526 9997.775948464314 134347.855 136.449 38377.81254196864 58782
1530 28 75351.90659285721 9239.148547956318 134347.855 136.449 38538.00677290494 59103
1540 24 82442.27207500003 7367.497474989911 134347.855 136.449 38711.58998610715 59383
1550 18.3 90782.21599453564 6276.661705381395 134347.855 136.449 38887.61876193752 59623
1560 9.7 97996.33883505159 5207.780921683499 134347.855 136.449 39046.41071079826 59806
1570 3 106969.61816666668 5646.072793846777 134347.855 136.449 39141.86741627299 59903
1580 0.2 112073.0375 489.9484999999986 134347.855 136.449 39175.81920447835 59933
1590 0.1 120649.802 0.0 134347.855 136.449 39178.25174700927 59935
1600 0 0 0 134347.855 136.449 39179.61105610986 59936
1610 0 0 0 134347.855 136.449 39179.61105610986 59936
1620 0 0 0 134347.855 136.449 39179.61105610986 59936
1630 0 0 0 134347.855 136.449 39179.61105610986 59936
1640 0 0 0 134347.855 136.449 39179.61105610986 59936
1650 0 0 0 134347.855 136.449 39179.61105610986 59936
1660 0 0 0 134347.855 136.449 39179.61105610986 59936
1662 0 0 0 134347.855 136.449 39179.61105610986 59936
