0 8.5 85
10 10.4 189
20 10.1 290
30 9.8 388
40 8 468
50 9.2 560
60 10.7 667
70 8.3 750
80 9 840
90 10.6 946
100 8.3 1029
110 10.5 1134
120 11.3 1247
130 10 1347
140 9.4 1441
150 9.1 1532
160 8.7 1619
170 10.9 1728
180 9.5 1823
190 10.4 1927
200 1.5 1942
210 0 1942
220 0 1942
230 0 1942
240 0 1942
250 0 1942
260 0 1942
270 0 1942
280 0 1942
290 20.2 2144
300 18.2 2326
310 20 2526
320 19.5 2721
330 19.6 2917
340 19.5 3112
350 18.4 3296
360 18.5 3481
370 20.1 3682
380 21.8 3900
390 19.6 4096
400 18.3 4279
410 20.3 4482
420 21.7 4699
430 21.9 4918
440 18.4 5102
450 17.9 5281
460 19.4 5475
470 21.3 5688
480 20.1 5889
490 2.1 5910
500 0 5910
510 0 5910
520 0 5910
530 0 5910
540 0 5910
550 0 5910
560 0 5910
570 17 6080
580 39.2 6472
590 41.8 6890
600 39.9 7289
610 40.3 7692
620 41.8 8110
630 38.3 8493
640 40.9 8902
650 39.1 9293
660 37.5 9668
670 40.6 10074
680 35.7 10431
690 37.7 10808
700 36.4 11172
710 37.7 11549
720 40.9 11958
730 39 12348
740 41 12758
750 37.8 13136
760 40.4 13540
770 23.1 13771
780 0 13771
790 0 13771
800 0 13771
810 0 13771
820 0 13771
830 0 13771
840 0 13771
850 0 13771
860 0 13771
870 0 13771
880 0 13771
890 0 13771
900 0 13771
910 69.9 14470
920 75.1 15221
930 76.1 15982
940 77.7 16759
950 80.2 17561
960 84.1 18402
970 70.8 19110
980 78.2 19892
990 76.7 20659
1000 72.6 21385
1010 78.2 22167
1020 77.4 22941
1030 83.8 23779
1040 70.7 24486
1050 79.2 25278
1060 85 26128
1070 76.7 26895
1080 79.2 27687
1090 78.5 28472
1100 75.5 29227
1110 9.2 29319
1120 0 29319
1130 0 29319
1140 0 29319
1150 0 29319
1160 0 29319
1170 0 29319
1180 0 29319
1190 0 29319
1200 0 29319
1210 0 29319
1220 0 29319
1230 0 29319
1240 0 29319
1250 0 29319
1260 0 29319
1270 132.1 30640
1280 157.2 32212
1290 158 33792
1300 153.8 35330
1310 154.7 36877
1320 163.1 38508
1330 150.8 40016
1340 156.3 41579
1350 150.9 43088
1360 152.7 44615
1370 149.6 46111
1380 147 47581
1390 150.4 49085
1400 151.7 50602
1410 150.9 52111
1420 149 53601
1430 152.1 55122
1440 153.9 56661
1450 150.5 58166
1460 159.1 59757
1470 17.9 59936
1480 0 59936
1490 0 59936
1500 0 59936
1510 0 59936
1520 0 59936
1530 0 59936
1540 0 59936
1550 0 59936
1560 0 59936
1570 0 59936
1580 0 59936
1590 0 59936
1600 0 59936
1610 0 59936
1620 0 59936
1630 0 59936
1640 0 59936
1650 0 59936
1660 0 59936
1662 0 59936
