0 61.3 613
10 153 2143
20 196.9 4112
30 229.1 6403
40 261.3 9016
50 309.8 12114
60 293.5 15049
70 288.4 17933
80 294.7 20880
90 300.9 23889
100 278.3 26672
110 258.3 29255
120 281.8 32073
130 285.2 34925
140 326.3 38188
150 294.3 41131
160 283.7 43968
170 295.4 46922
180 299.5 49917
190 308.6 53003
200 225.8 55261
210 147.8 56739
220 121.4 57953
230 70.3 58656
240 37.5 59031
250 12.7 59158
260 4.8 59206
270 0.9 59215
280 25.4 59469
290 170.4 61173
300 300.3 64176
310 378.5 67961
320 438.9 72350
330 504.4 77394
340 559.3 82987
350 565.2 88639
360 584.7 94486
370 620.1 100687
380 623.2 106919
390 602.5 112944
400 608 119024
410 601.3 125037
420 608.5 131122
430 609.7 137219
440 588.7 143106
450 541.6 148522
460 557.9 154101
470 569.1 159792
480 518.6 164978
490 388.8 168866
500 278.8 171654
510 197.8 173632
520 134.7 174979
530 74.2 175721
540 29.7 176018
550 7.7 176095
560 2.8 176123
570 1.7 176140
580 179.2 177932
590 462 182552
600 625.4 188806
610 621.2 195018
620 624.9 201267
630 697.1 208238
640 713.4 215372
650 701.7 222389
660 730.8 229697
670 708.7 236784
680 710.2 243886
690 724.8 251134
700 703.8 258172
710 709.9 265271
720 720.6 272477
730 697.5 279452
740 704 286492
750 666.9 293161
760 703 300191
770 683.4 307025
780 696.6 313991
790 678.3 320774
800 698.5 327759
810 720.2 334961
820 734.2 342303
830 789.1 350194
840 813.4 358328
850 750.1 365829
860 661.3 372442
870 642.2 378864
880 676.6 385630
890 736.5 392995
900 753.8 400533
910 500.9 405542
920 166.9 407211
930 29.5 407506
940 6.3 407569
950 1 407579
960 259.3 410172
970 402.5 414197
980 460.8 418805
990 502.1 423826
1000 483.9 428665
1010 511.2 433777
1020 532.3 439100
1030 531.7 444417
1040 540.6 449823
1050 511.5 454938
1060 512.2 460060
1070 538.4 465444
1080 536.6 470810
1090 537.5 476185
1100 526.7 481452
1110 542 486872
1120 553.2 492404
1130 572.2 498126
1140 593.4 504060
1150 608.6 510146
1160 627.5 516421
1170 636.1 522782
1180 668 529462
1190 692.6 536388
1200 723.4 543622
1210 736.2 550984
1220 752.3 558507
1230 737.6 565883
1240 725.1 573134
1250 709.5 580229
1260 805.5 588284
1270 1014.3 598427
1280 1034.5 608772
1290 499.6 613768
1300 152.8 615296
1310 30 615596
1320 5 615646
1330 0.4 615650
1340 279.2 618442
1350 411.4 622556
1360 429.9 626855
1370 443.4 631289
1380 469.2 635981
1390 433.5 640316
1400 471.9 645035
1410 488.9 649924
1420 478.4 654708
1430 468.8 659396
1440 483.7 664233
1450 512.9 669362
1460 542.5 674787
1470 527.4 680061
1480 526.9 685330
1490 498.8 690318
1500 523.5 695553
1510 521.9 700772
1520 532.8 706100
1530 541.2 711512
1540 546.5 716977
1550 567.3 722650
1560 594.5 728595
1570 628 734875
1580 637.1 741246
1590 642.3 747669
1600 653.1 754200
1610 668.5 760885
1620 694.5 767830
1630 733.6 775166
1640 819.9 783365
1650 945.1 792816
1660 1131.8 804134
1670 1087.4 815008
1680 381.6 818824
1690 91.7 819741
1700 12.4 819865
1710 1.7 819882
1712 0 819882
