0 14.1 141
10 42.1 562
20 61.3 1175
30 69.7 1872
40 84.8 2720
50 107.7 3797
60 113.3 4930
70 113.7 6067
80 115.2 7219
90 120.2 8421
100 111.6 9537
110 101.5 10552
120 99.9 11551
130 106.8 12619
140 123 13849
150 110.5 14954
160 110.5 16059
170 112.3 17182
180 114.2 18324
190 115.8 19482
200 99.9 20481
210 70.6 21187
220 60.1 21788
230 43.5 22223
240 32.8 22551
250 10.9 22660
260 4.7 22707
270 1.4 22721
280 4.9 22770
290 43 23200
300 86.1 24061
310 118.2 25243
320 139.6 26639
330 167.5 28314
340 196.1 30275
350 205.4 32329
360 217.5 34504
370 236.5 36869
380 238.1 39250
390 238.1 41631
400 229.3 43924
410 230.9 46233
420 236.9 48602
430 239 50992
440 228.6 53278
450 217.6 55454
460 206.6 57520
470 220.3 59723
480 207 61793
490 164.2 63435
500 130.9 64744
510 102.3 65767
520 80 66567
530 55 67117
540 30 67417
550 8.3 67500
560 2.9 67529
570 2 67549
580 40.9 67958
590 124.7 69205
600 191.8 71123
610 197 73093
620 190.1 74994
630 212.4 77118
640 226 79378
650 229.2 81670
660 247.2 84142
670 237.2 86514
680 234.6 88860
690 242.6 91286
700 239.3 93679
710 238.4 96063
720 243.1 98494
730 244.5 100939
740 247.2 103411
750 224 105651
760 248 108131
770 248.5 110616
780 259.4 113210
790 260.1 115811
800 267.9 118490
810 287.4 121364
820 305.7 124421
830 349 127911
840 372.8 131639
850 358.6 135225
860 306 138285
870 285.7 141142
880 315.4 144296
890 377.3 148069
900 453.6 152605
910 404.8 156653
920 198 158633
930 41 159043
940 8.6 159129
950 1.6 159145
960 60.6 159751
970 102.6 160777
980 114.3 161920
990 127.6 163196
1000 130 164496
1010 134.7 165843
1020 157.8 167421
1030 159.3 169014
1040 164.3 170657
1050 182 172477
1060 221.9 174696
1070 260.9 177305
1080 297.2 180277
1090 314.1 183418
1100 322.9 186647
1110 345.6 190103
1120 356.3 193666
1130 382.4 197490
1140 393.5 201425
1150 435.7 205782
1160 454.7 210329
1170 501.4 215343
1180 507.1 220414
1190 536.5 225779
1200 498.4 230763
1210 498.4 235747
1220 478.8 240535
1230 436.9 244904
1240 408.2 248986
1250 365.9 252645
1260 403.3 256678
1270 549.4 262172
1280 657.7 268749
1290 451.9 273268
1300 178.8 275056
1310 42.5 275481
1320 6.6 275547
1330 0.8 275555
1340 66 276215
1350 96 277175
1360 101 278185
1370 98.5 279170
1380 125.9 280429
1390 165.2 282081
1400 241.8 284499
1410 307.9 287578
1420 331.7 290895
1430 334 294235
1440 328 297515
1450 365.2 301167
1460 417.3 305340
1470 425.6 309596
1480 443.1 314027
1490 407 318097
1500 445.1 322548
1510 426.5 326813
1520 439.3 331206
1530 431.2 335518
1540 453.8 340056
1550 499.2 345048
1560 534.5 350393
1570 546.6 355859
1580 499.5 360854
1590 467.1 365525
1600 428.3 369808
1610 399.9 373807
1620 383.9 377646
1630 399.7 381643
1640 424.1 385884
1650 520.6 391090
1660 682.9 397919
1670 809.3 406012
1680 418.1 410193
1690 121.6 411409
1700 18.6 411595
1710 2.2 411617
1712 0 411617
