650 1 10
660 1.3 23
670 3.2 55
680 4.9 104
690 10.5 209
700 13.7 346
710 22.7 573
720 21.8 791
730 34.6 1137
740 37.7 1514
750 52.6 2040
760 61.7 2657
770 81.6 3473
780 92.9 4402
790 83.7 5239
800 63.8 5877
810 55.3 6430
820 43.4 6864
830 26.5 7129
840 10.2 7231
850 8.3 7314
860 19.2 7506
870 9.6 7602
880 1.8 7620
890 0.1 7621
900 0 7621
910 0 7621
920 0 7621
930 0 7621
940 0 7621
950 0 7621
960 0 7621
970 0 7621
980 2.6 7647
990 15.3 7800
1000 31.2 8112
1010 74.3 8855
1020 107.6 9931
1030 186.4 11795
1040 180.1 13596
1050 206.1 15657
1060 189 17547
1070 173.2 19279
1080 166.2 20941
1090 154.7 22488
1100 172.5 24213
1110 163.8 25851
1120 153.2 27383
1130 132.4 28707
1140 132.5 30032
1150 104.7 31079
1160 103.6 32115
1170 95.2 33067
1180 87.9 33946
1190 69.3 34639
1200 62.2 35261
1210 60 35861
1220 39.8 36259
1230 30.9 36568
1240 16.3 36731
1250 10.8 36839
1260 3 36869
1270 0.1 36870
1280 0 36870
1290 0 36870
1300 0 36870
1310 0 36870
1320 0 36870
1330 0 36870
1340 0 36870
1350 3.7 36907
1360 62.5 37532
1370 200.5 39537
1380 221 41747
1390 234.6 44093
1400 201 46103
1410 164.2 47745
1420 155 49295
1430 148.9 50784
1440 154.8 52332
1450 134.9 53681
1460 98.8 54669
1470 94.3 55612
1480 104.7 56659
1490 91.5 57574
1500 102.8 58602
1510 105.5 59657
1520 106.7 60724
1530 107 61794
1540 118.1 62975
1550 105.4 64029
1560 90.5 64934
1570 73.6 65670
1580 89.9 66569
1590 83.9 67408
1600 95 68358
1610 79 69148
1620 50.2 69650
1630 34 69990
1640 13.4 70124
1650 1.6 70140
1660 0.1 70141
1670 0 70141
1680 0 70141
1690 0 70141
1700 0 70141
1710 0 70141
1712 0 70141
