1030 30.9 309
1040 611.3 6422
1050 1249.4 18916
1060 1772.4 36640
1070 2270.9 59349
1080 2475.5 84104
1090 2413.3 108237
1100 2468.9 132926
1110 2409.3 157019
1120 2502 182039
1130 2506.1 207100
1140 2522.6 232326
1150 2354.8 255874
1160 1781.5 273689
1170 1063.5 284324
1180 441.4 288738
1190 57.7 289315
1200 2 289335
1210 0 289335
1220 0 289335
1230 0 289335
1240 0 289335
1250 0 289335
1260 0 289335
1270 0 289335
1280 0 289335
1290 0 289335
1300 0 289335
1310 0 289335
1320 0 289335
1330 0 289335
1340 0 289335
1350 0 289335
1360 0 289335
1370 179.4 291129
1380 1522 306349
1390 3017.7 336526
1400 4583.3 382359
1410 5322.3 435582
1420 5432.8 489910
1430 5561.3 545523
1440 5793.3 603456
1450 6065.7 664113
1460 6033.5 724448
1470 5941.9 783867
1480 5686.7 840734
1490 5166.1 892395
1500 5250.8 944903
1510 5239.3 997296
1520 5055.1 1047847
1530 4987 1097717
1540 4209 1139807
1550 2903.2 1168839
1560 1743.6 1186275
1570 939.4 1195669
1580 340.2 1199071
1590 27.5 1199346
1600 0 1199346
1610 0 1199346
1620 0 1199346
1630 0 1199346
1640 0 1199346
1650 0 1199346
1660 0 1199346
1670 0 1199346
1680 0 1199346
1690 0 1199346
1700 0 1199346
1710 0 1199346
1712 0 1199346
