0 110 110
10 207 97
20 240 33
30 298 58
40 353 55
50 375 22
60 373 -2
70 350 -23
80 367 17
90 347 -20
100 332 -15
110 328 -4
120 356 28
130 365 9
140 373 8
150 375 2
160 364 -11
170 353 -11
180 370 17
190 366 -4
200 256 -110
210 189 -67
220 137 -52
230 84 -53
240 35 -49
250 12 -23
260 5 -7
270 1 -4
280 74 73
290 258 184
300 395 137
310 487 92
320 581 94
330 676 95
340 724 48
350 739 15
360 750 11
370 793 43
380 792 -1
390 775 -17
400 776 1
410 764 -12
420 763 -1
430 740 -23
440 716 -24
450 694 -22
460 719 25
470 726 7
480 636 -90
490 477 -159
500 356 -121
510 247 -109
520 158 -89
530 85 -73
540 26 -59
550 9 -17
560 4 -5
570 0 -4
580 332 332
590 674 342
600 944 270
610 1240 296
620 1526 286
630 1841 315
640 2115 274
650 2409 294
660 2675 266
670 2970 295
680 3223 253
690 3472 249
700 3675 203
710 3944 269
720 4179 235
730 4425 246
740 4660 235
750 4867 207
760 5131 264
770 5364 233
780 5248 -116
790 5066 -182
800 4870 -196
810 4638 -232
820 4413 -225
830 4141 -272
840 3771 -370
850 3383 -388
860 2948 -435
870 2501 -447
880 2067 -434
890 1680 -387
900 1168 -512
910 528 -640
920 124 -404
930 23 -101
940 4 -19
950 0 -4
960 724 724
970 1526 802
980 2246 720
990 2942 696
1000 3662 720
1010 4447 785
1020 5172 725
1030 5881 709
1040 6613 732
1050 7220 607
1060 7709 489
1070 8093 384
1080 8287 194
1090 8349 62
1100 8390 41
1110 8523 133
1120 8603 80
1130 8701 98
1140 8701 0
1150 8626 -75
1160 7996 -630
1170 7384 -612
1180 6890 -494
1190 6452 -438
1200 6011 -441
1210 5484 -527
1220 4949 -535
1230 4387 -562
1240 3840 -547
1250 3338 -502
1260 2769 -569
1270 2091 -678
1280 1219 -872
1290 491 -728
1300 124 -367
1310 20 -104
1320 3 -17
1330 0 -3
1340 1289 1289
1350 2789 1500
1360 4376 1587
1370 6001 1625
1380 7557 1556
1390 9064 1507
1400 10184 1120
1410 10511 327
1420 10577 66
1430 10901 324
1440 11274 373
1450 11382 108
1460 11269 -113
1470 11042 -227
1480 10821 -221
1490 10628 -193
1500 10570 -58
1510 10545 -25
1520 10607 62
1530 10753 146
1540 9687 -1066
1550 8563 -1124
1560 7723 -840
1570 7041 -682
1580 6577 -464
1590 6162 -415
1600 5721 -441
1610 5271 -450
1620 4844 -427
1630 4337 -507
1640 3836 -501
1650 3250 -586
1660 2441 -809
1670 1137 -1304
1680 328 -809
1690 57 -271
1700 5 -52
1710 0 -5
1712 0 0
