0 11.1 1.7856396396396401 0.852235563518677 9.752 1.185 0 0
10 12.1 1.5880991735537184 0.4443921915568187 9.752 0.928 1.7856396396396401 111
20 9 1.6368666666666662 1.3613673861232316 14.143 0.928 1.682612068965517 232
30 10.3 1.5289029126213594 0.5923213099858566 14.143 0.928 1.6698260869565216 322
40 10.4 1.4713173076923074 0.6569320194373099 14.143 0.778 1.6356729411764706 425
50 10 1.3480100000000002 0.34779075591510483 14.143 0.734 1.603361058601134 529
60 8.6 1.6353720930232565 0.9233466940216636 14.143 0.734 1.5627647058823528 629
70 8.9 1.4196516853932584 0.4281096966722429 14.143 0.734 1.5714979020979023 715
80 11 1.4458545454545457 0.5259916148029123 14.143 0.734 1.554689054726368 804
90 9.8 1.4128673469387756 0.40345944433051983 14.143 0.734 1.5415908096280089 914
100 9.9 1.4147272727272733 0.3946072031929396 14.143 0.734 1.5291254940711463 1012
110 9.7 1.4051340206185574 0.3526034140581797 14.143 0.734 1.5189315931593161 1111
120 10.2 1.4950196078431375 0.553938040358946 14.143 0.734 1.5097938741721855 1208
130 10.6 1.415537735849057 0.5298985159964605 14.143 0.696 1.5086435114503818 1310
140 10.9 1.45045871559633 0.4694335945282834 14.143 0.696 1.5016737288135595 1416
150 9.8 1.4312755102040808 0.4615599056927573 14.143 0.696 1.4980131147540985 1525
160 8.8 1.5269318181818172 0.6537702333989461 14.143 0.696 1.4939833641404807 1623
170 8.8 1.425909090909091 0.3905384871140812 14.143 0.696 1.495677966101695 1711
180 11.7 1.5425641025641028 0.7454402976388202 14.143 0.696 1.4922651473040578 1799
190 8.4 1.3063809523809522 0.36818580016984903 14.143 0.673 1.4953366388308977 1916
200 0 0 0 14.143 0.673 1.4874005 2000
210 0 0 0 14.143 0.673 1.4874005 2000
220 0 0 0 14.143 0.673 1.4874005 2000
230 0 0 0 14.143 0.673 1.4874005 2000
240 0 0 0 14.143 0.673 1.4874005 2000
250 0 0 0 14.143 0.673 1.4874005 2000
260 0 0 0 14.143 0.673 1.4874005 2000
270 0 0 0 14.143 0.673 1.4874005 2000
280 7.4 1.4848378378378377 0.4697769748890057 14.143 0.673 1.4874005 2000
290 19.8 1.3983030303030297 0.5880011501834668 14.143 0.673 1.4873090646094504 2074
300 19.1 1.1776073298429313 0.4456987545882996 14.143 0.553 1.4795523767605634 2272
310 18.7 1.2470534759358292 1.1116828729338906 15.409 0.491 1.4561372310190823 2463
320 18.1 1.266563535911603 0.7659117143969538 15.409 0.491 1.4413830188679244 2650
330 21.5 1.1685488372093034 0.5267008295930402 15.409 0.491 1.4302059342988342 2831
340 20.3 1.1671970443349757 0.5888463385592319 15.409 0.491 1.411737032173342 3046
350 17 1.1550823529411756 0.4297102227908178 15.409 0.491 1.3964579870729454 3249
360 19.3 1.1599896373056995 0.48188006150389556 15.409 0.491 1.3844562737642583 3419
370 22.1 1.1904977375565604 0.6050720956589452 15.409 0.491 1.3724623477297893 3612
380 20.6 1.157718446601942 0.4983302491646865 15.409 0.491 1.3619707800678316 3833
390 20.9 1.194325358851674 0.6544661430655752 15.409 0.491 1.3515533547907894 4039
400 20.3 1.2626502463054186 0.8534155952201508 15.409 0.491 1.343817796610169 4248
410 18.6 1.1187096774193552 0.3793596778456625 15.409 0.491 1.3401159290047175 4451
420 20.1 1.246890547263683 0.5421895704535966 15.409 0.491 1.3312348501186106 4637
430 19.4 1.137134020618557 0.3564664246957645 15.409 0.491 1.3277306738321617 4838
440 18.2 1.2459615384615383 0.6303143151502648 15.409 0.491 1.320382551669316 5032
450 18.3 1.2515300546448078 0.5448780762236423 15.409 0.491 1.3177848101265819 5214
460 19.7 1.2540659898477158 0.3718782901036523 15.409 0.491 1.3155382619974054 5397
470 19.5 1.2906769230769235 0.7385174499132905 15.409 0.491 1.313373435824097 5594
480 11.1 1.2963153153153155 0.7820738655695398 15.409 0.491 1.3126089134565553 5789
490 0 0 0 15.409 0.491 1.3123023728813556 5900
500 0 0 0 15.409 0.491 1.3123023728813556 5900
510 0 0 0 15.409 0.491 1.3123023728813556 5900
520 0 0 0 15.409 0.491 1.3123023728813556 5900
530 0 0 0 15.409 0.491 1.3123023728813556 5900
540 0 0 0 15.409 0.491 1.3123023728813556 5900
550 0 0 0 15.409 0.491 1.3123023728813556 5900
560 0 0 0 15.409 0.491 1.3123023728813556 5900
570 0 0 0 15.409 0.491 1.3123023728813556 5900
580 33.7 1.2314896142433218 0.4817355561244875 15.409 0.491 1.3123023728813556 5900
590 39.4 1.1530355329949242 0.590917739949608 15.409 0.491 1.307935866602533 6237
600 40.2 1.2276691542288556 0.6820423875403729 15.409 0.491 1.2987320162871359 6631
610 40.2 1.2371368159203975 1.803879568099483 33.658 0.491 1.2946701265462814 7033
620 39.7 1.1564130982367773 0.4786645735107512 33.658 0.491 1.2915593813046398 7435
630 41.8 1.1768947368421065 0.5121737878100242 33.658 0.491 1.2847088866189988 7832
640 37.4 1.12979679144385 0.604181384910242 33.658 0.491 1.279246303030303 8250
650 41.6 1.191088942307692 0.5864448128610003 33.658 0.491 1.2727650742115026 8624
660 41.6 1.2160673076923072 0.5635409345316023 33.658 0.491 1.2690065265486725 9040
670 43.4 1.1613847926267271 0.5219708370202416 33.658 0.463 1.2666775592216581 9456
680 41.1 1.1250048661800487 0.37230391396798734 33.658 0.463 1.2620570273003031 9890
690 39.3 1.1562595419847352 0.47867351574280953 33.658 0.463 1.256588777788564 10301
700 36.6 1.1729590163934422 0.6263181736182474 33.658 0.463 1.2529017205909856 10694
710 40.2 1.175522388059704 0.5173930353042666 33.658 0.463 1.2502562386980107 11060
720 39.5 1.22573670886076 1.275740976663576 33.658 0.463 1.2476351422090386 11462
730 39.7 1.1623098236775815 0.590557979953595 33.658 0.402 1.2469056253689805 11857
740 38.1 1.2377664041994751 0.702848643574283 33.658 0.402 1.2441649257385345 12254
750 35.5 1.1272732394366207 0.5766630731962101 33.658 0.402 1.2439719825880493 12635
760 41.9 1.1788687350835312 1.1344475927801825 33.658 0.402 1.240782755966128 12990
770 40.5 1.1994493827160482 0.5944341395001826 33.658 0.402 1.2388480871056753 13409
780 6.5 1.1751230769230772 0.504501597396032 33.658 0.402 1.2376929926161864 13814
790 0 0 0 33.658 0.402 1.2373999567692198 13879
800 0 0 0 33.658 0.402 1.2373999567692198 13879
810 0 0 0 33.658 0.402 1.2373999567692198 13879
820 0 0 0 33.658 0.402 1.2373999567692198 13879
830 0 0 0 33.658 0.402 1.2373999567692198 13879
840 0 0 0 33.658 0.402 1.2373999567692198 13879
850 0 0 0 33.658 0.402 1.2373999567692198 13879
860 0 0 0 33.658 0.402 1.2373999567692198 13879
870 0 0 0 33.658 0.402 1.2373999567692198 13879
880 0 0 0 33.658 0.402 1.2373999567692198 13879
890 0 0 0 33.658 0.402 1.2373999567692198 13879
900 0 0 0 33.658 0.402 1.2373999567692198 13879
910 0 0 0 33.658 0.402 1.2373999567692198 13879
920 0 0 0 33.658 0.402 1.2373999567692198 13879
930 0 0 0 33.658 0.402 1.2373999567692198 13879
940 0 0 0 33.658 0.402 1.2373999567692198 13879
950 0 0 0 33.658 0.402 1.2373999567692198 13879
960 72.4 1.2088770718232056 0.7140242985900838 33.658 0.402 1.2373999567692198 13879
970 80.3 1.1266301369863005 0.4847747614134512 33.658 0.402 1.2359858248305144 14603
980 72.2 1.1400277008310267 0.5777946675965642 33.658 0.402 1.2302859275606908 15406
990 71.4 1.1856624649859946 0.46765929992250554 33.658 0.402 1.2262453497023813 16128
1000 73.7 1.2108426051560381 0.6126977599965143 33.658 0.402 1.2245248782804894 16842
1010 80.6 1.1707084367245661 0.558536658698391 33.658 0.402 1.2239512486489563 17579
1020 75.6 1.1737328042328063 0.5757662964062082 33.658 0.402 1.221617079140604 18385
1030 75.6 1.1919312169312166 0.737626687552399 33.658 0.402 1.219725824147119 19141
1040 81.4 1.1298071253071258 0.6090918469596913 33.658 0.402 1.2186697492084235 19897
1050 76 1.0639749999999972 0.4802304771847629 33.658 0.384 1.2151772005214623 20711
1060 75.2 1.0232047872340426 0.4701488142389322 33.658 0.338 1.209825159517489 21471
1070 79.4 1.074641057934508 0.6420293400052652 33.658 0.338 1.2035101471448502 22223
1080 82.9 1.0586839565741868 1.2905105194145816 35.213 0.338 1.1990646478689666 23017
1090 79.4 1.00495088161209 0.49730821409263753 35.213 0.338 1.194184349576449 23846
1100 76.2 1.085282152230972 0.6687931253662076 35.213 0.338 1.1880864853896105 24640
1110 78.8 1.2027157360406104 1.984485800859579 35.213 0.338 1.1850025982206127 25402
1120 76 1.020553947368421 0.4694036106819591 35.213 0.338 1.1855355479190532 26190
1130 83.9 1.0282121573301544 0.44320717884552485 35.213 0.338 1.1808830055658628 26950
1140 75.3 1.061409030544488 0.5893494218717341 35.213 0.338 1.1762735974666234 27789
1150 77.7 0.9901544401544422 0.3870537684209811 35.213 0.338 1.1732432205171326 28542
1160 9.1 1.1345714285714292 0.881807461265844 35.213 0.338 1.1683910774583035 29319
1170 0 0 0 35.213 0.338 1.168286433185991 29410
1180 0 0 0 35.213 0.338 1.168286433185991 29410
1190 0 0 0 35.213 0.338 1.168286433185991 29410
1200 0 0 0 35.213 0.338 1.168286433185991 29410
1210 0 0 0 35.213 0.338 1.168286433185991 29410
1220 0 0 0 35.213 0.338 1.168286433185991 29410
1230 0 0 0 35.213 0.338 1.168286433185991 29410
1240 0 0 0 35.213 0.338 1.168286433185991 29410
1250 0 0 0 35.213 0.338 1.168286433185991 29410
1260 0 0 0 35.213 0.338 1.168286433185991 29410
1270 0 0 0 35.213 0.338 1.168286433185991 29410
1280 0 0 0 35.213 0.338 1.168286433185991 29410
1290 0 0 0 35.213 0.338 1.168286433185991 29410
1300 0 0 0 35.213 0.338 1.168286433185991 29410
1310 0 0 0 35.213 0.338 1.168286433185991 29410
1320 0 0 0 35.213 0.338 1.168286433185991 29410
1330 0 0 0 35.213 0.338 1.168286433185991 29410
1340 128.9 1.147475562451513 0.596956950573513 35.213 0.338 1.168286433185991 29410
1350 150 1.120436000000003 0.5839836201218894 35.213 0.338 1.16741261930356 30699
1360 158.7 1.090001260239447 0.5380193412811611 35.213 0.338 1.1652241995093013 32199
1370 162.5 1.0830159999999969 0.5226975331189303 35.213 0.338 1.1616908186822943 33786
1380 156.4 0.9696432225063932 0.5517878549806923 35.213 0.338 1.158080455225777 35411
1390 160.8 0.948993781094527 0.5907698640753724 35.213 0.338 1.1501097768762674 36975
1400 165.7 0.9290525045262527 0.6511002527925681 35.213 0.338 1.1417279890107037 38583
1410 151.1 1.6308206485771002 26.23775656132857 1020.982 0.338 1.132970452286282 40240
1420 152.1 0.9501005917159752 0.5466748770306789 1020.982 0.338 1.15098802423894 41751
1430 154.1 2.152740428293314 0.6415544788752583 1020.982 0.338 1.1439268811240522 43272
1440 155.4 2.321233590733587 0.5717307734878376 1020.982 0.338 1.1786172985517591 44813
1450 142.3 2.2419768095572734 0.6639084756002133 1020.982 0.338 1.2169123298897917 46367
1460 141.3 1.924745222929936 0.7400369495376568 1020.982 0.338 1.247434756225151 47790
1470 153.6 1.453425781250001 0.7966857420431915 1020.982 0.338 1.2668855964067225 49203
1480 157.2 1.1684293893129785 0.6524384995156732 1020.982 0.338 1.2725326474703869 50739
1490 143.5 1.2094662020905935 0.6307696692826708 1020.982 0.338 1.26940423620271 52311
1500 155.9 1.3597851186658139 0.773276833732524 1020.982 0.338 1.267803910988724 53746
1510 160.3 1.3717829070492848 0.8264049737076351 1020.982 0.338 1.2703967814844945 55305
1520 158 1.3614791139240525 0.7543153892940252 1020.982 0.338 1.2732526534054962 56908
1530 155.6 1.333430591259641 0.805930722838714 1020.982 0.338 1.2756360108056348 58488
1540 25 1.2657920000000005 0.8157738294012622 1020.982 0.338 1.277133718606355 60044
1550 0 0 0 1020.982 0.338 1.2770866918764716 60294
1560 0.1 1.119 0.0 1020.982 0.338 1.2770866918764716 60294
1570 0 0 0 1020.982 0.338 1.2770840699892194 60295
1580 0 0 0 1020.982 0.338 1.2770840699892194 60295
1590 0 0 0 1020.982 0.338 1.2770840699892194 60295
1600 0 0 0 1020.982 0.338 1.2770840699892194 60295
1610 0 0 0 1020.982 0.338 1.2770840699892194 60295
1620 0 0 0 1020.982 0.338 1.2770840699892194 60295
1630 0 0 0 1020.982 0.338 1.2770840699892194 60295
1640 0 0 0 1020.982 0.338 1.2770840699892194 60295
1650 0 0 0 1020.982 0.338 1.2770840699892194 60295
1660 0 0 0 1020.982 0.338 1.2770840699892194 60295
1670 0 0 0 1020.982 0.338 1.2770840699892194 60295
1680 0 0 0 1020.982 0.338 1.2770840699892194 60295
1690 0 0 0 1020.982 0.338 1.2770840699892194 60295
1700 0 0 0 1020.982 0.338 1.2770840699892194 60295
1710 0 0 0 1020.982 0.338 1.2770840699892194 60295
1712 0 0 0 1020.982 0.338 1.2770840699892194 60295
