0 0.1 0.013706145252950707 0 0.013706145252950707 0.013706145252950707 0 0
10 0.1 0.08122630899321032 0.0 0.08122630899321032 0.013706145252950707 0.013706145252950707 1
20 0.1 0.20203913727205508 0.0 0.20203913727205508 0.013706145252950707 0.04746622712308051 2
30 0.1 0.24584101586507912 0.0 0.24584101586507912 0.013706145252950707 0.09899053050607204 3
40 0.1 0.3103972668374893 0.0 0.3103972668374893 0.013706145252950707 0.13570315184582382 4
50 0.1 0.29384182557049077 0.0 0.3103972668374893 0.013706145252950707 0.1706419748441569 5
60 0.1 0.3210139036541388 0.0 0.3210139036541388 0.013706145252950707 0.1911752832985459 6
70 0.1 0.3646251132942316 0.0 0.3646251132942316 0.013706145252950707 0.20972365763505918 7
80 0.1 0.3407776399845764 0.0 0.3646251132942316 0.013706145252950707 0.22908633959245572 8
90 0.1 0.3542183235055112 0.0 0.3646251132942316 0.013706145252950707 0.24149648408046914 9
100 0.1 0.4104594228565475 0.0 0.4104594228565475 0.013706145252950707 0.2527686680229734 10
110 0.1 0.2908188792528352 0.0 0.4104594228565475 0.013706145252950707 0.26710419118966194 11
120 0.1 0.34900559450758956 0.0 0.4104594228565475 0.013706145252950707 0.26908041519492637 12
130 0.1 0.31787057977509353 0.0 0.4104594228565475 0.013706145252950707 0.27522850591128506 13
140 0.1 0.31056547929216083 0.0 0.4104594228565475 0.013706145252950707 0.2782743683301285 14
150 0.1 0.3792891454532193 0.0 0.4104594228565475 0.013706145252950707 0.2804271090609306 15
160 0.1 0.3313880783659858 0.0 0.4104594228565475 0.013706145252950707 0.28660598633544865 16
170 0.1 0.3168250792062698 0.0 0.4104594228565475 0.013706145252950707 0.28924022704312735 17
180 0.1 0.37823137757494296 0.0 0.4104594228565475 0.013706145252950707 0.2907727188299686 18
190 0.1 0.36474670946361387 0.0 0.4104594228565475 0.013706145252950707 0.29537580613233566 19
200 0.1 0.4240820239236444 0.0 0.4240820239236444 0.013706145252950707 0.2988443512988995 20
210 0.1 0.40718986919936684 0.0 0.4240820239236444 0.013706145252950707 0.30480804999531597 21
220 0.1 0.2448477776157036 0.0 0.4240820239236444 0.013706145252950707 0.3094617690500456 22
230 0.1 0.24257441204335103 0.0 0.4240820239236444 0.013706145252950707 0.3066524650746394 23
240 0.1 0.16865337567018895 0.0 0.4240820239236444 0.013706145252950707 0.3039825461983357 24
250 0.1 0.06351850887697194 0.0 0.4240820239236444 0.013706145252950707 0.29856937937720984 25
260 0.1 0.021862929840817048 0.0 0.4240820239236444 0.013706145252950707 0.2895289612810469 26
270 0.1 0.012491672218520987 0.0 0.4240820239236444 0.012491672218520987 0.2796154045610384 27
280 0.1 0.005205351100931758 0.0 0.4240820239236444 0.005205351100931758 0.27007527126309133 28
290 0.1 0.05309513398713224 0.0 0.4240820239236444 0.005205351100931758 0.2609418257402582 29
300 0.1 0.19063691480717546 0.0 0.4240820239236444 0.005205351100931758 0.25401360268182066 30
310 0.1 0.36256042673778965 0.0 0.4240820239236444 0.005205351100931758 0.2519691933955418 31
320 0.1 0.47406697368146866 0.0 0.47406697368146866 0.005205351100931758 0.25542516943748705 32
330 0.1 0.42448894451397584 0.0 0.47406697368146866 0.005205351100931758 0.26205067865700166 33
340 0.1 0.5566268827852191 0.0 0.5566268827852191 0.005205351100931758 0.2668282747116186 34
350 0.1 0.6639566395663957 0.0 0.6639566395663957 0.005205351100931758 0.27510823494229286 35
360 0.1 0.5840390471820116 0.0 0.6639566395663957 0.005205351100931758 0.2859095795151846 36
370 0.1 0.6955741876277479 0.0 0.6955741876277479 0.005205351100931758 0.2939671326953691 37
380 0.1 0.7693911592994161 0.0 0.7693911592994161 0.005205351100931758 0.30453573940411593 38
390 0.1 0.6895400632165323 0.0 0.7693911592994161 0.005205351100931758 0.31645510914502106 39
400 0.1 0.7098260352932593 0.0 0.7693911592994161 0.005205351100931758 0.32578223299680886 40
410 0.1 0.7165654922085237 0.0 0.7693911592994161 0.005205351100931758 0.33514915500403936 41
420 0.1 0.7345192759142366 0.0 0.7693911592994161 0.005205351100931758 0.34423049636605085 42
430 0.1 0.8219378122685692 0.0 0.8219378122685692 0.005205351100931758 0.3533069796113575 43
440 0.1 0.8373043596133594 0.0 0.8373043596133594 0.005205351100931758 0.36395768035356685 44
450 0.1 0.7292340434410666 0.0 0.8373043596133594 0.005205351100931758 0.3744764954482289 45
460 0.1 0.7846038427874796 0.0 0.8373043596133594 0.005205351100931758 0.3821886160567689 46
470 0.1 0.698513313455243 0.0 0.8373043596133594 0.005205351100931758 0.3907506421574223 47
480 0.1 1.061398290491249 0.0 1.061398290491249 0.005205351100931758 0.3971623644761269 48
490 0.1 1.7330968280467447 0.0 1.7330968280467447 0.005205351100931758 0.4107181997009253 49
500 0.1 0.7297367735209799 0.0 1.7330968280467447 0.005205351100931758 0.4371657722678417 50
510 0.1 0.45220109403490494 0.0 1.7330968280467447 0.005205351100931758 0.4429024585669228 51
520 0.1 0.33951613743113346 0.0 1.7330968280467447 0.005205351100931758 0.44308127847976864 52
530 0.1 0.2656000999906259 0.0 1.7330968280467447 0.005205351100931758 0.4411272192147 53
540 0.1 0.15929369384376724 0.0 1.7330968280467447 0.005205351100931758 0.43787671700684677 54
550 0.1 0.06350991171081126 0.0 1.7330968280467447 0.005205351100931758 0.4328115711311544 55
560 0.1 0.016657296937139524 0.0 1.7330968280467447 0.005205351100931758 0.4262168986415054 56
570 0.1 0.009369729527140982 0.0 1.7330968280467447 0.005205351100931758 0.4190316424712534 57
580 0.1 0.01353518105907586 0.0 1.7330968280467447 0.005205351100931758 0.4119685060411825 58
590 0.1 0.2302658998082854 0.0 1.7330968280467447 0.005205351100931758 0.40521539883809593 59
600 0.1 0.46089196150196554 0.0 1.7330968280467447 0.005205351100931758 0.40229957385426574 60
610 0.1 0.5164446860559935 0.0 1.7330968280467447 0.005205351100931758 0.40326010479930996 61
620 0.1 0.49677878179384205 0.0 1.7330968280467447 0.005205351100931758 0.40508566256151457 62
630 0.1 0.6000982739333619 0.0 1.7330968280467447 0.005205351100931758 0.4065411088985357 63
640 0.1 0.6547226841538284 0.0 1.7330968280467447 0.005205351100931758 0.4095654396022048 64
650 0.1 0.648508430609598 0.0 1.7330968280467447 0.005205351100931758 0.41333708951838366 65
660 0.1 0.7028406476174539 0.0 1.7330968280467447 0.005205351100931758 0.41690029165612935 66
670 0.1 0.7049840489514148 0.0 1.7330968280467447 0.005205351100931758 0.4211680581630148 67
680 0.1 0.6591130221901385 0.0 1.7330968280467447 0.005205351100931758 0.4253418227334324 68
690 0.1 0.7563236186371529 0.0 1.7330968280467447 0.005205351100931758 0.42872981113135566 69
700 0.1 0.6993373046200233 0.0 1.7330968280467447 0.005205351100931758 0.4334097226671528 70
710 0.1 0.7106375852974421 0.0 1.7330968280467447 0.005205351100931758 0.4371551815678974 71
720 0.1 0.7823776750413155 0.0 1.7330968280467447 0.005205351100931758 0.4409535482863633 72
730 0.1 0.7368872792739986 0.0 1.7330968280467447 0.005205351100931758 0.4456305911186229 73
740 0.1 0.733486099339758 0.0 1.7330968280467447 0.005205351100931758 0.4495664923099118 74
750 0.1 0.7806368573611125 0.0 1.7330968280467447 0.005205351100931758 0.4533520870703097 75
760 0.1 0.7158555729984302 0.0 1.7330968280467447 0.005205351100931758 0.4576584656267676 76
770 0.1 0.7907039984938972 0.0 1.7330968280467447 0.005205351100931758 0.46101167481341254 77
780 0.1 0.8232475914516146 0.0 1.7330968280467447 0.005205351100931758 0.4652384994759829 78
790 0.1 0.6990957803081045 0.0 1.7330968280467447 0.005205351100931758 0.4697702601339022 79
800 0.1 0.8218834305790828 0.0 1.7330968280467447 0.005205351100931758 0.47263682913607974 80
810 0.1 0.7385632538628114 0.0 1.7330968280467447 0.005205351100931758 0.4769485155736477 81
820 0.1 0.7354941306940638 0.0 1.7330968280467447 0.005205351100931758 0.4801389392113205 82
830 0.1 0.8262561184788519 0.0 1.7330968280467447 0.005205351100931758 0.4832155077834017 83
840 0.1 0.8306655786412235 0.0 1.7330968280467447 0.005205351100931758 0.4872993245773952 84
850 0.1 0.7788618567061681 0.0 1.7330968280467447 0.005205351100931758 0.4913389275663814 85
860 0.1 0.7875909965693249 0.0 1.7330968280467447 0.005205351100931758 0.4946822174400998 86
870 0.1 0.6643371275527284 0.0 1.7330968280467447 0.005205351100931758 0.49804898501629785 87
880 0.1 0.7111036747328133 0.0 1.7330968280467447 0.005205351100931758 0.49993862299966635 88
890 0.1 0.7537977396522703 0.0 1.7330968280467447 0.005205351100931758 0.5023112640303758 89
900 0.1 0.7854005438192847 0.0 1.7330968280467447 0.005205351100931758 0.5051055582039525 90
910 0.1 0.8791185817026259 0.0 1.7330968280467447 0.005205351100931758 0.5081857228810441 91
920 0.1 0.7365521846179527 0.0 1.7330968280467447 0.005205351100931758 0.5122176017812787 92
930 0.1 0.3282104714769471 0.0 1.7330968280467447 0.005205351100931758 0.5146298015967269 93
940 0.1 0.07496329921809114 0.0 1.7330968280467447 0.005205351100931758 0.5126466172337505 94
950 0.1 0.01873711823121604 0.0 1.7330968280467447 0.005205351100931758 0.508039424412533 95
960 0.1 0.006247136728999209 0.0 1.7330968280467447 0.005205351100931758 0.502942525389811 96
970 0.1 0.3388946819603754 0.0 1.7330968280467447 0.005205351100931758 0.4978219543726892 97
980 0.1 0.31221610784508236 0.0 1.7330968280467447 0.005205351100931758 0.4962002475113391 98
990 0.1 0.36657963446475195 0.0 1.7330968280467447 0.005205351100931758 0.49434182185814457 99
1000 0.1 0.5131635329898309 0.0 1.7330968280467447 0.005205351100931758 0.49306419998421064 100
1010 0.1 0.5749168983755985 0.0 1.7330968280467447 0.005205351100931758 0.49326320328129597 101
1020 0.1 0.5856209150326798 0.0 1.7330968280467447 0.005205351100931758 0.4940637297037891 102
1030 0.1 0.6919547198210534 0.0 1.7330968280467447 0.005205351100931758 0.49495263441572007 103
1040 0.1 0.741189876328967 0.0 1.7330968280467447 0.005205351100931758 0.4968468852369252 104
1050 0.1 1.0453253052349891 0.0 1.7330968280467447 0.005205351100931758 0.4991739613425637 105
1060 0.1 1.3470863640163866 0.0 1.7330968280467447 0.005205351100931758 0.5043263325113602 106
1070 0.1 1.4443189424364122 0.0 1.7330968280467447 0.005205351100931758 0.5122025944880426 107
1080 0.1 1.6862277453503212 0.0 1.7330968280467447 0.005205351100931758 0.5208333014134905 108
1090 0.1 1.894684010205362 0.0 1.894684010205362 0.005205351100931758 0.5315249935597 109
1100 0.1 1.750086404625004 0.0 1.894684010205362 0.005205351100931758 0.5439173482564786 110
1110 0.1 1.9160536202007095 0.0 1.9160536202007095 0.005205351100931758 0.5547837361516905 111
1120 0.1 2.024164443747058 0.0 2.024164443747058 0.005205351100931758 0.5669379315449853 112
1130 0.1 1.917618843144853 0.0 2.024164443747058 0.005205351100931758 0.5798337413874814 113
1140 0.1 2.027529177788245 0.0 2.027529177788245 0.005205351100931758 0.5915686984204408 114
1150 0.1 2.038594029756981 0.0 2.038594029756981 0.005205351100931758 0.6040553112845086 115
1160 0.1 1.8756024980091368 0.0 2.038594029756981 0.005205351100931758 0.6164220243747885 116
1170 0.1 1.785153387079887 0.0 2.038594029756981 0.005205351100931758 0.6271842506451676 117
1180 0.1 1.569886625109819 0.0 2.038594029756981 0.005205351100931758 0.6369975484115634 118
1190 0.1 1.135494683915571 0.0 2.038594029756981 0.005205351100931758 0.6448369524174311 119
1200 0.1 1.1453136276632465 0.0 2.038594029756981 0.005205351100931758 0.6489257668465823 120
1210 0.1 0.9100619973190348 0.0 2.038594029756981 0.005205351100931758 0.653028145861596 121
1220 0.1 0.8192170296573327 0.0 2.038594029756981 0.005205351100931758 0.6551349807096077 122
1230 0.1 0.9085104824106929 0.0 2.038594029756981 0.005205351100931758 0.6564689811075568 123
1240 0.1 0.7434866381837983 0.0 2.038594029756981 0.005205351100931758 0.6585015738600014 124
1250 0.1 0.847315611973439 0.0 2.038594029756981 0.005205351100931758 0.6591814543745917 125
1260 0.1 0.8464290945615099 0.0 2.038594029756981 0.005205351100931758 0.6606745826095033 126
1270 0.1 0.8106834249803614 0.0 2.038594029756981 0.005205351100931758 0.6621372165618814 127
1280 0.1 1.1151482152393117 0.0 2.038594029756981 0.005205351100931758 0.6632977338151508 128
1290 0.1 1.42129117149481 0.0 2.038594029756981 0.005205351100931758 0.6668004507254156 129
1300 0.1 0.9072801409934196 0.0 2.038594029756981 0.005205351100931758 0.6726042255005649 130
1310 0.1 0.4268565657827612 0.0 2.038594029756981 0.005205351100931758 0.6743956447028004 131
1320 0.1 0.09370900231148872 0.0 2.038594029756981 0.005205351100931758 0.6725203486503758 132
1330 0.1 0.014575741801145238 0.0 2.038594029756981 0.005205351100931758 0.668168383640309 133
1340 0.1 0.02082769249994793 0.0 2.038594029756981 0.005205351100931758 0.6632908266116585 134
1350 0.1 0.3632188706815572 0.0 2.038594029756981 0.005205351100931758 0.6585318404330534 135
1360 0.1 0.4617924232609649 0.0 2.038594029756981 0.005205351100931758 0.6563604215378218 136
1370 0.1 0.7583195805218409 0.0 2.038594029756981 0.005205351100931758 0.6549402171708375 137
1380 0.1 1.0893770059905281 0.0 2.038594029756981 0.005205351100931758 0.6556893429922216 138
1390 0.1 1.8635294117647059 0.0 2.038594029756981 0.005205351100931758 0.6588093981217058 139
1400 0.1 2.503688048629929 0.0 2.503688048629929 0.005205351100931758 0.6674145410762986 140
1410 0.1 3.094617646751018 0.0 3.094617646751018 0.005205351100931758 0.6804377574419271 141
1420 0.1 3.360631702412869 0.0 3.360631702412869 0.005205351100931758 0.6974390242680475 142
1430 0.1 3.444374607165305 0.0 3.444374607165305 0.005205351100931758 0.7160627492900393 143
1440 0.1 3.7579250720461097 0.0 3.7579250720461097 0.005205351100931758 0.7350093594141731 144
1450 0.1 4.198141376889792 0.0 4.198141376889792 0.005205351100931758 0.7558570539840485 145
1460 0.1 4.121906997704811 0.0 4.198141376889792 0.005205351100931758 0.7794343438669645 146
1470 0.1 4.05082650688232 0.0 4.198141376889792 0.005205351100931758 0.8021722530767458 147
1480 0.1 4.0437937832962785 0.0 4.198141376889792 0.005205351100931758 0.8241226196565131 148
1490 0.1 4.140107355531326 0.0 4.198141376889792 0.005205351100931758 0.8457311509561088 149
1500 0.1 4.064230575599933 0.0 4.198141376889792 0.005205351100931758 0.8676936589866102 150
1510 0.1 3.6334300711389567 0.0 4.198141376889792 0.005205351100931758 0.8888627776396786 151
1520 0.1 3.6686378124475763 0.0 4.198141376889792 0.005205351100931758 0.9069191414127001 152
1530 0.1 3.6793609861945344 0.0 4.198141376889792 0.005205351100931758 0.9249695902429934 153
1540 0.1 3.6451241227610764 0.0 4.198141376889792 0.005205351100931758 0.9428552486582631 154
1550 0.1 2.851627253079296 0.0 4.198141376889792 0.005205351100931758 0.9602892413944102 155
1560 0.1 2.449890976182489 0.0 4.198141376889792 0.005205351100931758 0.9724132030077749 156
1570 0.1 2.0956109407220542 0.0 4.198141376889792 0.005205351100931758 0.9818238894611171 157
1580 0.1 1.3649124277214448 0.0 4.198141376889792 0.005205351100931758 0.98887317459568 158
1590 0.1 1.1391928363704835 0.0 4.198141376889792 0.005205351100931758 0.9912382013448986 159
1600 0.1 1.0161305497768067 0.0 4.198141376889792 0.005205351100931758 0.9921629178138085 160
1610 0.1 0.8240751405744442 0.0 4.198141376889792 0.005205351100931758 0.9923117850930818 161
1620 0.1 0.8038602036864526 0.0 4.198141376889792 0.005205351100931758 0.9912732872874113 162
1630 0.1 0.856302406649429 0.0 4.198141376889792 0.005205351100931758 0.9901235137683869 163
1640 0.1 0.758830311288125 0.0 4.198141376889792 0.005205351100931758 0.9893075314079055 164
1650 0.1 0.9365843449141901 0.0 4.198141376889792 0.005205351100931758 0.987910699770816 165
1660 0.1 1.2149307771999038 0.0 4.198141376889792 0.005205351100931758 0.9876015048620411 166
1670 0.1 1.4439224467161227 0.0 4.198141376889792 0.005205351100931758 0.9889627579898127 167
1680 0.1 1.5715717806273757 0.0 4.198141376889792 0.005205351100931758 0.9916708513750885 168
1690 0.1 0.8640366876856532 0.0 4.198141376889792 0.005205351100931758 0.9951022178203682 169
1700 0.1 0.25824456176522653 0.0 4.198141376889792 0.005205351100931758 0.9943312441136934 170
1710 0.1 0.05100925453618014 0.0 4.198141376889792 0.005205351100931758 0.9900266436321234 171
