0 0.1 1
10 2.5 26
20 5.8 84
30 4.3 127
40 5.3 180
50 7.8 258
60 9 348
70 10.9 457
80 9.2 549
90 11.9 668
100 11.5 783
110 9.8 881
120 7.3 954
130 9.7 1051
140 10.2 1153
150 9.7 1250
160 9.7 1347
170 10 1447
180 10 1547
190 9 1637
200 10.8 1745
210 6.6 1811
220 5.2 1863
230 5.3 1916
240 5 1966
250 2.2 1988
260 0.8 1996
270 0.3 1999
280 0.1 2000
290 1.4 2014
300 5.6 2070
310 10.1 2171
320 8.4 2255
330 11.9 2374
340 15.5 2529
350 15.9 2688
360 17.9 2867
370 17.8 3045
380 21 3255
390 22.5 3480
400 19.8 3678
410 19.7 3875
420 20.3 4078
430 21.4 4292
440 20.7 4499
450 20.6 4705
460 17 4875
470 18.9 5064
480 20 5264
490 16.7 5431
500 12 5551
510 10.6 5657
520 9 5747
530 7.2 5819
540 5.6 5875
550 1.6 5891
560 0.5 5896
570 0.4 5900
580 0.6 5906
590 5.4 5960
600 13.4 6094
610 10.6 6200
620 10.7 6307
630 10.3 6410
640 10.1 6511
650 12.2 6633
660 14.8 6781
670 14.1 6922
680 15.7 7079
690 14.4 7223
700 16.2 7385
710 13.3 7518
720 16.1 7679
730 15 7829
740 14.6 7975
750 15.7 8132
760 15.2 8284
770 17.1 8455
780 18.2 8637
790 18.1 8818
800 20.1 9019
810 22.8 9247
820 22.8 9475
830 27.1 9746
840 37.9 10125
850 37.7 10502
860 44.2 10944
870 44.5 11389
880 43.6 11825
890 38.5 12210
900 51.3 12723
910 63.6 13359
920 39.8 13757
930 9.9 13856
940 1.9 13875
950 0.4 13879
960 0 13879
970 0.1 13880
980 0.2 13882
990 1.8 13900
1000 1.8 13918
1010 2 13938
1020 3.3 13971
1030 4.6 14017
1040 8.5 14102
1050 15.6 14258
1060 26.8 14526
1070 41.7 14943
1080 64.2 15585
1090 72 16305
1100 72.2 17027
1110 66.3 17690
1120 66.8 18358
1130 74.5 19103
1140 75.2 19855
1150 85.4 20709
1160 71.2 21421
1170 61.2 22033
1180 49.2 22525
1190 44 22965
1200 43.7 23402
1210 52.7 23929
1220 53.4 24463
1230 56 25023
1240 54.7 25570
1250 52.5 26095
1260 57.9 26674
1270 67.1 27345
1280 87.5 28220
1290 72.4 28944
1300 35 29294
1310 9.8 29392
1320 1.5 29407
1330 0.3 29410
1340 0 29410
1350 0 29410
1360 0 29410
1370 0 29410
1380 0.8 29418
1390 10.7 29525
1400 54.8 30073
1410 119.4 31267
1420 144.7 32714
1430 121.2 33926
1440 118.3 35109
1450 131.2 36421
1460 153.4 37955
1470 175 39705
1480 178.6 41491
1490 173.1 43222
1500 159 44812
1510 162.8 46440
1520 149.6 47936
1530 142.1 49357
1540 130.6 50663
1550 110.1 51764
1560 83.5 52599
1570 67.2 53271
1580 45.8 53729
1590 42.3 54152
1600 43.4 54586
1610 44.5 55031
1620 43.6 55467
1630 49.6 55963
1640 50.8 56471
1650 58.4 57055
1660 81.6 57871
1670 130.5 59176
1680 79.4 59970
1690 27 60240
1700 4.9 60289
1710 0.5 60294
1712 0 60294
