0 0.1 380200.0546875 0 380200.0546875 380200.0546875 0 0
10 0.1 380122.5703125 0.0 380200.0546875 380122.5703125 380200.0546875 1
20 0.1 380040.953125 0.0 380200.0546875 380040.953125 380161.3125 2
30 0.1 380008.671875 0.0 380200.0546875 380008.671875 380121.1927083333 3
40 0.1 379948.02734375 0.0 380200.0546875 379948.02734375 380093.0625 4
50 0.1 379924.7421875 0.0 380200.0546875 379924.7421875 380064.05546875 5
60 0.1 379903.5625 0.0 380200.0546875 379903.5625 380040.8365885417 6
70 0.1 379892.88671875 0.0 380200.0546875 379892.88671875 380021.22600446426 7
80 0.1 379897.9609375 0.0 380200.0546875 379892.88671875 380005.18359375 8
90 0.1 379893.66015625 0.0 380200.0546875 379892.88671875 379993.26996527775 9
100 0.1 379891.06640625 0.0 380200.0546875 379891.06640625 379983.308984375 10
110 0.1 379899.70703125 0.0 380200.0546875 379891.06640625 379974.92329545453 11
120 0.1 379908.42578125 0.0 380200.0546875 379891.06640625 379968.6552734375 12
130 0.1 379898.11328125 0.0 380200.0546875 379891.06640625 379964.02223557694 13
140 0.1 379882.484375 0.0 380200.0546875 379882.484375 379959.314453125 14
150 0.1 379865.046875 0.0 380200.0546875 379865.046875 379954.19244791666 15
160 0.1 379886.24609375 0.0 380200.0546875 379865.046875 379948.6208496094 16
170 0.1 379888.1796875 0.0 380200.0546875 379865.046875 379944.95174632355 17
180 0.1 379870.97265625 0.0 380200.0546875 379865.046875 379941.79774305556 18
190 0.1 379853.78515625 0.0 380200.0546875 379853.78515625 379938.0701069079 19
200 0.1 379859.1875 0.0 380200.0546875 379853.78515625 379933.85585937503 20
210 0.1 379928.171875 0.0 380200.0546875 379853.78515625 379930.3002232143 21
220 0.1 379978.046875 0.0 380200.0546875 379853.78515625 379930.2034801137 22
230 0.1 380011.7578125 0.0 380200.0546875 379853.78515625 379932.28362771746 23
240 0.1 380049.4765625 0.0 380200.0546875 379853.78515625 379935.59505208343 24
250 0.1 380080.2265625 0.0 380200.0546875 379853.78515625 379940.1503125001 25
260 0.1 380099.94921875 0.0 380200.0546875 379853.78515625 379945.537860577 26
270 0.1 380121.015625 0.0 380200.0546875 379853.78515625 379951.2567997686 27
280 0.1 380124.83203125 0.0 380200.0546875 379853.78515625 379957.3196149554 28
290 0.1 380097.4296875 0.0 380200.0546875 379853.78515625 379963.09590517246 29
300 0.1 379963.74609375 0.0 380200.0546875 379853.78515625 379967.57369791676 30
310 0.1 379882.15234375 0.0 380200.0546875 379853.78515625 379967.4502268146 31
320 0.1 379798.10546875 0.0 380200.0546875 379798.10546875 379964.7846679688 32
330 0.1 379726.78125 0.0 380200.0546875 379726.78125 379959.733783144 33
340 0.1 379661.1328125 0.0 380200.0546875 379661.1328125 379952.8822380515 34
350 0.1 379647.46875 0.0 380200.0546875 379647.46875 379944.54654017865 35
360 0.1 379599.046875 0.0 380200.0546875 379599.046875 379936.2943793403 36
370 0.1 379581.23828125 0.0 380200.0546875 379581.23828125 379927.17958192574 37
380 0.1 379572.67578125 0.0 380200.0546875 379572.67578125 379918.0758634869 38
390 0.1 379567.1015625 0.0 380200.0546875 379567.1015625 379909.21945112187 39
400 0.1 379577.98046875 0.0 380200.0546875 379567.1015625 379900.66650390637 40
410 0.1 379567.27734375 0.0 380200.0546875 379567.1015625 379892.79611280496 41
420 0.1 379561.4609375 0.0 380200.0546875 379561.4609375 379885.0456659227 42
430 0.1 379536.1171875 0.0 380200.0546875 379536.1171875 379877.5204396803 43
440 0.1 379555.1953125 0.0 380200.0546875 379536.1171875 379869.761274858 44
450 0.1 379578.21484375 0.0 380200.0546875 379536.1171875 379862.770920139 45
460 0.1 379597.375 0.0 380200.0546875 379536.1171875 379856.58491847833 46
470 0.1 379577.7578125 0.0 380200.0546875 379536.1171875 379851.06981382985 47
480 0.1 379536.8984375 0.0 380200.0546875 379536.1171875 379845.3758138022 48
490 0.1 379551.5625 0.0 380200.0546875 379536.1171875 379839.08035714296 49
500 0.1 379649.4609375 0.0 380200.0546875 379536.1171875 379833.3300000001 50
510 0.1 379722.5546875 0.0 380200.0546875 379536.1171875 379829.72472426476 51
520 0.1 379781.23828125 0.0 380200.0546875 379536.1171875 379827.6637620193 52
530 0.1 379861.28515625 0.0 380200.0546875 379536.1171875 379826.787809552 53
540 0.1 379941.484375 0.0 380200.0546875 379536.1171875 379827.4266493056 54
550 0.1 379990.23046875 0.0 380200.0546875 379536.1171875 379829.5004261364 55
560 0.1 380014.8984375 0.0 380200.0546875 379536.1171875 379832.3706054688 56
570 0.1 380017.5703125 0.0 380200.0546875 379536.1171875 379835.572848136 57
580 0.1 380016.2421875 0.0 380200.0546875 379536.1171875 379838.71073545265 58
590 0.1 379864.15625 0.0 380200.0546875 379536.1171875 379841.7197431145 59
600 0.1 379639.15234375 0.0 380200.0546875 379536.1171875 379842.0936848959 60
610 0.1 379455.9765625 0.0 380200.0546875 379455.9765625 379838.766777664 61
620 0.1 379257.0 0.0 380200.0546875 379257.0 379832.5927419356 62
630 0.1 379112.56640625 0.0 380200.0546875 379112.56640625 379823.4563492064 63
640 0.1 378911.0703125 0.0 380200.0546875 378911.0703125 379812.3486938477 64
650 0.1 378792.43359375 0.0 380200.0546875 378792.43359375 379798.4828725962 65
660 0.1 378618.484375 0.0 380200.0546875 378618.484375 379783.2397017046 66
670 0.1 378514.47265625 0.0 380200.0546875 378514.47265625 379765.8552938433 67
680 0.1 378362.98046875 0.0 380200.0546875 378362.98046875 379747.45260799635 68
690 0.1 378219.12890625 0.0 380200.0546875 378219.12890625 379727.3877943841 69
700 0.1 378084.3359375 0.0 380200.0546875 378084.3359375 379705.8412388393 70
710 0.1 377987.6015625 0.0 380200.0546875 377987.6015625 379683.00313600356 71
720 0.1 377850.27734375 0.0 380200.0546875 377850.27734375 379659.4558919271 72
730 0.1 377726.0078125 0.0 380200.0546875 377726.0078125 379634.6726241439 73
740 0.1 377604.203125 0.0 380200.0546875 377604.203125 379608.879856419 74
750 0.1 377471.94921875 0.0 380200.0546875 377471.94921875 379582.1508333334 75
760 0.1 377382.76953125 0.0 380200.0546875 377382.76953125 379554.3850226152 76
770 0.1 377227.125 0.0 380200.0546875 377227.125 379526.182224026 77
780 0.1 377093.5859375 0.0 380200.0546875 377093.5859375 379496.7071314103 78
790 0.1 377002.95703125 0.0 380200.0546875 377002.95703125 379466.2878757912 79
800 0.1 376975.94921875 0.0 380200.0546875 376975.94921875 379435.4962402344 80
810 0.1 376963.0390625 0.0 380200.0546875 376963.0390625 379405.1314621914 81
820 0.1 376994.7265625 0.0 380200.0546875 376963.0390625 379375.34984756104 82
830 0.1 377020.80078125 0.0 380200.0546875 376963.0390625 379346.66763930727 83
840 0.1 377105.85546875 0.0 380200.0546875 376963.0390625 379318.9787481399 84
850 0.1 377276.375 0.0 380200.0546875 376963.0390625 379292.9420036765 85
860 0.1 377442.50390625 0.0 380200.0546875 376963.0390625 379269.4935501454 86
870 0.1 377580.1484375 0.0 380200.0546875 376963.0390625 379248.49366918113 87
880 0.1 377738.21875 0.0 380200.0546875 376963.0390625 379229.5352006393 88
890 0.1 377928.328125 0.0 380200.0546875 376963.0390625 379212.7788360254 89
900 0.1 378137.24609375 0.0 380200.0546875 376963.0390625 379198.50716145843 90
910 0.1 378414.98046875 0.0 380200.0546875 376963.0390625 379186.8449519232 91
920 0.1 379246.49609375 0.0 380200.0546875 376963.0390625 379178.45512058435 92
930 0.1 379804.36328125 0.0 380200.0546875 376963.0390625 379179.1867439517 93
940 0.1 379933.56640625 0.0 380200.0546875 376963.0390625 379185.8375581783 94
950 0.1 379946.30859375 0.0 380200.0546875 376963.0390625 379193.70838815795 95
960 0.1 379951.18359375 0.0 380200.0546875 376963.0390625 379201.54797363287 96
970 0.1 379724.390625 0.0 380200.0546875 376963.0390625 379209.27617590217 97
980 0.1 379417.8984375 0.0 380200.0546875 376963.0390625 379214.5324457909 98
990 0.1 379113.57421875 0.0 380200.0546875 376963.0390625 379216.58664772735 99
1000 0.1 378795.48046875 0.0 380200.0546875 376963.0390625 379215.55652343755 100
1010 0.1 378514.3984375 0.0 380200.0546875 376963.0390625 379211.3973545793 101
1020 0.1 378180.1953125 0.0 380200.0546875 376963.0390625 379204.5640318628 102
1030 0.1 377876.28125 0.0 380200.0546875 376963.0390625 379194.61870449036 103
1040 0.1 377539.83203125 0.0 380200.0546875 376963.0390625 379181.94238281256 104
1050 0.1 377324.484375 0.0 380200.0546875 376963.0390625 379166.30323660723 105
1060 0.1 377243.48828125 0.0 380200.0546875 376963.0390625 379148.9275869694 106
1070 0.1 377194.87109375 0.0 380200.0546875 376963.0390625 379131.1197429907 107
1080 0.1 377226.73828125 0.0 380200.0546875 376963.0390625 379113.191514757 108
1090 0.1 377252.0625 0.0 380200.0546875 376963.0390625 379095.8846043579 109
1100 0.1 377238.40234375 0.0 380200.0546875 376963.0390625 379079.12258522736 110
1110 0.1 377153.36328125 0.0 380200.0546875 376963.0390625 379062.5395199888 111
1120 0.1 377080.46484375 0.0 380200.0546875 376963.0390625 379045.4933035715 112
1130 0.1 376999.64453125 0.0 380200.0546875 376963.0390625 379028.1036711837 113
1140 0.1 376928.8671875 0.0 380200.0546875 376928.8671875 379010.3101699562 114
1150 0.1 376879.0859375 0.0 380200.0546875 376879.0859375 378992.2106657609 115
1160 0.1 376836.00390625 0.0 380200.0546875 376836.00390625 378973.99407327594 116
1170 0.1 376787.640625 0.0 380200.0546875 376787.640625 378955.72065304493 117
1180 0.1 376677.1796875 0.0 380200.0546875 376677.1796875 378937.34709348524 118
1190 0.1 376558.4921875 0.0 380200.0546875 376558.4921875 378918.3540900736 119
1200 0.1 376452.47265625 0.0 380200.0546875 376452.47265625 378898.68857421883 120
1210 0.1 376359.71875 0.0 380200.0546875 376359.71875 378878.47191373975 121
1220 0.1 376348.578125 0.0 380200.0546875 376348.578125 378857.8263960042 122
1230 0.1 376367.390625 0.0 380200.0546875 376348.578125 378837.426003557 123
1240 0.1 376481.99609375 0.0 380200.0546875 376348.578125 378817.5063634073 124
1250 0.1 376605.76953125 0.0 380200.0546875 376348.578125 378798.82228125003 125
1260 0.1 376728.3125 0.0 380200.0546875 376348.578125 378781.4171006945 126
1270 0.1 376911.0 0.0 380200.0546875 376348.578125 378765.2509227363 127
1280 0.1 377243.86328125 0.0 380200.0546875 376348.578125 378750.7645874024 128
1290 0.1 378130.0703125 0.0 380200.0546875 376348.578125 378739.0831819284 129
1300 0.1 379214.33984375 0.0 380200.0546875 376348.578125 378734.39846754813 130
1310 0.1 379836.8671875 0.0 380200.0546875 376348.578125 378738.0621421756 131
1320 0.1 379934.93359375 0.0 380200.0546875 376348.578125 378746.386422822 132
1330 0.1 379943.36328125 0.0 380200.0546875 376348.578125 378755.3228677162 133
1340 0.1 379946.98046875 0.0 380200.0546875 376348.578125 378764.18884095154 134
1350 0.1 379613.578125 0.0 380200.0546875 376348.578125 378772.9502604167 135
1360 0.1 379207.421875 0.0 380200.0546875 376348.578125 378779.1313476563 136
1370 0.1 378689.02734375 0.0 380200.0546875 376348.578125 378782.25755588507 137
1380 0.1 378186.4140625 0.0 380200.0546875 376348.578125 378781.58197463775 138
1390 0.1 377724.65625 0.0 380200.0546875 376348.578125 378777.3001910972 139
1400 0.1 377424.42578125 0.0 380200.0546875 376348.578125 378769.7813058036 140
1410 0.1 377250.890625 0.0 380200.0546875 376348.578125 378760.2397772607 141
1420 0.1 377181.2734375 0.0 380200.0546875 376348.578125 378749.61055787856 142
1430 0.1 377123.203125 0.0 380200.0546875 376348.578125 378738.64316542837 143
1440 0.1 377000.12109375 0.0 380200.0546875 376348.578125 378727.4248318143 144
1450 0.1 376827.87109375 0.0 380200.0546875 376348.578125 378715.51239224145 145
1460 0.1 376752.515625 0.0 380200.0546875 376348.578125 378702.5833422518 146
1470 0.1 376679.453125 0.0 380200.0546875 376348.578125 378689.31757546775 147
1480 0.1 376632.98046875 0.0 380200.0546875 376348.578125 378675.7374102619 148
1490 0.1 376579.6875 0.0 380200.0546875 376348.578125 378662.02763213095 149
1500 0.1 376561.0546875 0.0 380200.0546875 376348.578125 378648.1453645834 150
1510 0.1 376631.09765625 0.0 380200.0546875 376348.578125 378634.32357202 151
1520 0.1 376711.16015625 0.0 380200.0546875 376348.578125 378621.1444541531 152
1530 0.1 376728.0234375 0.0 380200.0546875 376348.578125 378608.6608966504 153
1540 0.1 376703.2421875 0.0 380200.0546875 376348.578125 378596.4489650974 154
1550 0.1 376800.90234375 0.0 380200.0546875 376348.578125 378584.23472782265 155
1560 0.1 376817.0390625 0.0 380200.0546875 376348.578125 378572.803109976 156
1570 0.1 376715.40234375 0.0 380200.0546875 376348.578125 378561.6198994825 157
1580 0.1 376567.4140625 0.0 380200.0546875 376348.578125 378549.9349782437 158
1590 0.1 376474.9140625 0.0 380200.0546875 376348.578125 378537.46629323903 159
1600 0.1 376360.625 0.0 380200.0546875 376348.578125 378524.5753417969 160
1610 0.1 376484.99609375 0.0 380200.0546875 376348.578125 378511.13465644413 161
1620 0.1 376564.3359375 0.0 380200.0546875 376348.578125 378498.6276282794 162
1630 0.1 376585.8828125 0.0 380200.0546875 376348.578125 378486.76080809056 163
1640 0.1 376668.265625 0.0 380200.0546875 376348.578125 378475.17008860526 164
1650 0.1 376779.765625 0.0 380200.0546875 376348.578125 378464.2191524622 165
1660 0.1 376946.578125 0.0 380200.0546875 376348.578125 378454.0718420558 166
1670 0.1 377392.453125 0.0 380200.0546875 376348.578125 378445.04493357043 167
1680 0.1 378322.43359375 0.0 380200.0546875 376348.578125 378438.77950613847 168
1690 0.1 379439.0546875 0.0 380200.0546875 376348.578125 378438.0910687871 169
1700 0.1 379777.7890625 0.0 380200.0546875 376348.578125 378443.97909007367 170
1710 0.1 379867.765625 0.0 380200.0546875 376348.578125 378451.779148392 171
