0 0.1 0.0703125 0 0.0703125 0.0703125 0 0
10 0.1 0.05859375 0.0 0.0703125 0.05859375 0.0703125 1
20 0.1 0.12890625 0.0 0.12890625 0.05859375 0.064453125 2
30 0.1 0.1796875 0.0 0.1796875 0.05859375 0.0859375 3
40 0.1 0.1484375 0.0 0.1796875 0.05859375 0.109375 4
50 0.1 0.12890625 0.0 0.1796875 0.05859375 0.1171875 5
60 0.1 0.26953125 0.0 0.26953125 0.05859375 0.119140625 6
70 0.1 0.30078125 0.0 0.30078125 0.05859375 0.140625 7
80 0.1 0.25 0.0 0.30078125 0.05859375 0.16064453125 8
90 0.1 0.2109375 0.0 0.30078125 0.05859375 0.17057291666666666 9
100 0.1 0.33984375 0.0 0.33984375 0.05859375 0.174609375 10
110 0.1 0.359375 0.0 0.359375 0.05859375 0.18963068181818182 11
120 0.1 0.30078125 0.0 0.359375 0.05859375 0.20377604166666666 12
130 0.1 0.328125 0.0 0.359375 0.05859375 0.21123798076923078 13
140 0.1 0.28125 0.0 0.359375 0.05859375 0.21958705357142858 14
150 0.1 0.23828125 0.0 0.359375 0.05859375 0.22369791666666666 15
160 0.1 0.28125 0.0 0.359375 0.05859375 0.224609375 16
170 0.1 0.30859375 0.0 0.359375 0.05859375 0.22794117647058823 17
180 0.1 0.33984375 0.0 0.359375 0.05859375 0.232421875 18
190 0.1 0.359375 0.0 0.359375 0.05859375 0.23807565789473684 19
200 0.1 0.4609375 0.0 0.4609375 0.05859375 0.244140625 20
210 0.1 0.390625 0.0 0.4609375 0.05859375 0.2544642857142857 21
220 0.1 0.328125 0.0 0.4609375 0.05859375 0.2606534090909091 22
230 0.1 0.26953125 0.0 0.4609375 0.05859375 0.2635869565217392 23
240 0.1 0.23046875 0.0 0.4609375 0.05859375 0.26383463541666674 24
250 0.1 0.26953125 0.0 0.4609375 0.05859375 0.26250000000000007 25
260 0.1 0.23046875 0.0 0.4609375 0.05859375 0.26277043269230776 26
270 0.1 0.19140625 0.0 0.4609375 0.05859375 0.2615740740740741 27
280 0.1 0.16015625 0.0 0.4609375 0.05859375 0.2590680803571429 28
290 0.1 0.140625 0.0 0.4609375 0.05859375 0.25565732758620696 29
300 0.1 0.26953125 0.0 0.4609375 0.05859375 0.25182291666666673 30
310 0.1 0.23046875 0.0 0.4609375 0.05859375 0.2523941532258065 31
320 0.1 0.19140625 0.0 0.4609375 0.05859375 0.25170898437500006 32
330 0.1 0.16015625 0.0 0.4609375 0.05859375 0.24988162878787884 33
340 0.1 0.140625 0.0 0.4609375 0.05859375 0.2472426470588236 34
350 0.1 0.19921875 0.0 0.4609375 0.05859375 0.24419642857142862 35
360 0.1 0.30859375 0.0 0.4609375 0.05859375 0.24294704861111116 36
370 0.1 0.26171875 0.0 0.4609375 0.05859375 0.24472128378378383 37
380 0.1 0.44921875 0.0 0.4609375 0.05859375 0.24516858552631585 38
390 0.1 0.5390625 0.0 0.5390625 0.05859375 0.2504006410256411 39
400 0.1 0.6015625 0.0 0.6015625 0.05859375 0.25761718750000007 40
410 0.1 0.58984375 0.0 0.6015625 0.05859375 0.2660060975609757 41
420 0.1 0.66015625 0.0 0.66015625 0.05859375 0.27371651785714296 42
430 0.1 0.7109375 0.0 0.7109375 0.05859375 0.2827034883720931 43
440 0.1 0.6015625 0.0 0.7109375 0.05859375 0.2924360795454546 44
450 0.1 0.66015625 0.0 0.7109375 0.05859375 0.2993055555555556 45
460 0.1 0.55859375 0.0 0.7109375 0.05859375 0.30715013586956524 46
470 0.1 0.69921875 0.0 0.7109375 0.05859375 0.31250000000000006 47
480 0.1 0.73828125 0.0 0.73828125 0.05859375 0.32055664062500006 48
490 0.1 0.7890625 0.0 0.7890625 0.05859375 0.3290816326530613 49
500 0.1 0.8984375 0.0 0.8984375 0.05859375 0.3382812500000001 50
510 0.1 0.76171875 0.0 0.8984375 0.05859375 0.34926470588235303 51
520 0.1 0.94921875 0.0 0.94921875 0.05859375 0.357196514423077 52
530 0.1 0.80078125 0.0 0.94921875 0.05859375 0.36836674528301894 53
540 0.1 0.6796875 0.0 0.94921875 0.05859375 0.37637442129629634 54
550 0.1 0.5703125 0.0 0.94921875 0.05859375 0.3818892045454546 55
560 0.1 0.48046875 0.0 0.94921875 0.05859375 0.38525390625000006 56
570 0.1 0.41015625 0.0 0.94921875 0.05859375 0.3869243421052632 57
580 0.1 0.3515625 0.0 0.94921875 0.05859375 0.3873248922413794 58
590 0.1 0.2890625 0.0 0.94921875 0.05859375 0.38671875000000006 59
600 0.1 0.25 0.0 0.94921875 0.05859375 0.38509114583333337 60
610 0.1 0.2109375 0.0 0.94921875 0.05859375 0.382876536885246 61
620 0.1 0.1796875 0.0 0.94921875 0.05859375 0.3801033266129033 62
630 0.1 0.1484375 0.0 0.94921875 0.05859375 0.3769221230158731 63
640 0.1 0.26953125 0.0 0.94921875 0.05859375 0.37335205078125006 64
650 0.1 0.46875 0.0 0.94921875 0.05859375 0.37175480769230773 65
660 0.1 0.46875 0.0 0.94921875 0.05859375 0.3732244318181819 66
670 0.1 0.55859375 0.0 0.94921875 0.05859375 0.37465018656716426 67
680 0.1 0.69921875 0.0 0.94921875 0.05859375 0.3773552389705883 68
690 0.1 0.8984375 0.0 0.94921875 0.05859375 0.382019927536232 69
700 0.1 0.8515625 0.0 0.94921875 0.05859375 0.38939732142857153 70
710 0.1 0.859375 0.0 0.94921875 0.05859375 0.3959066901408452 71
720 0.1 0.73046875 0.0 0.94921875 0.05859375 0.4023437500000001 72
730 0.1 0.62109375 0.0 0.94921875 0.05859375 0.4068386130136987 73
740 0.1 0.51953125 0.0 0.94921875 0.05859375 0.4097339527027028 74
750 0.1 0.51953125 0.0 0.94921875 0.05859375 0.4111979166666668 75
760 0.1 0.578125 0.0 0.94921875 0.05859375 0.41262335526315796 76
770 0.1 0.48828125 0.0 0.94921875 0.05859375 0.41477272727272735 77
780 0.1 0.55859375 0.0 0.94921875 0.05859375 0.41571514423076933 78
790 0.1 0.7109375 0.0 0.94921875 0.05859375 0.4175237341772153 79
800 0.1 0.6796875 0.0 0.94921875 0.05859375 0.42119140625000007 80
810 0.1 0.71875 0.0 0.94921875 0.05859375 0.4243827160493828 81
820 0.1 1.0703125 0.0 1.0703125 0.05859375 0.4279725609756098 82
830 0.1 0.91015625 0.0 1.0703125 0.05859375 0.43571159638554224 83
840 0.1 0.76953125 0.0 1.0703125 0.05859375 0.4413597470238096 84
850 0.1 0.87890625 0.0 1.0703125 0.05859375 0.4452205882352942 85
860 0.1 0.73828125 0.0 1.0703125 0.05859375 0.45026344476744196 86
870 0.1 0.62890625 0.0 1.0703125 0.05859375 0.45357399425287365 87
880 0.1 0.53125 0.0 1.0703125 0.05859375 0.45556640625000006 88
890 0.1 0.44921875 0.0 1.0703125 0.05859375 0.45641678370786526 89
900 0.1 0.671875 0.0 1.0703125 0.05859375 0.4563368055555556 90
910 0.1 0.71875 0.0 1.0703125 0.05859375 0.4587053571428572 91
920 0.1 0.6796875 0.0 1.0703125 0.05859375 0.46153192934782616 92
930 0.1 0.578125 0.0 1.0703125 0.05859375 0.4638776881720431 93
940 0.1 0.48828125 0.0 1.0703125 0.05859375 0.46509308510638303 94
950 0.1 0.41015625 0.0 1.0703125 0.05859375 0.46533717105263167 95
960 0.1 0.3515625 0.0 1.0703125 0.05859375 0.46476236979166674 96
970 0.1 0.2890625 0.0 1.0703125 0.05859375 0.46359536082474234 97
980 0.1 0.25 0.0 1.0703125 0.05859375 0.4618144132653062 98
990 0.1 0.28125 0.0 1.0703125 0.05859375 0.4596748737373738 99
1000 0.1 0.390625 0.0 1.0703125 0.05859375 0.45789062500000005 100
1010 0.1 0.46875 0.0 1.0703125 0.05859375 0.45722462871287134 101
1020 0.1 0.69921875 0.0 1.0703125 0.05859375 0.45733762254901966 102
1030 0.1 0.6796875 0.0 1.0703125 0.05859375 0.4596859830097088 103
1040 0.1 0.71875 0.0 1.0703125 0.05859375 0.46180138221153855 104
1050 0.1 0.609375 0.0 1.0703125 0.05859375 0.46424851190476196 105
1060 0.1 0.828125 0.0 1.0703125 0.05859375 0.4656176297169812 106
1070 0.1 1.01171875 0.0 1.0703125 0.05859375 0.46900554906542063 107
1080 0.1 1.3203125 0.0 1.3203125 0.05859375 0.47403067129629634 108
1090 0.1 1.26953125 0.0 1.3203125 0.05859375 0.4817947247706423 109
1100 0.1 1.37890625 0.0 1.37890625 0.05859375 0.48895596590909096 110
1110 0.1 1.62890625 0.0 1.62890625 0.05859375 0.4969735360360361 111
1120 0.1 1.6015625 0.0 1.62890625 0.05859375 0.5070800781250001 112
1130 0.1 1.66015625 0.0 1.66015625 0.05859375 0.5167657632743364 113
1140 0.1 1.94140625 0.0 1.94140625 0.05859375 0.526795504385965 114
1150 0.1 1.640625 0.0 1.94140625 0.05859375 0.5390964673913045 115
1160 0.1 1.8515625 0.0 1.94140625 0.05859375 0.5485924030172415 116
1170 0.1 1.7109375 0.0 1.94140625 0.05859375 0.5597288995726498 117
1180 0.1 1.83984375 0.0 1.94140625 0.05859375 0.5694849046610172 118
1190 0.1 1.80078125 0.0 1.94140625 0.05859375 0.5801601890756305 119
1200 0.1 1.671875 0.0 1.94140625 0.05859375 0.5903320312500002 120
1210 0.1 1.41015625 0.0 1.94140625 0.05859375 0.5992704028925622 121
1220 0.1 1.3515625 0.0 1.94140625 0.05859375 0.6059170081967216 122
1230 0.1 1.23046875 0.0 1.94140625 0.05859375 0.6119791666666669 123
1240 0.1 1.0390625 0.0 1.94140625 0.05859375 0.616966985887097 124
1250 0.1 1.0390625 0.0 1.94140625 0.05859375 0.6203437500000002 125
1260 0.1 0.94921875 0.0 1.94140625 0.05859375 0.6236669146825399 126
1270 0.1 1.109375 0.0 1.94140625 0.05859375 0.6262303149606302 127
1280 0.1 1.01953125 0.0 1.94140625 0.05859375 0.6300048828125002 128
1290 0.1 1.08984375 0.0 1.94140625 0.05859375 0.6330244670542637 129
1300 0.1 1.1484375 0.0 1.94140625 0.05859375 0.6365384615384617 130
1310 0.1 1.19921875 0.0 1.94140625 0.05859375 0.6404460877862598 131
1320 0.1 1.08984375 0.0 1.94140625 0.05859375 0.6446792140151517 132
1330 0.1 0.921875 0.0 1.94140625 0.05859375 0.6480263157894739 133
1340 0.1 0.78125 0.0 1.94140625 0.05859375 0.6500699626865674 134
1350 0.1 0.73046875 0.0 1.94140625 0.05859375 0.6510416666666669 135
1360 0.1 0.78125 0.0 1.94140625 0.05859375 0.6516256893382355 136
1370 0.1 0.66015625 0.0 1.94140625 0.05859375 0.6525718521897812 137
1380 0.1 0.69921875 0.0 1.94140625 0.05859375 0.6526268115942031 138
1390 0.1 1.05078125 0.0 1.94140625 0.05859375 0.6529620053956836 139
1400 0.1 1.359375 0.0 1.94140625 0.05859375 0.6558035714285716 140
1410 0.1 1.37890625 0.0 1.94140625 0.05859375 0.6607934397163122 141
1420 0.1 1.78125 0.0 1.94140625 0.05859375 0.6658505721830988 142
1430 0.1 2.12109375 0.0 2.12109375 0.05859375 0.6736505681818185 143
1440 0.1 2.33984375 0.0 2.33984375 0.05859375 0.6837022569444448 144
1450 0.1 2.671875 0.0 2.671875 0.05859375 0.6951239224137934 145
1460 0.1 2.859375 0.0 2.859375 0.05859375 0.7086633133561647 146
1470 0.1 3.109375 0.0 3.109375 0.05859375 0.7232940051020412 147
1480 0.1 3.3984375 0.0 3.3984375 0.05859375 0.7394161739864868 148
1490 0.1 3.33984375 0.0 3.3984375 0.05859375 0.757261954697987 149
1500 0.1 3.140625 0.0 3.3984375 0.05859375 0.774479166666667 150
1510 0.1 3.26953125 0.0 3.3984375 0.05859375 0.790149006622517 151
1520 0.1 3.01171875 0.0 3.3984375 0.05859375 0.8064607319078951 152
1530 0.1 3.16015625 0.0 3.3984375 0.05859375 0.8208741830065364 153
1540 0.1 3.12890625 0.0 3.3984375 0.05859375 0.8360643262987016 154
1550 0.1 2.9609375 0.0 3.3984375 0.05859375 0.8508568548387101 155
1560 0.1 2.890625 0.0 3.3984375 0.05859375 0.8643830128205132 156
1570 0.1 2.58984375 0.0 3.3984375 0.05859375 0.8772890127388538 157
1580 0.1 2.51171875 0.0 3.3984375 0.05859375 0.8881279667721522 158
1590 0.1 2.3515625 0.0 3.3984375 0.05859375 0.8983392295597488 159
1600 0.1 1.98828125 0.0 3.3984375 0.05859375 0.9074218750000004 160
1610 0.1 1.75 0.0 3.3984375 0.05859375 0.9141352872670812 161
1620 0.1 1.48046875 0.0 3.3984375 0.05859375 0.9192949459876547 162
1630 0.1 1.5 0.0 3.3984375 0.05859375 0.9227377300613501 163
1640 0.1 1.26953125 0.0 3.3984375 0.05859375 0.9262576219512199 164
1650 0.1 1.0703125 0.0 3.3984375 0.05859375 0.9283380681818185 165
1660 0.1 1.05859375 0.0 3.3984375 0.05859375 0.9291933358433738 166
1670 0.1 0.96875 0.0 3.3984375 0.05859375 0.9299681886227549 167
1680 0.1 1.05078125 0.0 3.3984375 0.05859375 0.9301990327380956 168
1690 0.1 1.03125 0.0 3.3984375 0.05859375 0.9309125369822489 169
1700 0.1 0.9609375 0.0 3.3984375 0.05859375 0.9315027573529415 170
1710 0.1 0.80859375 0.0 3.3984375 0.05859375 0.9316748903508775 171
