0 31.8 136.5977830188679 120.26618651296452 402.69 26.682 0 0
10 84.4 110.42211018957327 115.60207814632786 440.251 7.049 136.5977830188679 318
20 114.8 97.3629843205574 113.16613893198473 612.787 6.373 117.58550430292584 1162
30 137.1 91.50448723559454 107.33337640048967 613.214 6.169 107.53552467532457 2310
40 165.6 86.97050543478252 102.47776831737282 627.405 5.98 101.5647144797609 3681
50 200 90.27696050000004 105.7245508602517 670.842 5.75 97.03632583848598 5337
60 195 89.00601538461524 105.13983668849237 670.842 5.75 95.19378383535502 7337
70 193.5 87.13515503875969 103.54030867723199 670.842 5.613 93.8945323570582 9287
80 187.7 95.90054342035174 109.18262721295406 670.842 5.613 92.72901862413111 11222
90 193.1 96.81350025893315 112.58892641949069 670.842 5.613 93.18347713565919 13099
100 178.7 95.03457078903176 109.61466647972587 670.842 5.613 93.64984936793077 15030
110 167.5 92.01556417910453 108.53298936142174 670.842 5.613 93.79699197240883 16817
120 182 90.80512912087889 105.90013821250065 670.842 5.613 93.6356307592472 18492
130 184.3 91.62625339121006 107.91846196697652 670.842 5.613 93.3820115695155 20312
140 205.9 94.2230106847986 109.09005889947748 670.842 5.613 93.23595594673884 22155
150 196.4 89.36256008146661 105.30748610825768 670.842 5.613 93.31988861815476 24214
160 193.5 88.30947183462543 104.06268421231972 670.842 5.613 93.02299071739628 26178
170 199.9 84.12231015507771 101.2059153778206 670.842 5.613 92.69856219542561 28113
180 197.8 93.91050808897879 108.11833870375955 670.842 5.56 92.12922346572796 30112
190 204 91.52846029411774 107.33706227265543 728.467 5.56 92.23902031785603 32090
200 161.9 77.3956676961087 97.23708521334672 728.467 5.56 92.19654910635805 34130
210 115.5 71.81405194805211 87.7069472282426 728.467 5.56 91.52624708383453 35749
220 99.4 75.91894265593561 91.49293709427272 728.467 5.56 90.90930622696729 36904
230 61.4 73.82812377850163 90.64517279134232 728.467 5.56 90.51613451897201 37898
240 36.6 81.79070765027328 90.08224760978672 728.467 5.56 90.25007618404656 38512
250 12.2 68.72237704918032 82.72391223658782 728.467 5.56 90.17043914296006 38878
260 4.9 80.92926530612249 85.19500718861633 728.467 5.56 90.10334520512824 39000
270 1 89.8646 76.75239889827549 728.467 5.56 90.09183326077496 39049
280 12.7 118.33052755905514 114.25705145157002 728.467 5.56 90.09177508384755 39059
290 92.5 122.52347459459443 119.17049904303094 728.467 5.56 90.18329556474255 39186
300 169.4 108.93742325855973 117.9940176007966 728.467 5.56 90.92909261798512 40111
310 219.4 105.11732452142188 118.5902850077955 728.467 5.56 91.65881662480568 41805
320 264.2 104.42689174867516 115.30274359840968 728.467 5.56 92.32992202095504 43999
330 320.6 107.41417092950745 117.9758817492046 728.467 5.56 93.01516020239704 46641
340 368.3 107.31795329894113 119.23161289948452 845.421 5.56 93.94125863141215 49847
350 379.7 99.86429523307842 112.67822933262417 845.421 5.56 94.86160920978894 53530
360 396.5 103.41960731399766 114.3871253334541 845.421 5.56 95.19295741971497 57327
370 416.2 113.91514488226811 122.13787224659065 845.421 5.56 95.72514215558311 61292
380 411.2 122.76497908560313 129.8167720633622 845.421 5.56 96.88178332874996 65454
390 398.7 113.83882016553804 125.93554457756443 924.635 5.56 98.41172181812956 69566
400 400.5 124.17138377028705 130.42779832494836 930.689 5.56 99.24796019197044 73553
410 401.8 114.49488451966155 124.53562280780163 930.689 5.56 100.53497521854614 77558
420 401.5 121.60584483188015 127.57712395263495 930.689 5.56 101.22256612238895 81576
430 403.3 119.13434242499383 128.22726566231262 930.689 5.56 102.17872814898763 85591
440 388.7 118.86239567790065 126.84351694653097 961.287 5.56 102.94171565652057 89624
450 367.7 106.81553576285035 117.85335745243155 961.287 5.56 103.60349537487566 93511
460 370.2 108.32637412209586 119.68571662186459 961.287 5.56 103.72501935424127 97188
470 374.6 118.2685312333157 124.85514300706943 961.287 5.56 103.89385883635643 100890
480 351.3 107.98043922573308 118.55646163140753 961.287 5.56 104.40847639435759 104636
490 275.9 84.9149054005073 102.16107484445945 961.287 5.56 104.52450433198644 108149
500 217.2 75.34483563535936 92.75911663935175 961.287 5.56 104.03668665019656 110908
510 162.8 76.42479975429967 91.20664484496919 961.287 5.56 103.48558388751327 113080
520 115.6 79.34017820069202 92.68291720467477 961.287 5.56 103.10152212574538 114708
530 68 75.10800882352919 88.81587670716137 961.287 5.56 102.86445009666505 115864
540 30 80.81345666666664 85.50450949941055 961.287 5.56 102.70249941652938 116544
550 7.8 80.95570512820511 84.37100826449152 961.287 5.56 102.64629873164219 116844
560 2.7 80.02833333333332 82.71236820183276 961.287 5.56 102.63182868921162 116922
570 1.9 82.7384210526316 83.9921587269442 961.287 5.56 102.62661022325972 116949
580 94.7 131.01570960929246 119.47063747681399 961.287 5.56 102.62337963374598 116968
590 257.6 155.63906521739173 143.80848080862035 961.287 5.56 102.8514043675529 117915
600 349.1 364.24213720996954 327.6890451914396 2104.668 5.56 103.979961806276 120491
610 364 906.275017582416 687.9188352633535 4361.54 5.56 111.30824538239425 123982
620 378.3 1494.5869516256928 1019.2209745786042 6376.312 5.56 133.98207160991052 127622
630 419.8 1906.4531993806506 1396.4205696913477 10147.304 5.56 173.15233348046115 131405
640 439.6 2335.3731954049217 1688.8048540278369 13576.313 5.56 226.81189141833124 135603
650 436.8 2898.44916552198 2047.6273189353553 13576.313 5.56 293.02118928706636 139999
660 456.5 3432.910296166491 2447.2707784100603 17199.923 5.56 371.85159651443894 144367
670 446.8 4017.232701880021 2713.5921520449056 18714.004 5.56 465.6778592646311 148932
680 446.2 4660.931355670084 3135.3165639096487 20429.883 5.56 569.1221033116035 153400
690 460.2 5100.088596479781 3336.4249532705403 21802.42 5.56 684.777884208992 157862
700 451 5562.453782261626 3584.6604304059742 27228.261 5.56 809.8471912423665 162464
710 456.4 6145.068416082352 3879.7179165841903 27228.261 5.56 938.2160134871283 166974
720 461.3 6544.310594190333 3925.399347190744 27228.261 5.56 1076.7513488964523 171538
730 454.4 6962.804685959506 4114.458376197169 27228.261 5.56 1219.9344747290656 176151
740 462.7 7479.809570564076 4313.434480304008 27228.261 5.56 1364.3524289604009 180695
750 447.2 7852.873692978562 4441.05087932535 27747.697 5.56 1517.039213013024 185322
760 469.8 8287.292032141377 4656.062106442172 30591.993 5.56 1666.3266077378619 189794
770 465.8 8859.144168312605 4924.148982919925 30591.993 5.56 1826.2575846615796 194492
780 492.9 9121.319377967166 4978.448809004831 30591.993 5.56 1990.7526170826015 199150
790 489.9 8881.62613594615 5183.087038937581 30988.103 5.56 2162.973000191104 204079
800 493.9 8575.814538975525 5272.962683397892 30988.103 5.56 2320.4760948329513 208978
810 505.7 8117.762608661243 5243.943620772401 31964.486 5.56 2464.9018140400276 213917
820 509.1 7659.857311726599 4883.509017087095 31964.486 5.56 2595.4493541059687 218974
830 556.8 6730.653852550261 4547.393056534037 31964.486 5.56 2710.518199808094 224065
840 570.2 5701.105753945982 3747.6841383816527 31964.486 5.56 2807.9959809391526 229633
850 540.7 5076.326101165149 3276.714496209376 31964.486 5.56 2878.093977096481 235335
860 495.6 5013.775742736098 3330.7773430792654 31964.486 5.56 2927.465674161552 240742
870 507.3 4466.855399960578 3301.1365354316777 31964.486 5.56 2969.548852290212 245698
880 556 3119.070382913678 2639.370212881676 31964.486 5.56 2999.8387826104313 250771
890 618.2 1856.0113285344503 1662.8313036014315 31964.486 5.56 3002.4250000312113 256331
900 661.8 832.4688141432507 875.492416442999 31964.486 5.56 2975.4277491629005 262513
910 484.1 226.68612456104032 266.24051804651117 31964.486 5.56 2922.7318418465375 269131
920 176.2 90.26427695800244 87.41837093775754 31964.486 5.56 2875.0935528338678 273972
930 31.5 88.10762539682538 78.67344980509166 31964.486 5.56 2857.2978904052475 275734
940 6.7 93.76031343283583 83.0226708533168 31964.486 5.56 2854.1379625175255 276049
950 1.2 99.39075000000001 83.12636768912436 31964.486 5.56 2853.4681523562576 276116
960 134.7 562.8053414996291 463.592465434252 31964.486 5.56 2853.3484653675123 276128
970 214.2 2205.397283846874 1241.5877743748397 31964.486 5.56 2842.2290434813963 277475
980 250.1 3984.985786085563 2343.538476384562 31964.486 5.56 2837.3506075167115 279617
990 288.3 5723.537232049959 3234.531775059057 31964.486 5.56 2847.5244907201964 282118
1000 283.8 6905.235067300916 3846.0536253138166 31964.486 5.56 2876.617528054289 285001
1010 320 8591.700265312511 4535.245028975581 31964.486 5.56 2916.3384017940602 287839
1020 353.4 9569.47215421619 4912.175660694021 31964.486 5.56 2978.7395162950693 291039
1030 396.1 10269.738000252451 5526.880609364365 33023.734 0.508 3057.808708455971 294573
1040 681.2 7828.429888285387 6753.751798873936 33160.701 0.462 3153.497815642442 298534
1050 982.6 5469.5095718501725 6241.06874724532 35430.747 0.462 3257.7914277377167 305346
1060 1208.3 4367.748494910183 5528.075198534883 36048.059 0.451 3326.7453401539497 315172
1070 1435.4 3764.1958105057906 4928.496789176547 36048.059 0.451 3365.1815477563377 327255
1080 1557.6 3398.0390837185537 4560.4046706310255 36048.059 0.451 3381.9476479688774 341609
1090 1558.1 3375.631205827603 4379.011358891114 36048.059 0.443 3382.6493577361884 357185
1100 1642.3 3253.308505754116 4318.203048889277 36048.059 0.443 3382.3560106367004 372766
1110 1658.1 3282.1509088112825 4297.1165827795285 36048.059 0.433 3376.9104631708506 389189
1120 1743.2 3161.95164169346 4209.886814980282 36048.059 0.433 3373.0382987160215 405770
1130 1761.7 3122.4846232048512 4116.155370812812 36048.059 0.433 3364.343484879562 423202
1140 1789.6 3105.187342031747 4056.228483149143 36048.059 0.433 3354.6777772623236 440819
1150 1725 3224.640799478259 4095.750002901994 36048.059 0.433 3344.9443244018626 458715
1160 1456.5 3736.0232665293443 4210.5929418152955 36048.059 0.433 3340.584264723247 475965
1170 1126.9 4861.881424793682 4411.795850471573 36048.059 0.433 3352.3257872831427 490530
1180 838.2 6421.348336793152 4467.317963631585 36048.059 0.433 3386.226178633278 501799
1190 662.3 8122.418303185862 4307.3251261915675 36048.059 0.433 3436.0916066474456 510181
1200 637.4 8531.995499686223 4382.826031443412 36048.059 0.433 3496.1483045661416 516804
1210 643.5 8179.486818958771 4409.150715254958 36048.059 0.433 3557.501209355134 523178
1220 636.5 7199.076903377855 3963.641694679336 36048.059 0.433 3613.6600978223723 529613
1230 606.4 6727.994712236138 3784.9480198340875 36048.059 0.433 3656.2386700163065 535978
1240 596.6 5932.098331210189 3605.1571450640004 36048.059 0.433 3690.603403081311 542042
1250 582.4 4926.155381868149 3258.7946729610608 36048.059 0.433 3715.0058912588865 548008
1260 678 3718.382561061942 2889.2578155624433 36048.059 0.433 3727.742126495038 553832
1270 869.6 1750.1737217111283 1719.9759962538246 36048.059 0.433 3727.6289326040114 560612
1280 925.3 372.61833362152515 577.0136235643723 36048.059 0.433 3697.4239284341693 569308
1290 490.9 80.29108148299044 90.76216546263612 36048.059 0.433 3644.249887721433 578561
1300 158.1 82.22583301707772 82.37114699778368 36048.059 0.433 3614.2646720636876 583470
1310 33.4 89.58054790419159 81.55174538024966 36048.059 0.433 3604.7199427930213 585051
1320 5 80.41579999999999 71.69142936725422 36048.059 0.433 3602.7143284402573 585385
1330 0.5 90.37160000000002 75.63838763643761 36048.059 0.433 3602.413500976197 585435
1340 137.4 1483.4846077147017 918.978588650866 36048.059 0.433 3602.3835060843126 585440
1350 208.7 4425.059662194527 2071.1994171619144 36048.059 0.433 3597.422194516491 586814
1360 253.6 7311.478978312323 3066.35458445277 36048.059 0.433 3600.355250149006 588901
1370 408.2 8279.539423076865 4852.962915633467 36048.059 0.433 3616.2680350688242 591437
1380 1069.6 4965.412375373955 5941.649337190121 36048.059 0.433 3648.232546370477 595519
1390 1755.4 2980.7463173066058 4811.055563516453 36048.059 0.433 3671.472742424717 606215
1400 2402.7 2172.482573687954 3883.1349661976546 36048.059 0.433 3652.0344380740303 623769
1410 2731.9 1887.5970196566482 3454.832050437156 36048.059 0.433 3597.1572967431107 647796
1420 2867.5 1762.7551553269402 3259.876913035407 36048.059 0.433 3527.978746111404 675115
1430 3078.8 1635.2291716902644 3108.908168215999 36048.059 0.433 3456.0570273234916 703790
1440 3317.1 1528.776508576788 2994.12751986934 36048.059 0.433 3379.7415808777287 734578
1450 3477.6 1496.4308710317423 2901.282873876531 36048.059 0.433 3299.7696598289294 767749
1460 3492.4 1469.9345040087003 2819.447139455598 36048.059 0.433 3221.625166237812 802525
1470 3424.5 1461.3021669440839 2781.266207568913 36048.059 0.433 3148.574694283473 837449
1480 3304.7 1556.1514131993622 2884.422746394188 36048.059 0.432 3082.289222892438 871694
1490 2985.7 1614.8894554710816 2931.5238288211044 36048.059 0.432 3026.544787527038 904741
1500 3061 1662.837322508989 2950.903330247631 36048.059 0.432 2981.4475443816486 934598
1510 3018.7 1699.8478505316994 3038.1612539845623 36048.059 0.429 2939.629968386089 965208
1520 2963 1757.5106479581518 3053.707229635092 36048.059 0.429 2902.0315247615276 995395
1530 2942.9 1801.834181827463 3137.494984261899 36048.059 0.429 2868.9473038111273 1025025
1540 2576.6 2064.4614309943127 3286.543909015351 36048.059 0.429 2839.164997454608 1054454
1550 1983.7 2696.2128594041383 3651.215973459619 36048.059 0.429 2820.686343019941 1080220
1560 1463.9 3656.976545870631 3996.8913753771412 36048.059 0.429 2818.441749790239 1100057
1570 1072.4 4883.91941281237 4250.454151204075 36048.059 0.429 2829.4539996591006 1114696
1580 790.5 6565.10203036053 4215.812951758306 36048.059 0.429 2849.0307684126824 1125420
1590 629.3 8264.655004608281 3993.6109150622774 36048.059 0.429 2874.9505560514426 1133325
1600 616.8 8613.289596141387 4029.9067449052095 36048.059 0.429 2904.712643079524 1139618
1610 608.7 8154.355608674176 3950.0494024553086 36048.059 0.429 2935.4430784718966 1145786
1620 612.6 7270.836649200126 3634.2454439066146 36048.059 0.429 2963.0220915847494 1151873
1630 636.7 6425.569511072698 3526.2300966519706 36048.059 0.429 2985.81111988266 1157999
1640 698.6 5119.890447466368 2974.7511886072643 36048.059 0.429 3004.6204475998097 1164366
1650 815.3 3408.4633609714006 2368.135601412025 36048.059 0.429 3017.2360202193704 1171352
1660 995.5 1836.1832622802663 1586.9017658288792 36048.059 0.429 3019.94027031509 1179505
1670 1028 342.1809332684843 549.7004353960424 36048.059 0.429 3010.0330006170866 1189460
1680 391.8 85.50765569167942 88.22080605762169 36048.059 0.429 2987.1734483371397 1199740
1690 98.8 88.61596761133593 83.2998308728676 36048.059 0.429 2977.7283014801546 1203658
1700 13.7 92.32719708029202 76.91996347287997 36048.059 0.429 2975.3587730163053 1204646
1710 1.7 118.85041176470588 93.82609761998607 36048.059 0.429 2975.030933624562 1204783
1712 0 0 0 36048.059 0.429 2974.9906322725765 1204800
