0 75.4 58.81462334217511 74.39100237571012 262.176 2.895 0 0
10 195.1 47.2700287032292 66.84774193009383 263.921 2.726 58.81462334217511 754
20 258.2 43.404061580170406 62.234596330518805 283.088 2.523 50.48800443622928 2705
30 298.8 42.00421017402937 61.42619736312828 320.379 2.523 47.028435596746775 5287
40 346.1 41.56076798613112 60.78073002071557 320.379 2.523 45.21425003021148 8275
50 417.5 43.25536982035916 64.18929150678846 320.379 2.359 44.136821489434205 11736
60 406.8 42.555737463126675 64.28776810468622 328.822 2.359 43.9055311419772 15911
70 402.1 41.82254737627439 63.51765026116659 328.822 2.359 43.63069452925565 19979
80 409.9 43.872852646987056 66.08044044862751 334.121 2.359 43.327754541666586 24000
90 421.1 44.60304155782476 67.45811986756955 351.507 2.359 43.407271860208475 28099
100 389.9 43.315275711720886 66.20217899810082 479.772 2.359 43.5631179201485 32310
110 359.8 42.74331295163969 64.99723002934348 479.772 2.359 43.53643016929487 36209
120 381.7 43.17193004977739 64.03557343932752 479.772 2.359 43.46474338684144 39807
130 392 43.18733775510201 64.83962370434952 479.772 2.359 43.439122891069076 43624
140 449.3 43.17385599821935 64.95007221865846 479.772 2.359 43.41836322143693 47544
150 404.8 43.15220429841903 64.68903096005073 479.772 2.359 43.397251878471025 52037
160 394.2 43.35454261796035 65.35185468006145 479.772 2.359 43.379565284835465 56085
170 407.6 41.391519872424034 62.83008386478711 479.772 2.359 43.37792203508416 60027
180 413.8 44.67189898501686 66.58230789639609 479.772 2.359 43.251616320608974 64103
190 424.4 44.12377026390201 65.54790956964085 479.772 2.359 43.33773946747552 68241
200 325.7 38.24594289223198 60.08554725664321 479.772 2.359 43.38376160584945 72485
210 218.4 38.00220970695973 60.143346569703425 479.772 2.359 43.16282902484747 75742
220 181.5 41.2613493112949 66.06655752403697 479.772 2.359 43.01819446654515 77926
230 113.8 39.79683479789115 67.2594124103042 479.772 2.359 42.97820658130695 79741
240 70.3 42.52554480796586 71.12369937934218 479.772 2.359 42.93344340310831 80879
250 23.6 35.47919067796609 62.61038487101555 479.772 2.359 42.92992850138508 81582
260 9.5 41.701642105263176 70.05327115889297 479.772 2.359 42.90843721430489 81818
270 2.3 39.01908695652174 64.51865063072715 479.772 2.359 42.90703761307726 81913
280 30.3 51.40028382838282 71.7578312203678 479.772 2.359 42.9059462385276 81936
290 213.4 53.28334442361767 71.0273517516709 479.772 2.359 42.93724263427324 82239
300 386.4 47.72492391304339 66.71631922385173 479.913 2.359 43.19892091071785 84373
310 496.7 46.62394221864295 65.30084662121955 503.945 2.359 43.39711980235045 88237
320 578.5 47.684011063094374 64.66404663603114 503.945 2.359 43.569082668125795 93204
330 671.9 51.00706444411377 68.1132665827682 503.945 2.359 43.80956252714945 98989
340 755.4 52.38860577177684 69.70672746418549 503.945 2.269 44.26704933401443 105708
350 770.6 49.1700839605502 66.83949226798421 503.945 2.269 44.80871588882413 113262
360 802.2 51.17420929942642 68.45028272804969 506.23 2.269 45.08654723563255 120968
370 856.6 55.36902474900765 72.0593369193958 573.387 2.269 45.46514422048219 128990
380 861.3 58.577584929757485 74.54108625849061 573.387 2.269 46.081886787926344 137556
390 840.6 53.92536354984528 72.83729524572692 610.81 2.269 46.81819508924599 146169
400 837.1 59.130880778879565 73.39916569296622 610.81 2.269 47.20469263464335 154575
410 832.4 55.30757544449771 72.21312072702196 610.81 2.269 47.81737487879418 162946
420 845.4 57.976494677076 73.19126598342909 610.81 2.269 48.181410784141974 171270
430 848.7 56.24415883115356 73.22572618500482 610.81 2.269 48.64215970599361 179724
440 817.3 56.79803890860151 72.93501508365257 610.81 2.269 48.984956708162635 188211
450 759.2 51.760627766069724 69.83753251217117 610.81 2.269 49.31011721423332 196384
460 764.5 52.33384538914311 70.18062945589055 610.81 2.269 49.40132537651487 203976
470 789.4 55.86177121864714 71.77974512561028 610.81 2.269 49.50726531393386 211621
480 725.6 52.189139746416615 70.31075950497574 610.81 2.269 49.73578031114046 219515
490 553 42.368021157323696 62.34804502661332 610.81 2.269 49.81428054292655 226771
500 409.7 39.750552111300976 62.30221434309923 610.81 2.269 49.637019943952005 232301
510 300.1 41.478728423858726 64.79383272528443 610.81 2.269 49.46567814448513 236398
520 214.7 42.456972985561144 68.40270881249525 610.81 2.269 49.36555727467532 239399
530 129.1 39.52707048799366 67.36861015527164 610.81 2.269 49.30414979755407 241546
540 59.8 40.44996488294311 68.04410504890775 610.81 2.269 49.252171683063104 242837
550 16 39.419300000000014 66.66494606423602 610.81 2.269 49.230548992544186 243435
560 5.7 37.85603508771931 64.94853063771934 610.81 2.269 49.22410469016192 243595
570 3.7 42.447648648648645 70.90896318223287 610.81 2.269 49.221445241574024 243652
580 220.1 57.037443434802384 73.44085382102712 610.81 2.269 49.220416756603676 243689
590 586.7 68.82730202829394 78.99956470825572 610.81 2.269 49.29038818984096 245890
600 817.2 160.24670876162554 178.04776858628657 1337.822 2.269 49.74568068812385 251757
610 818.2 419.2660496211193 466.46386745368477 3334.197 2.269 53.21976169261605 259929
620 815 714.9982593865025 713.4873109991137 3707.69 2.269 64.39047355386387 268111
630 909.5 916.4311994502459 888.5199658938767 5904.274 2.269 83.58411092770963 276261
640 939.4 1128.13275952736 1051.8124817127307 7544.973 2.269 110.12900316797257 285356
650 931.9 1423.3818455842838 1259.8210032927561 7969.268 2.269 142.5738794605598 294750
660 979.3 1671.2724983151218 1431.8847822601606 8059.544 2.269 181.8276325110417 304069
670 949.1 1996.6808029712329 1577.384019328832 8240.328 2.269 228.30071166945962 313862
680 949.7 2273.374576919027 1658.8115169469418 8240.328 2.269 280.2058909829193 323353
690 977.9 2490.4468354637393 1739.3579725951156 8884.521 2.269 337.07572126783805 332850
700 956.8 2734.3851922031845 1802.9726743819697 9390.133 2.269 398.53524782782483 342629
710 971 2965.2625826982476 1848.7466520428466 10073.105 2.269 461.99238195384925 352197
720 985.5 3177.2339585996815 1857.361805932418 10073.105 2.269 529.1553648451116 361907
730 976.6 3393.9389845381847 1851.4427082125164 10073.105 2.269 599.3530034995499 371762
740 988.9 3638.192506724634 1862.7094327361845 10073.105 2.269 670.8862243662315 381528
750 943.5 3862.032552305242 1841.6638208803552 10073.105 2.269 745.8540766216069 391417
760 1012.7 4007.1194856324673 1796.241867416486 10073.105 2.269 819.2007080917632 400852
770 1013.5 4242.358780957105 1762.5495457482773 10073.105 2.269 897.754730219791 410979
780 1048.9 4267.498954905173 1785.8903874336415 10073.105 2.269 978.2497079555649 421114
790 1022.1 4203.886002641586 1825.571623625114 10145.178 2.269 1058.1864446122943 431603
800 1030.1 3955.4822370643797 1890.7252054673083 10621.895 2.269 1130.9579445367378 441824
810 1063 3726.389673000943 1942.189686690853 10621.895 2.269 1195.3105566181916 452125
820 1083.3 3431.7477039601117 1964.0075400757123 10621.895 2.269 1253.4522752536436 462755
830 1164.6 2962.1448462991543 1949.7270181560093 10621.895 2.269 1303.2792860292063 473588
840 1196.3 2558.5394435342264 1820.4740225822416 10621.895 2.269 1343.0933722533864 485234
850 1117.1 2381.137602273735 1807.5938906049316 10621.895 2.269 1372.3380807909132 497197
860 986.5 2466.6728631525602 1927.1150891171346 10621.895 2.269 1394.5056827140959 508368
870 937.4 2238.213176338803 1856.177482598427 10621.895 2.269 1414.9152846403056 518233
880 993.8 1628.049902998592 1575.9934381338414 10621.895 2.269 1429.542828317288 527607
890 1114 976.9120325852806 1099.3243248384565 10621.895 2.269 1433.212778383204 537545
900 1207.4 439.0697613881088 610.053721404373 10621.895 2.269 1423.948464053144 548685
910 905.7 118.56652500828233 188.77676691939624 10621.895 2.269 1402.742517370206 560759
920 364.9 43.53374458755814 72.067023650731 10621.895 2.269 1382.3310477680502 569816
930 70.5 39.31649361702126 65.73950657700094 10621.895 2.269 1373.8121819971564 573465
940 14.9 42.108718120805385 69.97084974522028 10621.895 2.269 1372.1736089955925 574170
950 2.6 45.822923076923075 72.75605029819913 10621.895 2.269 1371.8285400204404 574319
960 319.9 265.82064957799275 305.02075893960915 10621.895 2.269 1371.7685131271262 574345
970 505.1 1091.8981082953878 932.0701140266547 10621.895 2.269 1365.6426989631948 577544
980 577.7 2059.3482812878588 1541.0967356402768 10621.895 2.269 1363.2693797148952 582595
990 645 2885.314436589151 1800.150486830605 10698.482 2.269 1370.103912653898 588372
1000 645.1 3607.5646837699646 1831.3395858648842 10698.482 2.269 1386.5342193328413 594822
1010 720.2 4382.985716051088 1725.1490529566158 10698.482 2.269 1410.3634408779365 601273
1020 797.7 4762.742781371451 1541.0545762246124 10698.482 2.269 1445.5478373211708 608475
1030 908.3 4941.675881426855 1688.1109571023635 10912.188 0.471 1488.4729378459303 616452
1040 1496.3 3267.503401724279 2946.450757767965 11023.891 0.426 1538.614724215271 625535
1050 2149 2346.2006953466826 2949.93635890556 11128.856 0.42 1579.004173177746 640498
1060 2695.5 1888.123568354653 2807.539304055153 12852.938 0.42 1603.9095389266877 661988
1070 3243.4 1598.2498053277504 2623.199169988936 12852.938 0.42 1615.0294561959406 688943
1080 3475.5 1501.1708745216608 2547.768085230559 12852.938 0.42 1614.2750223891255 721377
1090 3419.5 1535.5785838865388 2559.381040138801 12852.938 0.42 1609.076281085843 756132
1100 3491.1 1526.506054223591 2557.0887090935653 12852.938 0.42 1605.8962635035887 790327
1110 3460.7 1584.3754048025282 2586.334422679953 12852.938 0.42 1602.537727425301 825238
1120 3564.7 1527.7927453081713 2539.5733881296496 12852.938 0.42 1601.8067311422426 859845
1130 3593.1 1527.3912863822331 2507.372651657977 12852.938 0.42 1598.8604440140189 895492
1140 3642 1531.2267167765008 2499.2211289622583 12852.938 0.42 1596.1034170747362 931423
1150 3503.8 1586.0825278839989 2481.6911183935995 12852.938 0.42 1593.662102290353 967843
1160 2967.3 1898.0925013311803 2581.9052340047056 12852.938 0.42 1593.3972920805177 1002881
1170 2296.2 2454.4351590889282 2637.5484240875835 12852.938 0.42 1602.1534645849047 1032554
1180 1704.4 3316.368609305316 2507.2207314273146 12852.938 0.42 1620.6942467892495 1055516
1190 1356 4099.066043510334 1966.783667521879 12852.938 0.42 1647.6401275182754 1072560
1200 1286.1 4118.219364823919 1849.8237584454528 12852.938 0.42 1678.245710161862 1086120
1210 1294.6 3819.779385601709 1880.5323544585117 12852.938 0.42 1706.799890054516 1098981
1220 1270.9 3415.8786305767517 1848.5197271713182 12852.938 0.42 1731.4009947577508 1111927
1230 1205.4 3247.927194707142 1899.8977607105026 12852.938 0.42 1750.4365104922852 1124636
1240 1149.6 2890.040493649975 1918.9947190621835 12852.938 0.42 1766.3166121097236 1136690
1250 1086.1 2488.200065371524 1851.3007799296638 12852.938 0.42 1777.5676896722323 1148186
1260 1211.9 1897.1859145969063 1697.3569590803352 12852.938 0.42 1784.226762369431 1159047
1270 1563.7 902.8191498369308 1082.9236150652102 12852.938 0.42 1785.3956419013205 1171166
1280 1692.3 193.17743615198168 369.5972026258862 12852.938 0.42 1773.76704928198 1186803
1290 951.5 41.361139253809824 70.9947680971367 12852.938 0.42 1751.5457812998986 1203726
1300 331.6 39.077446320868624 67.0878648156891 12852.938 0.42 1738.1334362925434 1213241
1310 72.5 41.152235862068984 68.60908088383822 12852.938 0.42 1733.5022766652132 1216557
1320 11.6 34.48914655172415 58.74381755338823 12852.938 0.42 1732.4943312757453 1217282
1330 1.2 37.608250000000005 63.08005490132492 12852.938 0.42 1732.3325365287292 1217398
1340 345.2 759.8814258400934 729.5257471020282 12852.938 0.42 1732.3158316458725 1217410
1350 511 2415.2017422700496 1452.100945923331 12852.938 0.42 1729.566263251704 1220862
1360 593.4 4229.428890124721 1627.8668280365976 12852.938 0.42 1732.4240750922545 1225972
1370 921.9 4297.695085258698 2338.2349610868478 12852.938 0.42 1744.451962424894 1231906
1380 2338.1 2060.6588057824533 2911.4874917021243 12852.938 0.42 1763.417294965456 1241125
1390 3851 1271.8725714619422 2516.857070577304 12852.938 0.42 1768.913357273118 1264506
1400 5498 916.9512441796965 2165.80407009393 12852.938 0.416 1754.223560170405 1303016
1410 6283.3 805.2249792465725 2014.1797375107888 12852.938 0.416 1720.3256459400473 1357996
1420 6397.9 781.6179791650535 1977.8131329476716 12852.938 0.414 1679.8573558148096 1420829
1430 6513 762.2173602640834 1956.7953988580307 12852.938 0.414 1641.153053926165 1484808
1440 6759.8 748.1172408799181 1946.7946700988139 12852.938 0.414 1604.2192657822447 1549938
1450 7078.7 733.5328346447673 1912.5335875722883 12852.938 0.407 1568.4421426274293 1617536
1460 7092.1 723.213139944431 1853.2356047911146 12852.938 0.407 1533.4365630172667 1688323
1470 6989.2 718.0702757110971 1836.8883421816909 12852.938 0.407 1500.7737513846857 1759244
1480 6761.4 760.2067907977544 1883.4766160752872 12852.938 0.407 1470.8663462919105 1829136
1490 6163.4 782.7158821591993 1914.2033070045156 12852.938 0.407 1445.5332580171344 1896750
1500 6322.2 814.6872343013421 1940.7067909525667 12852.938 0.407 1424.6731579838274 1958384
1510 6293.2 813.5814103476848 1948.428115361485 12852.938 0.407 1405.59697297693 2021606
1520 6133.9 856.5846495867187 1990.913342217126 12852.938 0.407 1387.72408057229 2084538
1530 6066.3 875.9141880058771 2017.2150125345331 12852.938 0.407 1372.5416812282342 2145877
1540 5327.5 1021.776768052553 2143.268531595788 12852.938 0.407 1358.8882176058446 2206540
1550 4075.1 1344.5366705356985 2325.992015158094 12852.938 0.407 1350.9408358622277 2259815
1560 2963.1 1871.604330903458 2518.232874361016 12852.938 0.407 1350.8273958908374 2300566
1570 2187.6 2454.2907440574236 2524.62772609908 12852.938 0.407 1357.4496434352977 2330197
1580 1566.7 3477.8013570562425 2438.523344148306 12852.938 0.407 1367.6510682708406 2352073
1590 1220.8 4347.9851280308385 1944.5545267954867 12852.938 0.407 1381.6136336599461 2367740
1600 1176.4 4352.571612376739 1912.6279666850023 12852.938 0.407 1396.8297069536818 2379948
1610 1147.4 4115.655030242307 1896.6357979127981 12852.938 0.407 1411.367974008995 2391712
1620 1128.6 3762.0025689349623 1884.718149146763 12852.938 0.407 1424.279579553976 2403186
1630 1167.3 3294.9598830634704 1926.4901915492444 12852.938 0.407 1435.2068305878063 2414472
1640 1257.4 2673.026830046114 1806.586802562002 12852.938 0.407 1444.1547283356938 2426145
1650 1467.3 1762.3282331493192 1498.3892024428715 12852.938 0.407 1450.4907751729502 2438719
1660 1814.8 951.8142268569579 1061.822182042914 12852.938 0.407 1452.35578126284 2453392
1670 1896.7 173.29200690673085 350.45449066723734 12852.938 0.407 1448.680409579858 2471540
1680 799.7 41.81483418782053 71.02873054489713 12852.938 0.407 1438.9674106469092 2490507
1690 213.3 40.98607219878103 68.68340515526249 12852.938 0.407 1434.4955230077687 2498504
1700 31 40.68386129032254 65.77137534282834 12852.938 0.407 1433.3068836096572 2500637
1710 3.9 51.75348717948717 78.40091173556456 12852.938 0.407 1433.134263743295 2500947
1712 0 0 0 12852.938 0.407 1433.1127226989686 2500986
