0 293.4546875 293.4546875
10 811.3359375 1104.790625
20 1105.5171875 2210.3078125
30 1278.35625 3488.6640625
40 1494.20234375 4982.86640625
50 1820.721875 6803.58828125
60 1786.84375 8590.43203125
70 1768.6328125 10359.06484375
80 1798.88359375 12157.9484375
90 1856.415625 14014.3640625
100 1712.775 15727.1390625
110 1578.42890625 17305.56796875
120 1661.93828125 18967.50625
130 1712.68359375 20680.18984375
140 1969.10234375 22649.2921875
150 1770.07578125 24419.36796875
160 1736.8359375 26156.20390625
170 1792.6234375 27948.82734375
180 1805.515625 29754.34296875
190 1869.7015625 31624.04453125
200 1466.23046875 33090.275
210 992.27578125 34082.55078125
220 823.05546875 34905.60625
230 531.0109375 35436.6171875
240 337.50859375 35774.12578125
250 112.71015625 35886.8359375
260 46.1796875 35933.015625
270 11.45234375 35944.46796875
280 109.46171875 36053.9296875
290 865.48203125 36919.41171875
300 1630.3296875 38549.74140625
310 2130.43984375 40680.18125
320 2488.890625 43169.071875
330 2890.9046875 46059.9765625
340 3291.32578125 49351.30234375
350 3377.5171875 52728.81953125
360 3501.6828125 56230.50234375
370 3755.0171875 59985.51953125
380 3782.3796875 63767.89921875
390 3696.04921875 67463.9484375
400 3668.28359375 71132.23203125
410 3657.7796875 74790.01171875
420 3718.0296875 78508.04140625
430 3729.41015625 82237.4515625
440 3600.18828125 85837.63984375
450 3335.8234375 89173.46328125
460 3349.3171875 92522.78046875
470 3457.7546875 95980.53515625
480 3208.2828125 99188.81796875
490 2483.9984375 101672.81640625
500 1858.66015625 103531.4765625
510 1369.75078125 104901.22734375
520 992.59140625 105893.81875
530 615.40390625 106509.22265625
540 286.4859375 106795.70859375
550 78.73671875 106874.4453125
560 27.3 106901.7453125
570 18.44765625 106920.19296875
580 851.25390625 107771.446875
590 2448.80234375 110220.24921875
600 3524.42421875 113744.6734375
610 3602.15703125 117346.83046875
620 3543.00390625 120889.834375
630 3975.99140625 124865.82578125
640 4115.75390625 128981.5796875
650 4123.54140625 133105.12109375
660 4303.884375 137409.00546875
670 4189.1984375 141598.20390625
680 4164.825 145763.02890625
690 4280.30703125 150043.3359375
700 4233.434375 154276.7703125
710 4254.3 158531.0703125
720 4316.046875 162847.1171875
730 4311.9734375 167159.090625
740 4377.5546875 171536.6453125
750 4107.1265625 175643.771875
760 4470.51015625 180114.28203125
770 4441.78359375 184556.065625
780 4541.5390625 189097.6046875
790 4456.6625 193554.2671875
800 4537.12109375 198091.38828125
810 4630.38046875 202721.76875
820 4742.415625 207464.184375
830 5121.384375 212585.56875
840 5235.0078125 217820.5765625
850 4916.77890625 222737.35546875
860 4283.1453125 227020.50078125
870 3992.97578125 231013.4765625
880 4278.725 235292.2015625
890 4895.778125 240187.9796875
900 5421.65234375 245609.63203125
910 4248.309375 249857.94140625
920 1796.090625 251654.03203125
930 348.46796875 252002.5
940 74.81953125 252077.31953125
950 12.69609375 252090.015625
960 1280.3609375 253370.3765625
970 2220.340625 255590.7171875
980 2580.1640625 258170.88125
990 2831.91796875 261002.79921875
1000 2845.2828125 263848.08203125
1010 3173.2453125 267021.32734375
1020 3530.78515625 270552.1125
1030 3878.75546875 274430.86796875
1040 5970.26484375 280401.1328125
1050 8640.253125 289041.3859375
1060 10927.26796875 299968.65390625
1070 13290.9390625 313259.59296875
1080 14234.00859375 327493.6015625
1090 14113.03828125 341606.63984375
1100 14489.03828125 356095.678125
1110 14388.36796875 370484.04609375
1120 14912.6453125 385396.69140625
1130 15024.309375 400421.00078125
1140 15329.00390625 415750.0046875
1150 14908.315625 430658.3203125
1160 13288.253125 443946.5734375
1170 10579.32578125 454525.89921875
1180 7864.34296875 462390.2421875
1190 6227.1 468617.3421875
1200 5782.0765625 474399.41875
1210 5732.73359375 480132.15234375
1220 5660.578125 485792.73046875
1230 5262.3765625 491055.10703125
1240 5021.69453125 496076.8015625
1250 4704.7953125 500781.596875
1260 5192.26796875 505973.86484375
1270 6810.2375 512784.10234375
1280 7629.2125 520413.31484375
1290 4593.07734375 525006.3921875
1300 1625.82578125 526632.21796875
1310 358.3734375 526990.59140625
1320 56.61640625 527047.2078125
1330 6.01796875 527053.22578125
1340 1451.071875 528504.29765625
1350 2289.7640625 530794.06171875
1360 2633.06328125 533427.125
1370 3576.2453125 537003.3703125
1380 8359.85234375 545363.22265625
1390 13951.63828125 559314.8609375
1400 20355.1328125 579669.99375
1410 23637.45 603307.44375
1420 24205.35 627512.79375
1430 24591.25703125 652104.05078125
1440 25700.45 677804.50078125
1450 27285.7109375 705090.21171875
1460 27930.4140625 733020.62578125
1470 27571.3828125 760592.00859375
1480 26630.921875 787222.93046875
1490 24230.65703125 811453.5875
1500 24809.1890625 836262.7765625
1510 24687.08515625 860949.86171875
1520 24140.2140625 885090.07578125
1530 23910.26953125 909000.3453125
1540 22360.9484375 931361.29375
1550 18205.3796875 949566.6734375
1560 13627.075 963193.7484375
1570 10139.40703125 973333.15546875
1580 7219.10703125 980552.2625
1590 5554.15546875 986106.41796875
1600 5223.81875 991330.23671875
1610 5026.225 996356.46171875
1620 4980.1625 1001336.62421875
1630 5117.25 1006453.87421875
1640 5452.0921875 1011905.96640625
1650 6484.7109375 1018390.67734375
1660 7952.08203125 1026342.759375
1670 8665.23203125 1035007.99140625
1680 3902.425 1038910.41640625
1690 1056.896875 1039967.31328125
1700 153.47734375 1040120.790625
1710 19.2171875 1040140.0078125
1712 0 1040140.0078125
