0 3250.88125 3250.88125
10 8793.38203125 12044.26328125
20 11763.3109375 23807.57421875
30 13373.0890625 37180.66328125
40 15348.85859375 52529.521875
50 18194.9078125 70724.4296875
60 17340.8671875 88065.296875
70 17033.84296875 105099.13984375
80 17440.3953125 122539.53515625
90 17903.3296875 140442.86484375
100 16605.42890625 157048.29375
110 15443.58046875 172491.87421875
120 16556.4390625 189048.31328125
130 16938.06328125 205986.3765625
140 19268.48515625 225254.86171875
150 17341.92265625 242596.784375
160 16804.54453125 259401.32890625
170 17409.07109375 276810.4
180 17609.8328125 294420.2328125
190 18166.6546875 312586.8875
200 13715.38984375 326302.27734375
210 8945.8125 335248.08984375
220 7026.484375 342274.57421875
230 4125.07578125 346399.65
240 2533.7921875 348933.4421875
250 838.05234375 349771.49453125
260 336.64921875 350108.14375
270 89.56875 350197.7125
280 1197.94765625 351395.66015625
290 9641.78671875 361037.446875
300 17444.16328125 378481.61015625
310 22298.61953125 400780.2296875
320 25947.275 426727.5046875
330 29464.61953125 456192.12421875
340 32647.1328125 488839.25703125
350 33168.01875 522007.27578125
360 34374.62265625 556381.8984375
370 36102.60546875 592484.50390625
380 36791.246875 629275.75078125
390 35659.8265625 664935.57734375
400 36073.88984375 701009.4671875
410 35333.58828125 736343.05546875
420 36045.85390625 772388.909375
430 36046.89375 808435.803125
440 34807.2609375 843243.0640625
450 32180.3015625 875423.365625
460 32614.7828125 908038.1484375
470 33675.1390625 941713.2875
480 31176.79375 972890.08125
490 23342.9296875 996233.0109375
500 16483.7390625 1012716.75
510 11764.83203125 1024481.58203125
520 7973.834375 1032455.41640625
530 4540.603125 1036996.01953125
540 2205.4265625 1039201.44609375
550 579.6859375 1039781.13203125
560 199.39765625 1039980.5296875
570 135.06484375 1040115.59453125
580 9530.2890625 1049645.88359375
590 26306.5234375 1075952.40703125
600 36599.03046875 1112551.4375
610 36240.6828125 1148792.1203125
620 36425.07421875 1185217.19453125
630 39994.98828125 1225212.1828125
640 41396.34453125 1266608.52734375
650 40588.52109375 1307197.0484375
660 42093.45390625 1349290.50234375
670 40903.6015625 1390194.10390625
680 41263.7578125 1431457.86171875
690 41919.7484375 1473377.61015625
700 41206.73203125 1514584.3421875
710 41728.15546875 1556312.49765625
720 41722.2515625 1598034.74921875
730 41619.26796875 1639654.0171875
740 41289.0078125 1680943.025
750 39159.23671875 1720102.26171875
760 41618.59140625 1761720.853125
770 41500.5765625 1803221.4296875
780 41982.9625 1845204.3921875
790 41501.82578125 1886706.21796875
800 42835.3453125 1929541.56328125
810 44829.17265625 1974370.7359375
820 44960.46171875 2019331.19765625
830 47108.096875 2066439.29453125
840 47698.5046875 2114137.79921875
850 45621.7765625 2159759.57578125
860 41087.43671875 2200847.0125
870 39370.33515625 2240217.34765625
880 40206.475 2280423.82265625
890 41734.57421875 2322158.396875
900 42855.84921875 2365014.24609375
910 31643.41875 2396657.66484375
920 13180.87109375 2409838.5359375
930 2632.140625 2412470.6765625
940 550.36328125 2413021.03984375
950 101.93203125 2413122.971875
960 12846.8703125 2425969.8421875
970 21781.67109375 2447751.51328125
980 25039.94609375 2472791.459375
990 27852.43046875 2500643.88984375
1000 27527.13125 2528171.02109375
1010 29398.77734375 2557569.7984375
1020 30886.065625 2588455.8640625
1030 32748.58046875 2621204.44453125
1040 34603.52734375 2655807.971875
1050 36243.4796875 2692051.4515625
1060 38276.446875 2730327.8984375
1070 39995.215625 2770323.1140625
1080 40143.40546875 2810466.51953125
1090 39720.115625 2850186.63515625
1100 39609.3625 2889795.99765625
1110 39372.94140625 2929168.9390625
1120 40050.215625 2969219.1546875
1130 40088.69296875 3009307.84765625
1140 41663.43984375 3050971.2875
1150 42153.0171875 3093124.3046875
1160 41229.13515625 3134353.43984375
1170 40974.09765625 3175327.5375
1180 40874.55234375 3216202.08984375
1190 41945.09296875 3258147.1828125
1200 43300.3359375 3301447.51875
1210 45178.54140625 3346626.06015625
1220 46043.5171875 3392669.57734375
1230 45482.9703125 3438152.54765625
1240 44207.6515625 3482360.19921875
1250 43056.440625 3525416.63984375
1260 47748.4984375 3573165.13828125
1270 58854.01953125 3632019.1578125
1280 61053.85546875 3693073.01328125
1290 32911.3203125 3725984.33359375
1300 11949.54453125 3737933.878125
1310 2736.24609375 3740670.12421875
1320 432.178125 3741102.30234375
1330 51.0921875 3741153.39453125
1340 12830.52109375 3753983.915625
1350 20418.003125 3774401.91875
1360 22836.14296875 3797238.06171875
1370 26053.5859375 3823291.64765625
1380 31971.9234375 3855263.57109375
1390 35874.6640625 3891138.23515625
1400 41492.03046875 3932630.265625
1410 44228.24375 3976858.509375
1420 43870.90859375 4020729.41796875
1430 43052.4703125 4063781.88828125
1440 43921.7671875 4107703.65546875
1450 45253.96640625 4152957.621875
1460 45994.72578125 4198952.34765625
1470 45759.103125 4244711.45078125
1480 45125.415625 4289836.86640625
1490 42037.5140625 4331874.38046875
1500 43888.85078125 4375763.23125
1510 43560.059375 4419323.290625
1520 43794.190625 4463117.48125
1530 43947.54140625 4507065.02265625
1540 42746.6703125 4549811.69296875
1550 41302.8125 4591114.50546875
1560 39851.21171875 4630965.7171875
1570 39584.34453125 4670550.06171875
1580 38923.58984375 4709473.6515625
1590 38804.7453125 4748278.396875
1600 39500.1671875 4787778.5640625
1610 40654.23671875 4828432.80078125
1620 41587.996875 4870020.79765625
1630 44070.53515625 4914091.3328125
1640 47608.73671875 4961700.06953125
1650 54550.99609375 5016251.065625
1660 65123.38984375 5081374.45546875
1670 67420.775 5148795.23046875
1680 28526.14375 5177321.37421875
1690 7853.28046875 5185174.6546875
1700 1206.31953125 5186380.97421875
1710 140.7984375 5186521.77265625
1712 0 5186521.77265625
