20 0.5 5577.3036 2790.5607470961536 11005.254 2991.217 0 0
30 3.1 7476.277741935484 3409.2327712892593 15650.502 2355.31 5577.3036 5
40 4.7 9174.065042553184 3923.4904942014455 19897.201 2355.31 7212.531333333334 36
50 5.5 9169.497290909094 3537.1451320008623 20131.642 2355.31 8323.279337349393 83
60 4.8 10386.733937500001 5136.116215511332 23204.386 2355.31 8660.540115942027 138
70 5 12079.707519999994 4066.2890744858464 23204.386 2355.31 9106.009489247312 186
80 5 10683.907959999999 4628.722598239357 23204.386 2355.31 9736.030258474575 236
90 4.3 11066.768139534883 5055.431840417785 24698.383 2355.31 9901.743143356643 286
100 4 9566.105275 4134.159796898596 24698.383 2355.31 10054.010848024314 329
110 3.5 10243.586428571432 4167.739749643843 24698.383 2355.31 10001.121355013549 369
120 4.4 10218.966636363637 5139.969133861537 26166.693 2355.31 10022.126992574256 404
130 4.6 10234.31006521739 3579.895554780945 26166.693 2355.31 10041.459457589284 448
140 4 10552.257149999998 4313.146137408861 26166.693 2355.31 10059.417206477732 494
150 5.6 10026.166517857147 4562.778615865575 26166.693 1814.512 10096.334056179776 534
160 4.6 10411.140500000001 3800.026206004235 26166.693 1814.512 10089.674086440678 590
170 4.9 11013.164183673467 4915.087383574594 26166.693 1814.512 10112.924801886793 636
180 5.2 10762.867269230775 4516.532507238017 26166.693 1814.512 10177.321487591242 685
190 5.4 11347.807777777778 4479.273825547477 26166.693 1814.512 10218.635436906377 737
200 4.3 11762.885790697675 4972.094292741484 26166.693 1814.512 10295.721791403286 791
210 5.3 10078.90588679245 3720.3950130370736 26166.693 1814.512 10371.366937649878 834
220 5 11126.625359999996 4407.931224946558 26815.824 1814.512 10353.89181285231 887
230 1.7 12032.163058823531 5062.136516269 26815.824 1814.512 10395.126260405548 937
240 0.6 15505.274333333333 3690.907507903428 26815.824 1814.512 10424.29777568134 954
250 0.1 3433.908 0.0 26815.824 1814.512 10456.053879166664 960
260 0 0 0 26815.824 1814.512 10448.746755463057 961
270 0 0 0 26815.824 1814.512 10448.746755463057 961
280 0 0 0 26815.824 1814.512 10448.746755463057 961
290 0 0 0 26815.824 1814.512 10448.746755463057 961
300 0.1 8891.068 0.0 26815.824 1814.512 10448.746755463057 961
310 1.8 7573.9655555555555 2703.420837951391 26815.824 1814.512 10447.127546777545 962
320 6.4 9149.228281250005 3261.9719908779616 26815.824 1814.512 10394.355183673468 980
330 8.1 10250.337135802472 4739.11621178007 26815.824 1814.512 10318.025565134098 1044
340 9.1 10828.092659340662 5063.535544397112 28766.949 1814.512 10313.15199822222 1125
350 9.8 10558.275 5386.462985255813 33749.605 1814.512 10351.68785361842 1216
360 11.8 10022.75090677966 4178.124821286816 33749.605 1814.512 10367.095418569252 1314
370 12 10371.571533333332 3921.550042115124 33749.605 1814.512 10338.720661312846 1432
380 9 10512.679766666664 4595.556921548912 33749.605 1814.512 10341.260677190718 1552
390 9.1 10561.379890109883 5076.134536637137 33749.605 1814.512 10350.656364190008 1642
400 8.6 9978.589627906977 4172.458088472819 33749.605 1814.512 10361.721477207151 1733
410 11 10907.639736363635 4808.162222438269 33749.605 1814.512 10343.607492028583 1819
420 11.4 10648.4345877193 4373.818819089775 33749.605 1814.512 10375.771072576461 1929
430 9.7 10054.656072164955 3743.659378099341 33749.605 1814.512 10390.985776798823 2043
440 9.6 10244.88994791667 5026.73034196251 33749.605 1814.512 10375.740925700933 2140
450 9.2 10380.648054347826 4299.7381803396065 33749.605 1814.512 10370.122994633271 2236
460 9.2 10771.837673913045 4877.939120224285 34988.429 1814.512 10370.538933419242 2328
470 8.7 10058.345390804592 4220.769426079748 34988.429 1814.512 10385.794918595038 2420
480 9.3 10471.359731182796 4146.987156860342 34988.429 1814.512 10374.431492620659 2507
490 8.5 10351.101082352945 4974.615854811111 34988.429 1371.055 10377.898541153843 2600
500 9.5 10232.252252631573 3902.1929033242245 34988.429 1371.055 10377.050204469271 2685
510 6.7 11369.939238805971 4810.666400606436 34988.429 1371.055 10372.10207302158 2780
520 4.6 12631.562478260867 4788.504404729617 34988.429 1371.055 10395.584717948715 2847
530 1.1 12180.741909090908 5323.147162179642 34988.429 1371.055 10431.137769097819 2893
540 0.3 16474.879666666664 10082.260307010736 34988.429 1371.055 10437.765057506882 2904
550 0 0 0 34988.429 1371.055 10443.995309941516 2907
560 0 0 0 34988.429 1371.055 10443.995309941516 2907
570 0 0 0 34988.429 1371.055 10443.995309941516 2907
580 0 0 0 34988.429 1371.055 10443.995309941516 2907
590 0 0 0 34988.429 1371.055 10443.995309941516 2907
600 1.2 7511.787083333333 2661.6796169236345 34988.429 1371.055 10443.995309941516 2907
610 4 11751.1449 2768.4132650861193 34988.429 1371.055 10431.941010962653 2919
620 8.6 15485.371988372091 3360.6661555304167 34988.429 1371.055 10449.774115241631 2959
630 9.8 17394.623704081623 3361.0940324926314 34988.429 1371.055 10591.994613464693 3045
640 10.1 20624.266297029713 4910.941941710444 34988.429 1371.055 10804.103315622013 3143
650 10.2 22715.727362745103 4838.058731422109 36221.502 1371.055 11109.848217324286 3244
660 9.2 22747.036097826087 3947.1361724218877 36221.502 1371.055 11463.64369635385 3346
670 9.6 25507.917010416673 4779.623445769644 40626.772 1371.055 11765.584388888885 3438
680 8.5 28378.832176470598 4788.8553763495 42240.767 1371.055 12138.890538200336 3534
690 10.2 28145.47676470588 4217.698455095759 42240.767 1371.055 12520.32050207239 3619
700 7.8 30799.903025641015 5427.647861452189 44032.459 1371.055 12948.637067186237 3721
710 10.6 32112.557735849052 4805.345152648295 45683.399 1371.055 13315.154241379307 3799
720 8.5 32621.67162352941 4195.316922832813 45683.399 1371.055 13825.40386248399 3905
730 8.3 34771.3566506024 5257.557801559122 46732.712 1371.055 14225.825606766914 3990
740 9 36228.716522222254 5193.070634019131 52316.279 1371.055 14644.504486373675 4073
750 10.2 37882.43693137258 4654.2863545202745 52316.279 1371.055 15111.134100408355 4163
760 12.5 38912.952328 5650.3695150334925 57380.099 1371.055 15655.723288862833 4265
770 11.4 39728.95296491228 5261.797330027844 58035.54 1371.055 16317.945072437355 4390
780 10 41042.98614 5057.345420323821 58035.54 1371.055 16910.49722602131 4504
790 9.2 42561.334749999995 5296.787317260281 64597.554 1371.055 17434.66075586446 4604
800 12 42770.90172499998 5037.437201850998 64597.554 1371.055 17926.920978918224 4696
810 13.9 41722.61233093526 4947.780024983978 64597.554 1371.055 18545.95704401993 4816
820 15.3 41361.648816993446 5050.956616389233 64597.554 1371.055 19196.119523309786 4955
830 17.3 39783.3268150289 5561.291645853572 64597.554 1371.055 19860.04395203602 5108
840 18.4 37074.68734239131 6132.482247875153 64597.554 1371.055 20512.709722779775 5281
850 19.9 35337.0065778894 6181.801856097499 64597.554 1371.055 21070.331659103384 5465
860 24 33520.930199999995 6140.59070987802 64597.554 1371.055 21571.579594985873 5664
870 27.4 32475.687565693413 5785.682289565503 64597.554 1371.055 22057.325554539293 5904
880 31.6 30805.820110759472 5732.759921336721 64597.554 1371.055 22519.389522013593 6178
890 27.3 28674.217260073237 5664.381251928974 64597.554 1371.055 22922.609735448103 6494
900 10.5 27051.028885714284 5388.371186137011 64597.554 1371.055 23154.645919018767 6767
910 0.7 27449.993 3660.5375850955074 64597.554 1371.055 23214.180292054712 6872
920 0 0 0 64597.554 1371.055 23218.490611716818 6879
930 0 0 0 64597.554 1371.055 23218.490611716818 6879
940 0 0 0 64597.554 1371.055 23218.490611716818 6879
950 0 0 0 64597.554 1371.055 23218.490611716818 6879
960 0 0 0 64597.554 1371.055 23218.490611716818 6879
970 0 0 0 64597.554 1371.055 23218.490611716818 6879
980 0 0 0 64597.554 1371.055 23218.490611716818 6879
990 0.1 22730.346 0.0 64597.554 1371.055 23218.490611716818 6879
1000 0 0 0 64597.554 1371.055 23218.41966046511 6880
1010 0 0 0 64597.554 1371.055 23218.41966046511 6880
1020 0.3 33668.405666666666 621.3637865535964 64597.554 1371.055 23218.41966046511 6880
1030 0.5 43313.3634 4293.5618024035275 64597.554 1371.055 23222.974354351296 6883
1040 2 36974.50325 9732.593924067574 64597.554 1371.055 23237.557970092912 6888
1050 4.6 30158.89117391304 12226.336443540335 64597.554 1371.055 23277.329091343367 6908
1060 13.4 22735.592970149253 11158.283385998157 64597.554 1371.055 23322.84992191544 6954
1070 20.7 22121.151502415458 10273.91932701755 64597.554 1371.055 23311.7477165632 7088
1080 33.7 19387.534267062307 8488.314723124538 64597.554 1371.055 23277.963834955444 7295
1090 43.9 19773.851284738044 8234.902606492778 64597.554 1371.055 23106.177309224317 7632
1100 55.8 20417.425476702512 8003.79942009828 64597.554 1371.055 22924.92453698426 8071
1110 59.6 20805.56843959733 7827.824924858012 64597.554 1371.055 22762.77544953065 8629
1120 62.5 21388.630329600026 8310.972336942548 64597.554 1371.055 22636.32608607046 9225
1130 57.3 22306.199767888313 8436.210780860512 64597.554 1371.055 22557.157573604065 9850
1140 50.1 22813.19589021957 8585.173831202572 64597.554 1371.055 22543.36127477694 10423
1150 45.8 22626.52472052403 8694.728112816976 64597.554 1371.055 22555.73651666057 10924
1160 36.8 22862.799040760885 8321.424373269605 64597.554 1371.055 22558.584961342476 11382
1170 28.4 24948.505376760564 7747.805160269561 64597.554 1371.055 22568.112687404264 11750
1180 22.4 29122.37579464287 7805.69174388609 64597.554 1371.055 22624.28948013961 12034
1190 20 32456.20858500002 7329.683933509417 64597.554 1371.055 22743.034082395177 12258
1200 18.6 36899.73013440859 6609.626305253432 64597.554 1371.055 22898.968815138873 12458
1210 20.2 40843.68851980199 6285.869648829834 64597.554 1371.055 23104.927499525475 12644
1220 20.9 42333.708535885155 5121.225090095018 64597.554 1371.055 23383.864890627443 12846
1230 25.2 42436.01628571432 5701.256315812784 65277.025 1371.055 23687.23657364995 13055
1240 23.8 40221.24815546223 5978.070792886612 65277.025 1371.055 24042.289740211927 13307
1250 26.1 37112.570582375454 6148.548427587712 65277.025 1371.055 24326.571180066454 13545
1260 31.6 34801.57663924047 6570.194299124567 65277.025 1371.055 24568.28824829785 13806
1270 31.9 30505.394705329138 6290.857918868705 65277.025 1371.055 24797.27274989379 14122
1280 14.2 26392.307133802806 7004.055364983109 65277.025 1371.055 24923.364495879796 14441
1290 0.7 26538.02242857143 5153.480675480929 65277.025 1371.055 24937.66812713434 14583
1300 0 0 0 65277.025 1371.055 24938.43594619603 14590
1310 0 0 0 65277.025 1371.055 24938.43594619603 14590
1320 0 0 0 65277.025 1371.055 24938.43594619603 14590
1330 0 0 0 65277.025 1371.055 24938.43594619603 14590
1340 0 0 0 65277.025 1371.055 24938.43594619603 14590
1350 0 0 0 65277.025 1371.055 24938.43594619603 14590
1360 0 0 0 65277.025 1371.055 24938.43594619603 14590
1370 0 0 0 65277.025 1371.055 24938.43594619603 14590
1380 0 0 0 65277.025 1371.055 24938.43594619603 14590
1390 0.1 2496.261 0.0 65277.025 1371.055 24938.43594619603 14590
1400 4.2 8467.114952380954 4057.724381765909 65277.025 1371.055 24936.89786279214 14591
1410 25.5 10157.10537254903 4725.932613105943 65277.025 1371.055 24889.625882867498 14633
1420 68.9 12373.343294629894 5319.47801687664 65277.025 1371.055 24637.28891818915 14888
1430 108 14012.074509259264 6097.8740470656885 65277.025 1371.055 24094.831542915843 15577
1440 128.2 15396.002023400908 6953.412822922347 65277.025 1371.055 23441.089716875795 16657
1450 113.6 16298.922988556345 7168.841892891097 65277.025 1371.055 22866.152294330794 17939
1460 97.5 16200.914653333317 7348.811449567057 65277.025 1371.055 22475.044955334215 19075
1470 88.3 15918.639647791624 7356.876738516675 65277.025 1371.055 22169.943855860358 20050
1480 77.2 16172.003365284978 7344.682511446844 65277.025 1371.055 21906.25008928487 20933
1490 74.1 16128.224198380558 7358.1295146797165 65277.025 1256.838 21702.29531061968 21705
1500 74.6 16213.645577747997 7195.472238330544 65277.025 1256.838 21518.280934153085 22446
1510 70 16611.440104285724 7463.285140562781 65277.025 1256.838 21347.650631640226 23192
1520 68.7 16061.94689810775 7299.633313482808 65277.025 1256.838 21208.8867203248 23892
1530 73.3 16219.616517053219 7458.918058122401 65277.025 1256.838 21065.026202896788 24579
1540 67.9 17246.69866715757 7777.903944756825 65277.025 1256.838 20924.709937895073 25312
1550 57.5 18777.31616869567 7611.673137815738 65277.025 1256.838 20828.623998422532 25991
1560 52.3 20904.122130019136 7294.51530746841 65277.025 1256.838 20784.22506737936 26566
1570 40.6 23713.624891625615 7270.6977507079755 65277.025 1256.838 20786.539887555835 27089
1580 32.5 27843.26695384616 6464.127253555331 65277.025 1256.838 20829.76216475723 27495
1590 30.3 33515.53391419142 6501.292110841997 65277.025 1256.838 20911.695631919483 27820
1600 27.5 37997.19219272728 5928.791989838877 65277.025 1256.838 21047.4906395477 28123
1610 28.9 41802.59019031139 5565.731657174377 65277.025 1256.838 21211.627829741534 28398
1620 32.8 43862.42203658535 4723.6208269219205 65277.025 1256.838 21419.066325304146 28687
1630 29 43848.20509655176 4945.628941293269 65277.025 1256.838 21672.777187730484 29015
1640 31.3 40815.780619808305 5230.188108894056 65277.025 1256.838 21892.22349701416 29305
1650 27.6 37202.80301449273 6450.61248281027 65277.025 1256.838 22092.205716591263 29618
1660 16.4 32929.36829878044 6496.147815898117 65277.025 1256.838 22231.71614859169 29894
1670 4.3 30039.682046511633 8387.121512334455 65277.025 1256.838 22290.083802881098 30058
1680 0.1 17216.648 0.0 65277.025 1256.838 22301.154289724593 30101
1690 0 0 0 65277.025 1256.838 22300.98538047306 30102
1700 0 0 0 65277.025 1256.838 22300.98538047306 30102
1710 0 0 0 65277.025 1256.838 22300.98538047306 30102
1712 0 0 0 65277.025 1256.838 22300.98538047306 30102
