0 0.3 2521.5016666666666 1397.4952094864425 4396.899 1043.754 0 0
10 3.2 4522.072156249999 2933.4252736328895 13144.027 1027.84 2521.5016666666666 3
20 5.5 7370.322418181817 4545.607873239272 20062.439 735.509 4350.594685714285 35
30 4.7 7053.533595744681 4316.169570767895 20062.439 735.509 6195.983855555554 90
40 5 7139.88924 5175.465837200661 27010.041 735.509 6490.179751824817 137
50 4.7 6115.726085106384 4223.171204391349 27010.041 735.509 6663.89886631016 187
60 5.2 7675.5477692307695 4819.985556292506 27010.041 735.509 6553.795786324787 234
70 5.6 7759.336732142857 5175.423858450231 27010.041 640.614 6757.750692307693 286
80 4.9 7759.621000000003 6161.4663193390015 27010.041 640.614 6921.753084795322 342
90 5.8 6146.8242413793105 3927.7507587090113 27010.041 640.614 7026.754434782609 391
100 6.4 7625.007453125 5976.422135934325 28516.54 640.614 6913.088619153675 449
110 5.1 8295.707392156863 5698.3129354009525 28516.54 640.614 7001.905003898635 513
120 5.1 5812.896843137256 4356.121458080614 28516.54 640.614 7118.897773049645 564
130 5 8507.720739999997 5785.0750029312 28516.54 640.614 7010.59525691057 615
140 6.9 7346.115246376811 4816.09775434598 28516.54 640.614 7123.161082706767 665
150 5.2 7298.717788461538 6133.090959483159 32877.227 588.861 7144.119989100817 734
160 4.6 8693.697282608695 5387.821165368793 32877.227 588.861 7154.347833333333 786
170 3.8 8568.613210526315 5463.256286025271 32877.227 588.861 7239.456096153846 832
180 5.8 6631.920344827584 5330.700629887798 32877.227 588.861 7297.5112344827585 870
190 5 6305.236960000001 3908.79866934479 32877.227 588.861 7255.91180387931 928
200 4.1 8995.658585365856 6733.336606050568 37057.072 588.861 7207.308795501023 978
210 1.5 16256.027666666667 5682.667105914483 37057.072 588.861 7279.263988223749 1019
220 0.4 14557.24075 5467.567632993276 37057.072 588.861 7409.487832688588 1034
230 0.1 28079.23 0.0 37057.072 588.861 7437.03215992293 1038
240 0 0 0 37057.072 588.861 7456.899530317614 1039
250 0 0 0 37057.072 588.861 7456.899530317614 1039
260 0 0 0 37057.072 588.861 7456.899530317614 1039
270 0 0 0 37057.072 588.861 7456.899530317614 1039
280 0.1 607.472 0.0 37057.072 588.861 7456.899530317614 1039
290 1.8 3372.7826111111117 1702.471996326686 37057.072 588.861 7450.313542307694 1040
300 6.9 6279.784826086956 3479.084755837812 37057.072 588.861 7380.941560491495 1058
310 10.1 7244.855613861383 4473.941652877367 37057.072 588.861 7313.523801242237 1127
320 8.8 7264.190636363637 4535.549263198207 37057.072 588.861 7307.876010586319 1228
330 9 7219.957711111113 4639.3669114301765 37057.072 588.861 7304.954800151976 1316
340 10 7642.786599999998 5695.5654726137345 37057.072 588.861 7299.514019203415 1406
350 9.1 8346.762043956052 5437.220460751274 37057.072 588.861 7322.307683266933 1506
360 8.2 7443.909707317073 5382.330459351756 37057.072 588.861 7380.682978710082 1597
370 9.1 7033.738098901096 5303.526617108328 37057.072 588.861 7383.770883263849 1679
380 10.5 6733.830628571425 4906.618942342277 37057.072 588.861 7365.774847457628 1770
390 11.2 7941.882374999996 5154.703337360604 37057.072 588.861 7330.385971200001 1875
400 10.1 7437.128089108906 4434.394394167027 37057.072 588.861 7364.853810770006 1987
410 9.8 7455.507377551018 5238.788188145847 37057.072 588.861 7368.349836685824 2088
420 11 7731.12986363636 4810.726522893674 37057.072 588.861 7372.2571738334855 2186
430 10.6 6561.789877358492 4106.142591642393 37057.072 588.861 7389.450551829268 2296
440 11.7 7446.201854700854 5829.598281418702 37057.072 588.861 7352.925975853456 2402
450 8.6 7189.490267441861 4259.161284989016 37057.072 588.861 7357.258360857483 2519
460 8.4 7962.8233333333355 6072.9364969558865 37057.072 588.861 7351.719759692898 2605
470 10.5 6719.9099809523805 4632.783348791962 37057.072 588.861 7370.809644477501 2689
480 8.9 7854.797528089886 5000.301443226135 37057.072 588.861 7346.348490336435 2794
490 6.8 9100.964220588237 5005.600104344993 37057.072 518.816 7362.044627818245 2883
500 2.9 11057.922310344831 5391.272637868732 37057.072 518.816 7402.114615045748 2951
510 1 18740.6295 6388.045904785583 37057.072 518.816 7437.691267114095 2980
520 0.2 29577.875500000002 1789.0235000000002 37057.072 518.816 7475.493736120403 2990
530 0.1 18407.5 0.0 37057.072 518.816 7490.268055481285 2992
540 0 0 0 37057.072 518.816 7493.915643835618 2993
550 0 0 0 37057.072 518.816 7493.915643835618 2993
560 0 0 0 37057.072 518.816 7493.915643835618 2993
570 0 0 0 37057.072 518.816 7493.915643835618 2993
580 0.8 2299.0907500000003 1244.003135178902 37057.072 518.816 7493.915643835618 2993
590 8.8 5168.579056818184 3290.2436404753907 37057.072 514.61 7480.067393535489 3001
600 13.7 6870.996948905113 3677.0715844082188 37057.072 514.61 7414.217288766592 3089
610 15.5 8680.78256774193 4628.481526501064 37057.072 514.61 7391.148105083696 3226
620 10.5 11329.914390476186 5333.956477237836 37057.072 514.61 7450.270655131618 3381
630 11.5 12939.183513043477 5006.363357655169 37057.072 514.61 7567.127394148021 3486
640 10 13956.887089999998 4407.8770790377375 37057.072 514.61 7738.687086920299 3601
650 12.1 15057.468636363643 4187.7229941543455 37057.072 514.61 7906.701137260199 3701
660 13 18244.082907692293 5637.307592544573 45086.544 514.61 8133.085979591837 3822
670 12 20883.642041666662 5321.096042984971 45086.544 514.61 8465.684562753037 3952
680 11.1 22405.599837837846 4678.319554505931 45086.544 514.61 8831.636158398822 4072
690 10.7 24686.19146728972 6174.825750160912 48578.435 514.61 9191.834573033708 4183
700 11.9 26190.197697479 5411.255733085823 48578.435 514.61 9578.29056083916 4290
710 11 29621.49785454547 6683.231305916227 55607.966 514.61 10026.6500412792 4409
720 10.8 30998.249675925937 5968.637280351933 56688.156 514.61 10503.621331267977 4519
730 13 32804.16339230767 6068.727877482218 56688.156 514.61 10981.991735681866 4627
740 11.8 33826.58888135593 5752.043353720066 56688.156 514.61 11578.351272230395 4757
750 15.2 36533.21459210522 6581.798275869966 60866.951 514.61 12116.872715897432 4875
760 11.6 37305.856301724125 6528.281105043763 71172.741 514.61 12855.142850208867 5027
770 13.7 38944.71840875913 5712.784644912557 71172.741 514.61 13406.626956834525 5143
780 12.9 40847.787906976766 5304.2032702001525 71172.741 514.61 14069.263041856055 5280
790 13.6 41903.14351470588 5316.330765260657 71172.741 514.61 14707.907838972078 5409
800 14.6 41833.21865753424 5542.83693800021 71172.741 514.61 15374.914521009912 5545
810 17.6 39894.44912499998 5241.1841653523325 71172.741 514.61 16053.69020260059 5691
820 19.1 40105.07808376962 5805.739913107591 71172.741 514.61 16768.872334924145 5867
830 22.4 37375.75371428571 7814.076117574312 75519.898 514.61 17504.62923456586 6058
840 26.7 33661.776475655395 6732.125448276107 75519.898 514.61 18213.18254297994 6282
850 24.6 30972.881 7052.490011467867 75519.898 514.61 18843.015277752325 6549
860 15.1 33433.998158940376 6847.797380058467 75519.898 514.61 19282.153904341423 6795
870 4.9 38986.56220408162 8914.690977297718 75519.898 514.61 19589.80269248488 6946
880 0.4 44624.61425 6030.562898532664 75519.898 514.61 19725.677062187275 6995
890 0.1 36542.01 0.0 75519.898 514.61 19739.907059151305 6999
900 0 0 0 75519.898 514.61 19742.307359571423 7000
910 0 0 0 75519.898 514.61 19742.307359571423 7000
920 0 0 0 75519.898 514.61 19742.307359571423 7000
930 0 0 0 75519.898 514.61 19742.307359571423 7000
940 0 0 0 75519.898 514.61 19742.307359571423 7000
950 0 0 0 75519.898 514.61 19742.307359571423 7000
960 0.1 1741.492 0.0 75519.898 514.61 19742.307359571423 7000
970 1.7 8220.12094117647 2266.6830070617043 75519.898 514.61 19739.736181831162 7001
980 2.8 14261.007785714284 3560.5291706730436 75519.898 514.61 19711.831727700195 7018
990 4.8 19765.056374999996 3663.169634672312 75519.898 514.61 19690.170775333518 7046
1000 6.1 24569.189409836075 3731.4650456927275 75519.898 514.61 19690.67747237101 7094
1010 5.6 30587.103410714284 4756.554610593991 75519.898 514.61 19732.269258280914 7155
1020 5.9 35110.92966101694 4649.73812252871 75519.898 514.61 19816.566957980856 7211
1030 9 39007.34008888889 4370.787219236785 75519.898 514.61 19940.689021182938 7270
1040 15 40561.17392000004 7052.080350211835 75519.898 514.61 20173.84100434782 7360
1050 23.3 35006.964974248905 12020.443181148667 75519.898 514.61 20581.044724367504 7510
1060 41.6 25981.910906250003 14220.292329593218 75519.898 514.61 21015.14512708252 7743
1070 64.8 20995.777376543192 11282.062371259588 75519.898 514.61 21268.38382841034 8159
1080 74.1 20530.7353076923 10161.455346259836 75519.898 495.4 21248.326035653452 8807
1090 68.3 21257.379685212334 9264.887518557844 75519.898 495.4 21192.635343422702 9548
1100 59.3 22896.313060708253 9644.812148042987 75519.898 453.07 21196.957539243474 10231
1110 50.2 22336.738792828684 10192.90115322041 75519.898 286.659 21290.05785559867 10824
1120 44.2 22199.94300226245 10696.698403079596 75519.898 286.659 21336.44968241215 11326
1130 39.5 21357.333281012645 9829.768991845649 75519.898 286.659 21368.882045377293 11768
1140 40.4 20647.65741831684 9364.809181965127 75519.898 196.629 21368.506993011593 12163
1150 34.4 21663.856305232574 9754.531004132881 75519.898 196.629 21345.33334550808 12567
1160 33.6 21810.234163690504 9399.51032216018 75519.898 196.629 21353.82005437224 12911
1170 27.1 24955.82821402214 9507.610146164185 75519.898 196.629 21365.39664837322 13247
1180 24.3 28674.998098765416 7338.7657208566725 75519.898 196.629 21437.375266089657 13518
1190 17.4 34068.66762643679 7202.437058791953 75519.898 196.629 21565.181555482886 13761
1200 18.9 37556.29666137564 6549.083099788981 75519.898 196.629 21721.306892859706 13935
1210 18.7 40460.5823315508 6694.073523521656 75519.898 196.629 21933.20246537808 14124
1220 16.9 42030.417313609476 5622.371038394324 75519.898 196.629 22175.297359863045 14311
1230 14.9 39760.942040268485 6399.984892973331 75519.898 196.629 22407.03183998619 14480
1240 13.6 39379.598823529406 7116.883795869028 75519.898 196.629 22583.785727459162 14629
1250 4.2 41361.249 8201.867626098434 75519.898 196.629 22738.49148980698 14765
1260 1.3 42530.04807692308 9548.12364474599 75519.898 196.629 22791.314871682316 14807
1270 0 0 0 75519.898 196.629 22808.629549932528 14820
1280 0 0 0 75519.898 196.629 22808.629549932528 14820
1290 0 0 0 75519.898 196.629 22808.629549932528 14820
1300 0 0 0 75519.898 196.629 22808.629549932528 14820
1310 0 0 0 75519.898 196.629 22808.629549932528 14820
1320 0 0 0 75519.898 196.629 22808.629549932528 14820
1330 0 0 0 75519.898 196.629 22808.629549932528 14820
1340 0 0 0 75519.898 196.629 22808.629549932528 14820
1350 0 0 0 75519.898 196.629 22808.629549932528 14820
1360 0 0 0 75519.898 196.629 22808.629549932528 14820
1370 0.1 23969.758 0.0 75519.898 196.629 22808.629549932528 14820
1380 4.9 18471.287142857156 11534.306989618944 75519.898 196.629 22808.707893394512 14821
1390 33.8 11946.531227810658 9244.731087689159 75519.898 196.629 22794.415114862142 14870
1400 100.1 12298.314066933084 7852.123726028898 75519.898 196.629 22553.319326209894 15208
1410 149.8 13836.1318331108 7345.367614898563 75519.898 196.629 21920.013121969285 16209
1420 132.6 15224.128619909528 8238.721405853985 75519.898 84.596 21236.12233466991 17707
1430 103.7 14935.524762777257 8376.926426864235 75519.898 84.596 20817.27592759944 19033
1440 86.6 15137.828943418024 9276.852539950736 75519.898 84.596 20513.370797658205 20070
1450 83.3 14650.095193277306 8778.90553064688 75519.898 84.596 20291.016038116173 20936
1460 77.3 14094.008963777495 8629.536536050713 75519.898 84.596 20075.16381413938 21769
1470 71 13734.944491549308 7883.275205441577 75519.898 84.596 19870.060775397043 22542
1480 76.7 14066.549432855298 7515.347425679935 75519.898 84.596 19682.724952176162 23252
1490 64.4 13871.87997515528 8046.14937739588 75519.898 84.596 19503.383321662022 24019
1500 72.1 13906.585923717059 8115.717789732014 75519.898 84.596 19356.333564732602 24663
1510 74.8 14571.26073262032 8007.303304407049 75519.898 84.596 19201.54046478097 25384
1520 73.3 14194.244886766708 7924.540957759347 75519.898 84.596 19069.003757309052 26132
1530 70.4 14914.883943181816 8162.421879254921 75519.898 84.596 18935.998052782437 26865
1540 68.6 15493.518042274041 8330.730870111833 75519.898 38.463 18833.315172258703 27569
1550 56.5 17665.494996460195 8302.233580498514 75519.898 38.463 18752.22860948505 28255
1560 40 20250.25725999998 8568.142555064525 75519.898 38.463 18730.923804094382 28820
1570 33.4 25919.839305389232 8378.26888060726 79390.544 38.463 18751.722345585218 29220
1580 19 29446.593942105275 7111.854234137664 79390.544 38.463 18832.731720443935 29554
1590 16.4 34816.18351829268 7337.454184133435 79390.544 38.463 18900.531405157344 29744
1600 11.5 40181.769504347816 7036.738956972639 79390.544 38.463 18987.804607864116 29908
1610 8.3 43373.665987951834 6155.278409898302 79390.544 38.463 19068.98590097592 30023
1620 4.7 45013.349914893624 6068.0803734461815 79390.544 38.463 19135.992094001194 30106
1630 2.7 42187.178814814826 4988.794537624118 79390.544 38.463 19176.327576957516 30153
1640 1 45724.41849999999 11174.431370834342 79390.544 38.463 19196.913825579853 30180
1650 0.2 52279.039000000004 9910.758 79390.544 38.463 19205.700677078497 30190
1660 0 0 0 79390.544 38.463 19207.891544746948 30192
1670 0 0 0 79390.544 38.463 19207.891544746948 30192
1680 0 0 0 79390.544 38.463 19207.891544746948 30192
1690 0 0 0 79390.544 38.463 19207.891544746948 30192
1700 0 0 0 79390.544 38.463 19207.891544746948 30192
1710 0 0 0 79390.544 38.463 19207.891544746948 30192
1712 0 0 0 79390.544 38.463 19207.891544746948 30192
