0 113 113
10 213 213
20 243 244
30 301 301
40 353 354
50 375 382
60 371 386
70 352 386
80 368 386
90 348 386
100 330 386
110 328 386
120 359 386
130 368 386
140 372 389
150 374 389
160 364 389
170 354 389
180 372 389
190 363 400
200 255 400
210 189 400
220 137 400
230 84 400
240 34 400
250 12 400
260 4 400
270 1 400
280 84 400
290 264 400
300 401 401
310 483 489
320 585 585
330 676 679
340 725 728
350 736 749
360 751 755
370 794 803
380 787 810
390 770 810
400 775 810
410 766 810
420 761 810
430 746 810
440 717 810
450 693 810
460 724 810
470 725 810
480 636 810
490 469 810
500 349 810
510 243 810
520 153 810
530 81 810
540 25 810
550 9 810
560 4 810
570 0 810
580 347 810
590 681 810
600 949 949
610 1246 1246
620 1536 1536
630 1845 1846
640 2120 2120
650 2415 2416
660 2683 2683
670 2973 2973
680 3227 3227
690 3472 3473
700 3680 3680
710 3945 3945
720 4179 4180
730 4426 4426
740 4661 4661
750 4877 4877
760 5140 5140
770 5377 5377
780 5242 5405
790 5061 5405
800 4860 5405
810 4632 5405
820 4404 5405
830 4133 5405
840 3754 5405
850 3377 5405
860 2935 5405
870 2490 5405
880 2054 5405
890 1669 5405
900 1156 5405
910 520 5405
920 122 5405
930 23 5405
940 4 5405
950 0 5405
960 729 5405
970 1531 5405
980 2249 5405
990 2944 5405
1000 3699 5405
1010 4476 5405
1020 5202 5405
1030 5909 5909
1040 6636 6636
1050 7238 7238
1060 7728 7729
1070 8105 8107
1080 8289 8293
1090 8364 8365
1100 8396 8399
1110 8522 8528
1120 8609 8609
1130 8701 8707
1140 8703 8724
1150 8624 8724
1160 7989 8724
1170 7377 8724
1180 6885 8724
1190 6445 8724
1200 6008 8724
1210 5481 8724
1220 4947 8724
1230 4387 8724
1240 3840 8724
1250 3315 8724
1260 2736 8724
1270 2065 8724
1280 1190 8724
1290 466 8724
1300 116 8724
1310 18 8724
1320 3 8724
1330 0 8724
1340 1339 8724
1350 2822 8724
1360 4410 8724
1370 6033 8724
1380 7594 8724
1390 9090 9090
1400 10197 10199
1410 10507 10515
1420 10588 10588
1430 10906 10909
1440 11271 11276
1450 11380 11395
1460 11260 11395
1470 11042 11395
1480 10823 11395
1490 10600 11395
1500 10580 11395
1510 10550 11395
1520 10602 11395
1530 10752 11395
1540 9631 11395
1550 8530 11395
1560 7695 11395
1570 7023 11395
1580 6565 11395
1590 6142 11395
1600 5708 11395
1610 5263 11395
1620 4827 11395
1630 4331 11395
1640 3823 11395
1650 3239 11395
1660 2423 11395
1670 1118 11395
1680 324 11395
1690 54 11395
1700 5 11395
1710 0 11395
1712 0 11395
