0 11.4 114
10 12.5 239
20 8.8 327
30 10.1 428
40 10.5 533
50 10 633
60 8.6 719
70 9 809
80 10.8 917
90 9.9 1016
100 9.7 1113
110 9.6 1209
120 10.4 1313
130 10.6 1419
140 10.6 1525
150 9.9 1624
160 8.7 1711
170 9 1801
180 11.8 1919
190 8.1 2000
200 0 2000
210 0 2000
220 0 2000
230 0 2000
240 0 2000
250 0 2000
260 0 2000
270 0 2000
280 8.4 2084
290 19.4 2278
300 19.3 2471
310 18.3 2654
320 18.6 2840
330 21 3050
340 20.4 3254
350 17 3424
360 19.4 3618
370 22.1 3839
380 20.3 4042
390 20.8 4250
400 20.3 4453
410 18.8 4641
420 19.8 4839
430 19.9 5038
440 17.8 5216
450 18.2 5398
460 20.1 5599
470 19 5789
480 11.1 5900
490 0 5900
500 0 5900
510 0 5900
520 0 5900
530 0 5900
540 0 5900
550 0 5900
560 0 5900
570 0 5900
580 35.3 6253
590 38.8 6641
600 40.2 7043
610 40.3 7446
620 39.7 7843
630 41.2 8255
640 37.6 8631
650 41.7 9048
660 41.6 9464
670 43.1 9895
680 41.1 10306
690 38.9 10695
700 37 11065
710 39.8 11463
720 39.5 11858
730 39.7 12255
740 38.1 12636
750 37.3 13009
760 41.5 13424
770 40.8 13832
780 4.7 13879
790 0 13879
800 0 13879
810 0 13879
820 0 13879
830 0 13879
840 0 13879
850 0 13879
860 0 13879
870 0 13879
880 0 13879
890 0 13879
900 0 13879
910 0 13879
920 0 13879
930 0 13879
940 0 13879
950 0 13879
960 72.9 14608
970 80.3 15411
980 72 16131
990 71.3 16844
1000 77.3 17617
1010 79.7 18414
1020 75.9 19173
1030 75.3 19926
1040 81.2 20738
1050 75.8 21496
1060 75.8 22254
1070 79.4 23048
1080 82.6 23874
1090 79.5 24669
1100 75.4 25423
1110 78.9 26212
1120 75.5 26967
1130 83.7 27804
1140 75.4 28558
1150 77.5 29333
1160 7.7 29410
1170 0 29410
1180 0 29410
1190 0 29410
1200 0 29410
1210 0 29410
1220 0 29410
1230 0 29410
1240 0 29410
1250 0 29410
1260 0 29410
1270 0 29410
1280 0 29410
1290 0 29410
1300 0 29410
1310 0 29410
1320 0 29410
1330 0 29410
1340 133.9 30749
1350 148.3 32232
1360 158.8 33820
1370 162.3 35443
1380 156.9 37012
1390 160.3 38615
1400 165.5 40270
1410 150.4 41774
1420 152.8 43302
1430 153 44832
1440 154.8 46380
1450 142.1 47801
1460 141.4 49215
1470 153.2 50747
1480 156.7 52314
1490 150.8 53822
1500 157 55392
1510 159.8 56990
1520 154.8 58538
1530 157.1 60109
1540 18.5 60294
1550 0 60294
1560 0 60294
1570 0 60294
1580 0 60294
1590 0 60294
1600 0 60294
1610 0 60294
1620 0 60294
1630 0 60294
1640 0 60294
1650 0 60294
1660 0 60294
1670 0 60294
1680 0 60294
1690 0 60294
1700 0 60294
1710 0 60294
1712 0 60294
