0 77 77
10 92 15
20 92 0
30 109 17
40 112 3
50 104 -8
60 100 -4
70 108 8
80 106 -2
90 115 9
100 109 -6
110 119 10
120 103 -16
130 92 -11
140 115 23
150 91 -24
160 105 14
170 98 -7
180 111 13
190 110 -1
200 28 -82
210 1 -27
220 82 81
230 208 126
240 213 5
250 234 21
260 234 0
270 239 5
280 275 36
290 270 -5
300 244 -26
310 259 15
320 226 -33
330 214 -12
340 236 22
350 249 13
360 272 23
370 271 -1
380 269 -2
390 244 -25
400 251 7
410 275 24
420 123 -152
430 13 -110
440 1 -12
450 144 143
460 482 338
470 736 254
480 822 86
490 774 -48
500 789 15
510 814 25
520 825 11
530 828 3
540 858 30
550 842 -16
560 820 -22
570 820 0
580 787 -33
590 834 47
600 809 -25
610 794 -15
620 797 3
630 830 33
640 815 -15
650 685 -130
660 153 -532
670 17 -136
680 2 -15
