0 1.1 11
10 7.8 89
20 9.3 182
30 8.4 266
40 9.2 358
50 10.4 462
60 9.2 554
70 9 644
80 8.9 733
90 8.8 821
100 10.1 922
110 9.3 1015
120 11.5 1130
130 8.9 1219
140 7.8 1297
150 11.2 1409
160 8 1489
170 10 1589
180 8.2 1671
190 10.1 1772
200 9.1 1863
210 2.7 1890
220 0.1 1891
230 7.8 1969
240 17.6 2145
250 16.7 2312
260 19.2 2504
270 19.9 2703
280 19 2893
290 22.5 3118
300 21.5 3333
310 20 3533
320 22.1 3754
330 19.2 3946
340 18.1 4127
350 19.5 4322
360 19.5 4517
370 20.6 4723
380 21.5 4938
390 22.1 5159
400 19.4 5353
410 19.9 5552
420 21.9 5771
430 10.8 5879
440 1.1 5890
450 0.1 5891
460 3.5 5926
470 13.1 6057
480 27.8 6335
490 41.8 6753
500 35.4 7107
510 36.2 7469
520 39.2 7861
530 40.2 8263
540 40.8 8671
550 40.5 9076
560 44.2 9518
570 39.4 9912
580 40.4 10316
590 36.8 10684
600 41.1 11095
610 40.2 11497
620 39.3 11890
630 39 12280
640 38.5 12665
650 37.4 13039
660 53.4 13573
670 13.1 13704
680 1.5 13719
