0 0.1 30776.87109375 0 30776.87109375 30776.87109375 0 0
10 0.1 30744.20703125 0.0 30776.87109375 30744.20703125 30776.87109375 1
20 0.1 30727.484375 0.0 30776.87109375 30727.484375 30760.5390625 2
30 0.1 30733.453125 0.0 30776.87109375 30727.484375 30749.520833333332 3
40 0.1 30727.734375 0.0 30776.87109375 30727.484375 30745.50390625 4
50 0.1 30724.94921875 0.0 30776.87109375 30724.94921875 30741.95 5
60 0.1 30724.0546875 0.0 30776.87109375 30724.0546875 30739.116536458332 6
70 0.1 30732.23828125 0.0 30776.87109375 30724.0546875 30736.96484375 7
80 0.1 30727.140625 0.0 30776.87109375 30724.0546875 30736.3740234375 8
90 0.1 30726.0703125 0.0 30776.87109375 30724.0546875 30735.348090277777 9
100 0.1 30724.05859375 0.0 30776.87109375 30724.0546875 30734.4203125 10
110 0.1 30724.890625 0.0 30776.87109375 30724.0546875 30733.47833806818 11
120 0.1 30719.57421875 0.0 30776.87109375 30719.57421875 30732.7626953125 12
130 0.1 30716.52734375 0.0 30776.87109375 30716.52734375 30731.748197115383 13
140 0.1 30720.140625 0.0 30776.87109375 30716.52734375 30730.660993303572 14
150 0.1 30719.7265625 0.0 30776.87109375 30716.52734375 30729.959635416668 15
160 0.1 30717.984375 0.0 30776.87109375 30716.52734375 30729.320068359375 16
170 0.1 30717.7578125 0.0 30776.87109375 30716.52734375 30728.653262867647 17
180 0.1 30719.33984375 0.0 30776.87109375 30716.52734375 30728.047960069445 18
190 0.1 30718.97265625 0.0 30776.87109375 30716.52734375 30727.589638157893 19
200 0.1 30715.828125 0.0 30776.87109375 30715.828125 30727.1587890625 20
210 0.1 30729.0234375 0.0 30776.87109375 30715.828125 30726.619233630954 21
220 0.1 30735.453125 0.0 30776.87109375 30715.828125 30726.728515625 22
230 0.1 30742.82421875 0.0 30776.87109375 30715.828125 30727.107846467392 23
240 0.1 30695.0078125 0.0 30776.87109375 30695.0078125 30727.7626953125 24
250 0.1 30679.60546875 0.0 30776.87109375 30679.60546875 30726.4525 25
260 0.1 30680.984375 0.0 30776.87109375 30679.60546875 30724.65069110577 26
270 0.1 30672.70703125 0.0 30776.87109375 30672.70703125 30723.03342013889 27
280 0.1 30648.484375 0.0 30776.87109375 30648.484375 30721.23604910714 28
290 0.1 30616.92578125 0.0 30776.87109375 30616.92578125 30718.727370689656 29
300 0.1 30622.453125 0.0 30776.87109375 30616.92578125 30715.333984375 30
310 0.1 30631.33984375 0.0 30776.87109375 30616.92578125 30712.337827620966 31
320 0.1 30629.5 0.0 30776.87109375 30616.92578125 30709.806640625 32
330 0.1 30623.83984375 0.0 30776.87109375 30616.92578125 30707.373106060608 33
340 0.1 30626.640625 0.0 30776.87109375 30616.92578125 30704.916245404413 34
350 0.1 30627.9453125 0.0 30776.87109375 30616.92578125 30702.679799107143 35
360 0.1 30617.71875 0.0 30776.87109375 30616.92578125 30700.603841145832 36
370 0.1 30630.37109375 0.0 30776.87109375 30616.92578125 30698.363703547297 37
380 0.1 30630.0390625 0.0 30776.87109375 30616.92578125 30696.574424342107 38
390 0.1 30620.22265625 0.0 30776.87109375 30616.92578125 30694.868389423078 39
400 0.1 30622.26171875 0.0 30776.87109375 30616.92578125 30693.00224609375 40
410 0.1 30635.01171875 0.0 30776.87109375 30616.92578125 30691.27686737805 41
420 0.1 30628.06640625 0.0 30776.87109375 30616.92578125 30689.93722098214 42
430 0.1 30642.19921875 0.0 30776.87109375 30616.92578125 30688.49836482558 43
440 0.1 30747.49609375 0.0 30776.87109375 30616.92578125 30687.44611150568 44
450 0.1 30756.55078125 0.0 30776.87109375 30616.92578125 30688.780555555557 45
460 0.1 30731.50390625 0.0 30776.87109375 30616.92578125 30690.25382133152 46
470 0.1 30631.33203125 0.0 30776.87109375 30616.92578125 30691.131482712764 47
480 0.1 30558.08984375 0.0 30776.87109375 30558.08984375 30689.885660807293 48
490 0.1 30532.1015625 0.0 30776.87109375 30532.1015625 30687.195950255104 49
500 0.1 30521.2421875 0.0 30776.87109375 30521.2421875 30684.0940625 50
510 0.1 30508.87109375 0.0 30776.87109375 30508.87109375 30680.90088848039 51
520 0.1 30517.44140625 0.0 30776.87109375 30508.87109375 30677.592623197117 52
530 0.1 30516.55078125 0.0 30776.87109375 30508.87109375 30674.570902122643 53
540 0.1 30543.87109375 0.0 30776.87109375 30508.87109375 30671.644603587964 54
550 0.1 30535.66015625 0.0 30776.87109375 30508.87109375 30669.321448863637 55
560 0.1 30522.203125 0.0 30776.87109375 30508.87109375 30666.934640066964 56
570 0.1 30521.77734375 0.0 30776.87109375 30508.87109375 30664.395490679824 57
580 0.1 30537.97265625 0.0 30776.87109375 30508.87109375 30661.93655711207 58
590 0.1 30533.19921875 0.0 30776.87109375 30508.87109375 30659.83547404661 59
600 0.1 30535.6875 0.0 30776.87109375 30508.87109375 30657.724869791666 60
610 0.1 30518.9375 0.0 30776.87109375 30508.87109375 30655.724257172133 61
620 0.1 30522.18359375 0.0 30776.87109375 30508.87109375 30653.518019153227 62
630 0.1 30535.64453125 0.0 30776.87109375 30508.87109375 30651.433345734127 63
640 0.1 30533.7109375 0.0 30776.87109375 30508.87109375 30649.624145507813 64
650 0.1 30525.8984375 0.0 30776.87109375 30508.87109375 30647.840865384616 65
660 0.1 30525.91015625 0.0 30776.87109375 30508.87109375 30645.993252840908 66
670 0.1 30578.2265625 0.0 30776.87109375 30508.87109375 30644.200967817163 67
680 0.1 30759.6875 0.0 30776.87109375 30508.87109375 30643.230755974266 68
