0 0.1 0.0 0 0.0 0.0 0 0
10 0.1 0.078125 0.0 0.078125 0.0 0.0 1
20 0.1 0.0703125 0.0 0.078125 0.0 0.0390625 2
30 0.1 0.05859375 0.0 0.078125 0.0 0.049479166666666664 3
40 0.1 0.05078125 0.0 0.078125 0.0 0.0517578125 4
50 0.1 0.0390625 0.0 0.078125 0.0 0.0515625 5
60 0.1 0.03125 0.0 0.078125 0.0 0.049479166666666664 6
70 0.1 0.03125 0.0 0.078125 0.0 0.046875 7
80 0.1 0.01953125 0.0 0.078125 0.0 0.044921875 8
90 0.1 0.01953125 0.0 0.078125 0.0 0.04210069444444445 9
100 0.1 0.01953125 0.0 0.078125 0.0 0.03984375 10
110 0.1 0.01171875 0.0 0.078125 0.0 0.03799715909090909 11
120 0.1 0.01171875 0.0 0.078125 0.0 0.035807291666666664 12
130 0.1 0.01171875 0.0 0.078125 0.0 0.03395432692307692 13
140 0.1 0.01171875 0.0 0.078125 0.0 0.032366071428571425 14
150 0.1 0.0 0.0 0.078125 0.0 0.03098958333333333 15
160 0.1 0.0 0.0 0.078125 0.0 0.029052734374999997 16
170 0.1 0.0 0.0 0.078125 0.0 0.027343749999999997 17
180 0.1 0.0 0.0 0.078125 0.0 0.025824652777777776 18
190 0.1 0.078125 0.0 0.078125 0.0 0.02446546052631579 19
200 0.1 0.05859375 0.0 0.078125 0.0 0.0271484375 20
210 0.1 0.05078125 0.0 0.078125 0.0 0.028645833333333332 21
220 0.1 0.0390625 0.0 0.078125 0.0 0.029651988636363636 22
230 0.1 0.0390625 0.0 0.078125 0.0 0.030061141304347828 23
240 0.1 0.03125 0.0 0.078125 0.0 0.030436197916666668 24
250 0.1 0.03125 0.0 0.078125 0.0 0.03046875 25
260 0.1 0.1015625 0.0 0.1015625 0.0 0.030498798076923076 26
270 0.1 0.08984375 0.0 0.1015625 0.0 0.033130787037037035 27
280 0.1 0.0703125 0.0 0.1015625 0.0 0.03515625 28
290 0.1 0.21875 0.0 0.21875 0.0 0.03636853448275862 29
300 0.1 0.19140625 0.0 0.21875 0.0 0.04244791666666667 30
310 0.1 0.23046875 0.0 0.23046875 0.0 0.04725302419354839 31
320 0.1 0.19921875 0.0 0.23046875 0.0 0.052978515625 32
330 0.1 0.16015625 0.0 0.23046875 0.0 0.05741003787878788 33
340 0.1 0.140625 0.0 0.23046875 0.0 0.06043198529411765 34
350 0.1 0.12109375 0.0 0.23046875 0.0 0.06272321428571428 35
360 0.1 0.1015625 0.0 0.23046875 0.0 0.06434461805555555 36
370 0.1 0.23828125 0.0 0.23828125 0.0 0.06535050675675676 37
380 0.1 0.2890625 0.0 0.2890625 0.0 0.06990131578947369 38
390 0.1 0.48046875 0.0 0.48046875 0.0 0.07552083333333333 39
400 0.1 0.3984375 0.0 0.48046875 0.0 0.08564453125 40
410 0.1 0.421875 0.0 0.48046875 0.0 0.09327362804878049 41
420 0.1 0.359375 0.0 0.48046875 0.0 0.10109747023809523 42
430 0.1 0.30078125 0.0 0.48046875 0.0 0.10710392441860465 43
440 0.1 0.25 0.0 0.48046875 0.0 0.11150568181818182 44
450 0.1 0.2109375 0.0 0.48046875 0.0 0.11458333333333333 45
460 0.1 0.1796875 0.0 0.48046875 0.0 0.11667798913043478 46
470 0.1 0.1484375 0.0 0.48046875 0.0 0.1180186170212766 47
480 0.1 0.12890625 0.0 0.48046875 0.0 0.11865234375 48
490 0.1 0.1796875 0.0 0.48046875 0.0 0.11886160714285714 49
500 0.1 0.23046875 0.0 0.48046875 0.0 0.120078125 50
510 0.1 0.19921875 0.0 0.48046875 0.0 0.12224264705882353 51
520 0.1 0.23828125 0.0 0.48046875 0.0 0.12372295673076923 52
530 0.1 0.3515625 0.0 0.48046875 0.0 0.12588443396226415 53
540 0.1 0.4609375 0.0 0.48046875 0.0 0.1300636574074074 54
550 0.1 0.4609375 0.0 0.48046875 0.0 0.13607954545454545 55
560 0.1 0.4609375 0.0 0.48046875 0.0 0.14188058035714285 56
570 0.1 0.46875 0.0 0.48046875 0.0 0.1474780701754386 57
580 0.1 0.3984375 0.0 0.48046875 0.0 0.15301724137931033 58
590 0.1 0.33984375 0.0 0.48046875 0.0 0.157176906779661 59
600 0.1 0.2890625 0.0 0.48046875 0.0 0.16022135416666666 60
610 0.1 0.23828125 0.0 0.48046875 0.0 0.16233350409836064 61
620 0.1 0.3515625 0.0 0.48046875 0.0 0.16355846774193547 62
630 0.1 0.37890625 0.0 0.48046875 0.0 0.16654265873015872 63
640 0.1 0.3203125 0.0 0.48046875 0.0 0.16986083984375 64
650 0.1 0.33984375 0.0 0.48046875 0.0 0.17217548076923078 65
660 0.1 0.2890625 0.0 0.48046875 0.0 0.1747159090909091 66
670 0.1 0.25 0.0 0.48046875 0.0 0.17642257462686567 67
680 0.1 0.2109375 0.0 0.48046875 0.0 0.17750459558823528 68
