0 28.2 95.27775177304959 120.8364414447797 524.016 6.274 0 0
10 53.3 69.15800750469042 110.92161450722422 544.967 6.243 95.27775177304959 282
20 53.9 64.7066623376624 102.68932629104457 544.967 6.243 78.19575950920243 815
30 57.1 75.07110332749552 120.40394559609922 554.561 6.243 72.82602289512556 1354
40 60.5 65.84650909090918 108.22970153623945 554.561 6.148 73.4919662337662 1925
50 58 68.43357241379307 112.2049594520575 768.59 6.041 71.663704743083 2530
60 55 64.58432181818164 104.14412647593922 768.59 6.041 71.06130064308681 3110
70 54 69.21998703703699 107.85283966775278 768.59 6.041 70.08798415300544 3660
80 55.3 66.3089150090416 111.67360992146492 768.59 5.912 69.9763845238095 4200
90 54.3 67.39163904235721 103.59395216484926 768.59 5.912 69.54968335787922 4753
100 58 62.04226034482756 102.99819172724452 768.59 5.912 69.32841861782475 5296
110 60 78.10570333333338 131.00820215435107 860.081 5.912 68.60922668481959 5876
120 62.9 63.88821621621624 108.45590142743063 860.081 5.912 69.4890731933292 6476
130 53.1 58.84607721280607 99.35652857753725 860.081 5.812 68.99323377902886 7105
140 53.7 72.0877839851024 110.51995316952465 860.081 5.812 68.28761039811421 7636
150 55.3 67.01833453887878 108.95065066643036 860.081 5.812 68.53729756515357 8173
160 54.9 62.194663023679425 103.19987666591051 860.081 5.812 68.44103506761404 8726
170 58.1 67.11475387263356 106.57768809246913 860.081 5.812 68.07130371967655 9275
180 56.3 69.94104618117224 111.45092513605123 860.081 5.638 68.01491619318183 9856
190 55.9 67.20620751341676 112.90914950436708 860.081 5.638 68.11899635281699 10419
200 33.5 46.32287462686567 88.02067744316916 860.081 5.638 68.07251712515944 10978
210 3.2 18.881749999999997 5.156738649573004 860.081 5.638 67.42846778042961 11313
220 13.7 127.2820291970802 157.24878686860757 860.081 5.638 67.29153565447335 11345
230 97.7 175.0575731832141 256.6425905025823 1415.771 5.638 68.00732537885388 11482
240 110 140.6165181818183 202.8979491947137 1415.771 5.638 76.40190697487763 12459
250 101.4 134.34372189349116 208.67778773709898 1415.771 5.638 81.61144103547463 13559
260 123.1 159.6124971567831 227.43126925193215 1598.481 5.638 85.2805917106979 14573
270 117.4 165.01425298126085 268.3674431043555 1598.481 5.638 91.07042818273858 15804
280 122.9 214.80406102522417 280.0811403510107 2050.915 5.638 96.18351867122162 16978
290 136.4 268.5110960410549 373.251797457018 2809.686 5.638 104.190584445543 18207
300 124.4 179.65337861736336 284.1986040312268 2809.686 5.55 115.64289540646877 19571
310 120.2 196.6017811980035 273.11844816077803 2809.686 5.55 119.46845587316838 20815
320 124.2 165.27089533011278 230.88301042822812 2809.686 5.55 123.67948630603624 22017
330 109.3 146.46691582799636 271.1706506711328 2809.686 5.55 125.90041282944237 23259
340 114.6 141.1430183246075 241.73296781304393 2809.686 5.55 126.82350693988174 24352
350 122.1 169.31249385749385 238.64361280695763 2809.686 5.55 127.46709310534162 25498
360 119 277.73905042016816 503.1706729295811 3923.653 5.55 129.37933661439428 26719
370 130 215.25597692307684 274.90658669746665 3923.653 5.55 135.70518345336632 27909
380 126.4 154.87534335443073 215.06211071576826 3923.653 5.55 139.2457371015783 29209
390 128.5 172.36585680933837 245.7174235324311 3923.653 5.55 139.8940428904276 30473
400 119.4 170.69511474036855 243.452887816253 3923.653 5.55 141.20792540462247 31758
410 120.6 177.93296849087884 245.81715983512757 3923.653 5.55 142.27637964311728 32952
420 100.3 135.30208175473578 250.16272219594552 3923.653 5.55 143.5352895954096 34158
430 17.2 25.02466860465116 47.23690887936451 3923.653 5.55 143.3004297374933 35161
440 1.2 20.3775 0.337424189016338 3923.653 5.55 142.72466682704555 35333
450 22.1 230.54419909502266 265.0703678730585 3923.653 5.55 142.6831286744943 35345
460 103.7 1158.0086393442637 838.8995689593971 4108.756 5.55 143.2290797671934 35566
470 158.1 1983.3723738140452 1530.7272828695436 5810.024 0.297 171.97881075321703 36603
480 243.2 1654.8124473684209 1676.8101899798992 6980.452 0.297 246.97915705531136 38184
490 222 1694.0027639639613 1413.9369836941144 6980.452 0.297 331.2772307711249 40616
500 196.6 1813.6695050864685 1450.1560010277904 6980.452 0.297 401.9012545755907 42836
510 229.3 1691.808896205842 1504.937035842948 6980.452 0.296 463.8524259631267 44802
520 237.2 1563.731752529509 1525.5383594755226 6980.452 0.296 523.6401780868456 47095
530 246 1567.7570264227618 1616.131012912372 6980.452 0.296 573.513774920654 49467
540 248.9 1501.034507432702 1557.0663001384396 6980.452 0.296 620.6152519691102 51927
550 254.3 1510.336807314189 1535.5797344440462 6980.452 0.296 660.885825455748 54416
560 252.5 1538.5481025742613 1544.4919826852588 6980.452 0.296 698.8105405467084 56959
570 234.2 1587.7578761742113 1476.9818490960567 6980.452 0.296 734.4560476430631 59484
580 234.8 1604.760810902897 1480.8166528192976 6980.452 0.296 766.7795504156823 61826
590 229.7 1701.2981719634265 1616.3101684253704 6980.452 0.296 797.4396308162179 64174
600 244.6 1547.8796414554406 1485.7984705732406 6980.452 0.296 828.6737489882801 66471
610 232.3 1634.3941708997022 1463.7824991192565 6980.452 0.296 854.1997819405948 68917
620 233.9 1618.8600500213781 1489.2060085317585 6980.452 0.296 879.6404271617066 71240
630 243.2 1564.833877055922 1554.2703707274925 6980.452 0.296 903.1394513108357 73579
640 239 1557.7787594142276 1599.518595510599 6980.452 0.296 924.310608688216 76011
650 217.2 1801.0980165745857 1526.0427291491008 6980.452 0.296 943.6214450325887 78401
660 156.8 879.4603099489801 1133.1248322585395 6980.452 0.296 966.7363732764076 80573
670 16.2 19.133259259259248 5.442410742113375 6980.452 0.296 965.0703493992037 82141
680 1.5 23.0352 4.184346276301712 6980.452 0.296 963.2084268860186 82303
