0 45.3 59.29617660044158 89.55459077603861 369.012 2.353 0 0
10 85.9 42.89462747380671 78.79024613676468 369.012 2.353 59.29617660044158 453
20 91.8 38.24107843137253 72.71925273767518 369.012 2.319 48.55766234756098 1312
30 94.2 45.226912951167705 84.12994076705394 518.503 2.319 44.31074573991031 2230
40 98 40.633681632653094 76.51049965528051 518.503 2.316 44.58282313997477 3172
50 99.4 40.15985412474843 78.17045499162344 525.518 2.115 43.65070399807322 4152
60 90.4 39.00489159292032 75.09211481209489 525.518 2.115 42.97641235911386 5146
70 91.1 41.03322722283201 76.84361296161494 525.518 2.115 42.3829818181818 6050
80 90.9 40.571237623762286 77.25791074632701 525.518 2.115 42.20633673322796 6961
90 90.3 40.23899003322263 75.34648605025056 525.518 2.115 42.01747966963148 7870
100 97.3 36.96586228160326 71.67401540694175 525.518 2.115 41.8344207226718 8773
110 100.3 46.94902093718837 94.965899806522 835.173 2.115 41.34836414939459 9746
120 105.3 37.915405508072155 73.65659129040779 835.173 2.115 41.87096706670384 10749
130 86.9 36.49964556962026 71.5095660642086 835.173 2.115 41.518043297746104 11802
140 89.5 42.69530279329613 78.02945761211775 835.173 2.115 41.173872543603466 12671
150 95.5 39.30327643979062 75.76311062265006 835.173 2.115 41.27424701459528 13566
160 89.2 37.71305941704039 72.28833812855108 835.173 2.115 41.14462254665654 14521
170 96.8 40.52212293388429 76.7039523207261 835.173 2.115 40.946026925322755 15413
180 92 42.527559782608726 78.26172072015174 835.173 2.115 40.92097722971734 16381
190 94.9 39.557722866174906 76.86150572225763 835.173 2.115 41.006409051499894 17301
200 57.1 27.15772154115585 62.16457676078194 835.173 2.115 40.931077369863 18250
210 8.6 6.988290697674418 3.0056196740102017 835.173 2.115 40.51321507890121 18821
220 25.2 73.3185277777778 103.94608194561484 835.173 2.115 40.36072428201194 18907
230 153.1 111.3822697583278 180.82411344241012 1153.786 2.115 40.79422114932928 19159
240 182.7 84.63258894362335 150.60365534460374 1299.444 2.115 46.0175320444659 20690
250 167.7 81.29537745974942 148.66978967022578 1299.444 2.115 49.150707376648725 22517
260 201.7 97.17949082796211 162.23203816386038 1333.966 2.115 51.37880573695954 24194
270 198.1 99.23901362948008 201.34092205699136 1520.137 2.115 54.90327950097283 26211
280 204.6 130.42637732160298 203.56656016443165 1520.137 2.115 58.01867001276954 28192
290 226.1 159.97730384785473 262.9524297753643 1800.054 2.115 62.918007573252154 30238
300 206.2 107.73418089233772 189.8938860639725 1800.054 1.982 69.67055592479763 32499
310 202.7 117.32567094227922 189.82879388369332 1800.054 1.982 71.9415317265125 34561
320 206.3 98.85735724672804 159.9387403431647 1800.054 1.982 74.45584380124626 36588
330 184.3 87.74808084644599 192.9324353324677 1936.164 1.982 75.75827639647095 38651
340 188.4 84.81818152866255 171.1201232366723 2126.713 1.982 76.30396735318809 40494
350 206 100.43309417475731 167.7024992110346 2126.713 1.982 76.68248402472979 42378
360 198.4 170.7482217741934 353.28734672569584 2955.38 1.982 77.78348445024525 44438
370 214.1 126.74508921064852 181.24543594668765 2955.38 1.982 81.75664456507685 46422
380 211 93.0926379146919 151.32075782388856 2955.38 1.982 83.74005292094797 48563
390 213.8 103.12489429373231 172.11803439640423 2955.38 1.982 84.12949018214822 50673
400 198.7 102.5270956215402 172.52779492818544 2955.38 1.982 84.89849993372586 52811
410 201.8 107.08551189296342 171.36519116978286 2955.38 1.982 85.5377207014854 54798
420 165.7 80.94480748340385 178.90489880978942 2955.38 1.982 86.30305868065328 56816
430 39.8 10.781610552763818 28.819503580731364 2955.38 1.982 86.1512172797701 58473
440 3.6 6.755111111111112 2.7682501369976764 2955.38 1.982 85.64167771908065 58871
450 41.8 131.5209593301435 173.06873317008026 2955.38 1.982 85.59346755054572 58907
460 171.6 760.2507715617701 536.972540143058 2955.38 1.982 85.91706959966282 59325
470 261.6 1259.8617018348668 958.669692473537 3527.666 0.283 104.87410884487467 61041
480 380.1 1051.5617266508852 1056.1302778539614 4193.377 0.281 152.33860675181057 63657
490 378.5 992.253309643328 818.9010716013187 4193.377 0.281 203.006386388568 67458
500 328 1085.051141463409 873.0593243393712 4193.377 0.279 244.93751793158646 71243
510 379.6 1013.513708113807 922.904952287705 4193.377 0.279 281.9136553010479 74523
520 396.2 951.0797152953054 961.1712084488746 4193.377 0.279 317.3731708780756 78319
530 407.9 934.7876920813941 987.4217918671349 4193.377 0.279 347.8874491316343 82281
540 418.5 894.7390597371578 972.4974344220259 4193.377 0.279 375.60822369152396 86360
550 417 923.257897362109 967.0104716204943 4193.377 0.275 399.602508840908 90545
560 422.6 912.0992158069099 942.5237721273958 4193.377 0.275 422.65738895634286 94715
570 392 970.1521938775518 907.7807519578434 4193.377 0.275 443.56258660211654 98941
580 395.8 938.4455747852467 878.9987436026604 4193.377 0.275 463.63074907885414 102861
590 379.9 1022.1872363779934 1014.1135989453646 4381.467 0.275 481.22422102809446 106819
600 405.5 928.3949691738596 920.5182347162792 4381.467 0.275 499.8027389484534 110618
610 393 968.813415776082 889.8558283202326 4381.467 0.275 514.9583683779096 114673
620 387.6 984.6472765737884 933.8128240693444 4381.467 0.275 529.9971982243284 118603
630 406.1 935.77549224329 953.6848727949648 4381.467 0.275 544.3851643547059 122479
640 395.9 954.9750919424101 1035.468467591348 4381.467 0.275 556.945905002371 126540
650 358.4 1072.478242745535 913.0829942206091 4381.467 0.275 569.0210745522955 130499
660 263.3 443.9762772502849 619.1292618982743 4381.467 0.275 582.4783397597013 134083
670 43.3 7.093872979214782 3.24284856531784 4381.467 0.275 579.8109421574653 136716
680 4.6 7.710130434782608 4.0498431403262565 4381.467 0.275 578.0027883178151 137149
