0 1 5134.4522 2045.909793101827 8365.395 2272.088 0 0
10 7.3 8143.848287671232 2917.9261815195096 14438.468 1398.056 5134.4522 10
20 9.6 9979.689614583333 5058.236903315539 21546.033 1398.056 7781.270445783131 83
30 8.4 9998.491107142856 4732.968793872974 29665.572 1398.056 8960.310893854748 179
40 9.1 10923.218208791204 4779.547468159802 29665.572 1398.056 9291.896969581749 263
50 10.8 10870.189583333336 5204.78174780342 29665.572 1398.056 9711.247909604519 354
60 9.1 11168.94074725275 5441.691118612454 29665.572 1398.056 9982.16933982684 462
70 8.9 12004.51894382022 5708.479397959725 34998.847 1398.056 10177.460837251358 553
80 8.9 11598.91892134831 6633.5533860043615 42931.222 1398.056 10430.744593457945 642
90 8.6 12799.287325581397 6336.783234130787 42931.222 1398.056 10572.971016415868 731
100 10.2 11658.166980392156 5484.756139908886 42931.222 1398.056 10807.320101591187 817
110 9.5 11361.054557894731 5720.366075486109 42931.222 1398.056 10901.75577257889 919
120 11.5 10883.315234782602 5618.998587529544 44507.088 1398.056 10944.786723865878 1014
130 8.8 11327.074897727272 5427.705658833855 44507.088 1398.056 10938.52523472099 1129
140 8 11853.018800000003 6191.5328650358415 44507.088 1398.056 10966.620855382085 1217
150 11.1 12302.302531531528 7329.7404211593375 54762.828 1398.056 11021.294591364687 1297
160 8.1 10384.325345679012 5168.694176280854 54762.828 1398.056 11122.28314346591 1408
170 9.9 10955.275171717178 5611.7746313320695 54762.828 1398.056 11082.1390322364 1489
180 8.1 11493.563000000004 5137.03195837702 54762.828 1398.056 11074.230013224182 1588
190 10.2 11541.021499999997 5613.112753227086 54762.828 1065.023 11094.581104853205 1669
200 9.2 11098.400782608687 4953.756654043406 54762.828 1065.023 11120.29365160926 1771
210 2.7 16162.346074074076 3338.989935717408 54762.828 1065.023 11119.212522275899 1863
220 0.1 26261.535 0.0 54762.828 1065.023 11191.257287301587 1890
230 7.7 7321.483324675323 2397.2999238031275 54762.828 1065.023 11199.226762559492 1891
240 17.7 10357.308514124294 4020.825791862877 54762.828 1065.023 11047.506109756096 1968
250 15.8 11970.514651898731 5071.688986266427 54762.828 1065.023 10990.55274172494 2145
260 19 11327.569110526316 5535.368880523867 54762.828 1065.023 11057.784171081195 2303
270 20.4 12246.992558823533 6730.176693631506 54762.828 1065.023 11078.345397914156 2493
280 18.9 12202.9738941799 5929.013975921623 54762.828 1065.023 11166.7414011865 2697
290 22.8 12256.305149122816 6118.4496167532325 54762.828 1065.023 11234.602780665278 2886
300 21.4 12079.68324766355 5900.510476033457 54762.828 1065.023 11309.409505138085 3114
310 19.9 12550.261572864329 6871.449280294389 54762.828 1065.023 11358.94032872596 3328
320 21.8 12401.503701834858 6287.242707526462 54762.828 1065.023 11426.156922880633 3527
330 19.4 11872.658355670104 6057.337193188228 54762.828 1065.023 11482.93278344459 3745
340 17.6 12410.971960227273 6268.109021986626 54762.828 1065.023 11502.12718837268 3939
350 20.5 11500.430029268295 5708.933902021607 54762.828 1065.023 11540.99879951397 4115
360 18.4 11594.573059782611 5387.2889496978105 54762.828 1065.023 11539.07366111111 4320
370 21.3 12634.576089201882 6018.300549530348 54762.828 1065.023 11541.340954484902 4504
380 21.3 12738.325525821598 6268.89805821532 54762.828 1065.023 11590.706882764469 4717
390 22.4 12610.808879464284 5985.043009290427 54762.828 1065.023 11640.289594929005 4930
400 19.6 12906.319122448991 6874.865293424978 54762.828 1065.023 11682.4697112922 5154
410 19.6 11849.55232142858 5725.811671302804 54762.828 1065.023 11727.306063551401 5350
420 22.2 11879.846355855861 5727.876165844267 54762.828 1065.023 11731.626342408943 5546
430 11 16463.565136363635 5704.9575776939055 54762.828 1065.023 11737.33106553398 5768
440 1.2 23622.70525 5728.9627874209655 54762.828 1065.023 11825.777092718612 5878
450 0.1 43248.161 0.0 54762.828 1065.023 11849.811581324278 5890
460 3.5 9505.174371428568 2760.6550498091797 54762.828 1065.023 11855.141465795281 5891
470 13 16005.138946153847 2876.4037424804073 54762.828 1065.023 11841.262146135674 5926
480 27.9 19257.41814336918 4741.289736383206 54762.828 1065.023 11930.645234643327 6056
490 41.8 20907.595842105242 5901.937185372732 54762.828 1065.023 12253.323946803472 6335
500 33.6 21722.32311309523 6630.473177976654 54762.828 1065.023 12789.009664593512 6753
510 36.2 21363.59415193369 6995.877898470616 54969.074 1065.023 13212.42528297362 7089
520 38.3 21071.926143603116 6551.796533364305 54969.074 1065.023 13608.442345188561 7451
530 41.1 20618.59469586375 7381.022420513004 54969.074 1065.023 13973.32800957365 7834
540 41.9 20379.258257756566 6676.53022027671 54969.074 1065.023 14304.583874711943 8245
550 39.6 19741.591244949523 6718.133803860849 54969.074 1065.023 14598.361410087717 8664
560 44.6 20186.050105381153 6889.419679350922 54969.074 1065.023 14823.164833333332 9060
570 38.4 20272.911270833316 6627.6135462981 54969.074 1065.023 15074.779269619186 9506
580 42 20315.016709523814 6801.467390619046 54969.074 1065.023 15276.607650657228 9890
590 36.3 21036.495724517903 7014.4507122707455 60805.385 1065.023 15481.858068186228 10310
600 40.5 20883.486150617307 7150.421607437767 60805.385 1065.023 15670.777160217369 10673
610 40.9 20762.035322738408 6801.715812651965 60805.385 1065.023 15861.348304928686 11078
620 39 20282.495215384617 7061.400345805376 60805.385 1065.023 16035.839555062243 11487
630 39 20494.049220512818 6328.1962551064735 60805.385 1065.023 16175.285181695714 11877
640 39.1 20337.738473145757 6434.858949353164 60805.385 1065.023 16312.589981168989 12267
650 37.7 20452.143965517214 5915.042930495371 60805.385 1065.023 16436.925030968556 12658
660 53.2 19495.10505451127 6381.188589307418 60805.385 1065.023 16553.053725891827 13035
670 13.6 23739.18997058825 6397.655754423702 60805.385 1065.023 16668.419783739955 13567
680 1.5 32340.98173333333 4998.561968667354 60805.385 1065.023 16738.59600394074 13703
