0 9.1 91
10 9 181
20 9.4 275
30 10.1 376
40 9.2 468
50 10.5 573
60 8.2 655
70 9.7 752
80 8.8 840
90 9.8 938
100 9 1028
110 10.6 1134
120 10 1234
130 7.7 1311
140 10.3 1414
150 8.5 1499
160 9.8 1597
170 9.5 1692
180 9 1782
190 9.9 1881
200 1 1891
210 0 1891
220 8.2 1973
230 20.3 2176
240 18.2 2358
250 19.2 2550
260 18.9 2739
270 21 2949
280 21.8 3167
290 22.5 3392
300 18.7 3579
310 21.2 3791
320 18.6 3977
330 18 4157
340 20 4357
350 21.4 4571
360 20.9 4780
370 21.5 4995
380 20.6 5201
390 19.8 5399
400 20.4 5603
410 22.1 5824
420 6.7 5891
430 0 5891
440 0 5891
450 14.6 6037
460 37.7 6414
470 37.9 6793
480 36.6 7159
490 36.8 7527
500 36.9 7896
510 38.1 8277
520 40.1 8678
530 41.6 9094
540 43.9 9533
550 38.4 9917
560 42.6 10343
570 38 10723
580 38.2 11105
590 41.4 11519
600 38.1 11900
610 39.5 12295
620 38.6 12681
630 42.6 13107
640 37.5 13482
650 23.8 13720
660 0 13720
670 0 13720
680 0 13720
