0 0.9 9
10 7.5 84
20 13.8 222
30 21.9 441
40 49.4 935
50 104.9 1984
60 131.4 3298
70 119.8 4496
80 133.3 5829
90 140.1 7230
100 146.1 8691
110 111.7 9808
120 54.7 10355
130 40.2 10757
140 34.7 11104
150 32.5 11429
160 28.8 11717
170 29 12007
180 29.9 12306
190 29.1 12597
200 35.7 12954
210 32.9 13283
220 32.9 13612
230 37.8 13990
240 28.3 14273
250 22.6 14499
260 20.9 14708
270 20.5 14913
280 20.5 15118
290 19.3 15311
300 18.7 15498
310 20.4 15702
320 17.4 15876
330 22 16096
340 16.2 16258
350 14.8 16406
360 11.8 16524
370 9.1 16615
380 4.4 16659
390 2.2 16681
400 2.5 16706
410 1.1 16717
420 0.8 16725
430 0 16725
440 0.2 16727
450 4.9 16776
460 46.4 17240
470 93.5 18175
480 119 19365
490 61.5 19980
500 37.6 20356
510 32.1 20677
520 31.2 20989
530 31.2 21301
540 33.8 21639
550 43.9 22078
560 49.5 22573
570 48.2 23055
580 49.4 23549
590 48.4 24033
600 53.6 24569
610 62.5 25194
620 60.1 25795
630 57 26365
640 59.2 26957
650 58.1 27538
660 50.1 28039
670 44 28479
680 38.2 28861
690 35.3 29214
700 31.9 29533
710 35 29883
720 33.7 30220
730 34 30560
740 29.2 30852
750 26.6 31118
760 24.8 31366
770 28.5 31651
780 25.3 31904
790 30.9 32213
800 29 32503
810 22.8 32731
820 9.3 32824
830 1.8 32842
840 6.9 32911
850 89.8 33809
860 163.1 35440
870 180.9 37249
880 189.7 39146
890 177.3 40919
900 180.3 42722
910 180.5 44527
920 195.4 46481
930 204.1 48522
940 209.8 50620
950 209.7 52717
960 206.6 54783
970 209.4 56877
