10 0.8 8
20 0.5 13
30 0.1 14
40 0 14
50 0 14
60 0 14
70 0 14
80 0 14
90 0 14
100 0 14
110 0 14
120 0 14
130 1.5 29
140 3.6 65
150 10.6 171
160 15.8 329
170 22.9 558
180 29.2 850
190 33.4 1184
200 28.3 1467
210 24.3 1710
220 20.7 1917
230 16.6 2083
240 15.6 2239
250 11.8 2357
260 10.9 2466
270 7.8 2544
280 7.2 2616
290 6.5 2681
300 4.8 2729
310 4.4 2773
320 3.3 2806
330 2.2 2828
340 1.8 2846
350 1.5 2861
360 0.7 2868
370 0.7 2875
380 0.4 2879
390 0.2 2881
400 0 2881
410 0 2881
420 0 2881
430 0 2881
440 0 2881
450 0 2881
460 0 2881
470 0 2881
480 0 2881
490 0 2881
500 5.3 2934
510 28.2 3216
520 49.1 3707
530 44.8 4155
540 38.7 4542
550 28 4822
560 27.6 5098
570 24.9 5347
580 22.7 5574
590 23.1 5805
600 18.6 5991
610 13 6121
620 12.8 6249
630 12.6 6375
640 13.3 6508
650 11.1 6619
660 13.2 6751
670 10.9 6860
680 9 6950
690 8 7030
700 6 7090
710 4.3 7133
720 5.2 7185
730 4.9 7234
740 4.4 7278
750 6.1 7339
760 3.7 7376
770 2.3 7399
780 1.4 7413
790 0.5 7418
800 0 7418
810 0 7418
820 0 7418
830 0 7418
840 0 7418
850 0 7418
860 0 7418
870 0 7418
880 0 7418
890 0 7418
900 0.4 7422
910 2.4 7446
920 4.8 7494
930 14 7634
940 21.6 7850
950 22 8070
960 39 8460
970 49.8 8958
