180 30.8 308
190 125.2 1560
200 214 3700
210 263.6 6336
220 258.1 8917
230 234.8 11265
240 203.1 13296
250 159.2 14888
260 137.8 16266
270 139.7 17663
280 119.9 18862
290 101.5 19877
300 86.8 20745
310 52.5 21270
320 26.9 21539
330 7.3 21612
340 0.4 21616
350 0.1 21617
360 0 21617
370 0 21617
380 0 21617
390 0 21617
400 0 21617
410 0 21617
420 0 21617
430 0 21617
440 0 21617
450 0 21617
460 0 21617
470 0 21617
480 0 21617
490 0 21617
500 0 21617
510 0 21617
520 118.8 22805
530 387.6 26681
540 597.5 32656
550 805.6 40712
560 824.7 48959
570 782.8 56787
580 826.2 65049
590 855.6 73605
600 847.6 82081
610 808.8 90169
620 778 97949
630 734.1 105290
640 720.6 112496
650 642.3 118919
660 512.7 124046
670 437.4 128420
680 350.2 131922
690 258.6 134508
700 150.1 136009
710 85.2 136861
720 45.8 137319
730 7.8 137397
740 0.1 137398
750 0 137398
760 0 137398
770 0 137398
780 0 137398
790 0 137398
800 0 137398
810 0 137398
820 0 137398
830 0 137398
840 0 137398
850 0 137398
860 0 137398
870 0 137398
880 0 137398
890 0 137398
900 0 137398
910 0 137398
920 0 137398
930 0 137398
940 0 137398
950 0 137398
960 0 137398
970 0 137398
