0 7.8 1.8782435897435907 0.9625233954652129 7.42 0.93 0 0
10 10 1.8041099999999997 0.5843384788801779 7.42 0.93 1.8782435897435907 78
20 9.2 1.953717391304348 1.5250481127555553 14.696 0.93 1.8365955056179777 178
30 10.4 1.8001923076923074 0.8857491622363338 14.696 0.815 1.876503703703704 270
40 10.4 1.9247115384615383 2.9187367679590595 31.061 0.695 1.855283422459893 374
50 10.7 1.4221682242990654 0.9619617561518314 31.061 0.515 1.870389121338912 478
60 10 1.2687800000000005 0.5194564000953302 31.061 0.515 1.7884068376068374 585
70 8.7 1.3607471264367825 0.46508519101938284 31.061 0.515 1.712548905109489 685
80 9.4 1.3185851063829785 0.876811758462545 31.061 0.515 1.6729028497409326 772
90 10.6 1.283896226415094 0.6805518145225321 31.061 0.515 1.6344434180138567 866
100 10.6 10.787056603773586 97.33313857512039 1008.139 0.515 1.5962150205761314 972
110 10.3 1.3094271844660195 0.49502326319645323 1008.139 0.515 2.4999526901669755 1078
120 10 1.4441700000000006 0.5917532096237417 1008.139 0.471 2.3961219305673156 1181
130 10.7 1.4551962616822427 0.5230776007770005 1008.139 0.471 2.321808743169399 1281
140 11.8 1.4517796610169496 0.48288622261678316 1008.139 0.471 2.255002161383285 1388
150 9 1.4360111111111113 0.5558104092113194 1008.139 0.471 2.192067065073041 1506
160 9.5 1.4927473684210524 0.4169104654206768 1008.139 0.471 2.1494323308270675 1596
170 7.8 1.4639358974358971 0.43458312886128153 1008.139 0.471 2.112539917208752 1691
180 12.3 1.5862439024390247 0.6276651059498587 1008.139 0.471 2.0839412097230072 1769
190 10 1.7052800000000008 2.789842856076307 1008.139 0.471 2.0515856236786467 1892
200 0.7 1.1995714285714285 0.40256103606174065 1008.139 0.471 2.034200803212851 1992
210 0 0 0 1008.139 0.471 2.0312781390695345 1999
220 0 0 0 1008.139 0.471 2.0312781390695345 1999
230 0 0 0 1008.139 0.471 2.0312781390695345 1999
240 0 0 0 1008.139 0.471 2.0312781390695345 1999
250 0 0 0 1008.139 0.471 2.0312781390695345 1999
260 0 0 0 1008.139 0.471 2.0312781390695345 1999
270 0 0 0 1008.139 0.471 2.0312781390695345 1999
280 0 0 0 1008.139 0.471 2.0312781390695345 1999
290 0 0 0 1008.139 0.471 2.0312781390695345 1999
300 0 0 0 1008.139 0.471 2.0312781390695345 1999
310 0 0 0 1008.139 0.471 2.0312781390695345 1999
320 0 0 0 1008.139 0.471 2.0312781390695345 1999
330 0 0 0 1008.139 0.471 2.0312781390695345 1999
340 0 0 0 1008.139 0.471 2.0312781390695345 1999
350 0 0 0 1008.139 0.471 2.0312781390695345 1999
360 0 0 0 1008.139 0.471 2.0312781390695345 1999
370 0 0 0 1008.139 0.471 2.0312781390695345 1999
380 0 0 0 1008.139 0.471 2.0312781390695345 1999
390 0 0 0 1008.139 0.471 2.0312781390695345 1999
400 0 0 0 1008.139 0.471 2.0312781390695345 1999
410 0 0 0 1008.139 0.471 2.0312781390695345 1999
420 0 0 0 1008.139 0.471 2.0312781390695345 1999
430 0 0 0 1008.139 0.471 2.0312781390695345 1999
440 0 0 0 1008.139 0.471 2.0312781390695345 1999
450 7.9 1.4212151898734182 0.7152227708351898 1008.139 0.471 2.0312781390695345 1999
460 19.4 1.3207577319587622 0.6637114545602205 1008.139 0.471 2.008085178055823 2078
470 21.3 1.3028122065727699 0.786531735727427 1008.139 0.471 1.949396126760563 2272
480 22.2 1.3027252252252257 0.5543413681358726 1008.139 0.471 1.8939746478873236 2485
490 20.8 1.3623317307692309 0.4372648055206413 1008.139 0.47 1.8454865164388619 2707
500 19.9 1.5638994974874367 0.9061419458783206 1008.139 0.47 1.8110109777015433 2915
510 20.4 1.4365539215686258 0.5882368320854079 1008.139 0.47 1.7952193320488112 3114
520 20.7 1.37548309178744 0.6552647497204389 1008.139 0.47 1.7731675708257981 3318
530 19.7 1.2840507614213206 0.5829708854315468 1008.139 0.47 1.7498141843971626 3525
540 18.9 1.2850105820105822 0.6985717249606344 1008.139 0.47 1.7251620096722189 3722
550 20 1.22712 0.5582853173781306 1008.139 0.47 1.7038915878291996 3911
560 22.5 5.730351111111107 67.81715590993383 1020.701 0.47 1.6806966674774992 4111
570 19.8 1.296828282828283 0.8147411504461921 1020.701 0.47 1.8908378690036898 4336
580 19.6 1.2225459183673477 0.4714358039852917 1020.701 0.467 1.8648974415527129 4534
590 18.3 1.293770491803279 0.8797595932193674 1020.701 0.467 1.838279915433404 4730
600 19.6 1.2130663265306116 0.4978791045461223 1020.701 0.467 1.8179979645837574 4913
610 19.4 1.1987371134020621 0.4649030139006798 1020.701 0.467 1.7947905656684284 5109
620 20.9 1.232827751196171 0.5025369219173434 1020.701 0.467 1.772985102772016 5303
630 20.8 1.255668269230769 0.661072511844378 1020.701 0.467 1.7525038098693762 5512
640 22.4 5.794022321428566 68.5052238149218 1028.769 0.467 1.7344370629370631 5720
650 5.5 1.1848545454545447 0.48185910495163764 1028.769 0.467 1.8874227792732168 5944
660 0 0 0 1028.769 0.467 1.8809814969161527 5999
670 0 0 0 1028.769 0.467 1.8809814969161527 5999
680 0 0 0 1028.769 0.467 1.8809814969161527 5999
690 0 0 0 1028.769 0.467 1.8809814969161527 5999
700 0 0 0 1028.769 0.467 1.8809814969161527 5999
710 0 0 0 1028.769 0.467 1.8809814969161527 5999
720 0 0 0 1028.769 0.467 1.8809814969161527 5999
730 0 0 0 1028.769 0.467 1.8809814969161527 5999
740 0 0 0 1028.769 0.467 1.8809814969161527 5999
750 0 0 0 1028.769 0.467 1.8809814969161527 5999
760 0 0 0 1028.769 0.467 1.8809814969161527 5999
770 0 0 0 1028.769 0.467 1.8809814969161527 5999
780 0 0 0 1028.769 0.467 1.8809814969161527 5999
790 0 0 0 1028.769 0.467 1.8809814969161527 5999
800 0 0 0 1028.769 0.467 1.8809814969161527 5999
810 0 0 0 1028.769 0.467 1.8809814969161527 5999
820 0 0 0 1028.769 0.467 1.8809814969161527 5999
830 0 0 0 1028.769 0.467 1.8809814969161527 5999
840 13 1.3462153846153848 0.5610223906763764 1028.769 0.467 1.8809814969161527 5999
850 42.2 1.2501279620853059 0.5881840700098759 1028.769 0.467 1.8696387665198237 6129
860 39.4 1.20239847715736 0.46400794354494396 1028.769 0.461 1.8297313387269116 6551
870 38.6 1.150937823834195 0.5078419201121976 1028.769 0.445 1.7941418286537072 6945
880 39 1.1859025641025633 0.592900697132405 1028.769 0.445 1.760275132996862 7331
890 41.5 1.1556506024096411 0.5125277925754738 1028.769 0.401 1.7312626602771657 7721
900 41.2 1.1934951456310696 0.9243144258007797 1028.769 0.401 1.7019019174041294 8136
910 36.9 1.1829539295392943 0.6336846826382215 1028.769 0.401 1.677397519887693 8548
920 38.4 1.1585989583333332 0.6384928099299543 1028.769 0.401 1.6569366378826957 8917
930 39.2 1.1241632653061233 0.49199320643803063 1028.769 0.401 1.6363623266315448 9301
940 42 1.167390476190477 0.5621492344689788 1028.769 0.401 1.615648199731765 9693
950 39.3 1.209038167938934 0.6862115053650519 1028.769 0.401 1.5970317413230495 10113
960 40.6 1.1967413793103456 0.5775163313000722 1028.769 0.401 1.58251798972016 10506
970 39.8 1.29689447236181 2.2158292613595214 1028.769 0.401 1.5681644978005866 10912
