0 0.1 0.21752832922300394 0 0.21752832922300394 0.21752832922300394 0 0
10 0.1 0.04580995117075659 0.0 0.21752832922300394 0.04580995117075659 0.21752832922300394 1
20 0.1 0.0562201330543149 0.0 0.21752832922300394 0.04580995117075659 0.13166914019688025 2
30 0.1 0.08433371162035252 0.0 0.21752832922300394 0.04580995117075659 0.10651947114935846 3
40 0.1 0.1478412060510781 0.0 0.21752832922300394 0.04580995117075659 0.10097303126710698 4
50 0.1 0.373662517173904 0.0 0.373662517173904 0.04580995117075659 0.11034666622390121 5
60 0.1 0.895708712613784 0.0 0.895708712613784 0.04580995117075659 0.154232641382235 6
70 0.1 1.0069874725343386 0.0 1.0069874725343386 0.04580995117075659 0.26015779441531345 7
80 0.1 0.8625359389974583 0.0 1.0069874725343386 0.04580995117075659 0.3535115041801916 8
90 0.1 0.9674463166225814 0.0 1.0069874725343386 0.04580995117075659 0.4100697747154435 9
100 0.1 0.9509822302772744 0.0 1.0069874725343386 0.04580995117075659 0.4658074289061573 10
110 0.1 0.9685683934262326 0.0 1.0069874725343386 0.04580995117075659 0.5099142290308043 11
120 0.1 0.7877949027484364 0.0 1.0069874725343386 0.04580995117075659 0.5481354093970899 12
130 0.1 0.6253186419868694 0.0 1.0069874725343386 0.04580995117075659 0.5665707550395013 13
140 0.1 0.5066478017519402 0.0 1.0069874725343386 0.04580995117075659 0.570767032678599 14
150 0.1 0.5388087956895297 0.0 1.0069874725343386 0.04580995117075659 0.5664924172834883 15
160 0.1 0.48479047896467065 0.0 1.0069874725343386 0.04580995117075659 0.5647621909338659 16
170 0.1 0.461874544887132 0.0 1.0069874725343386 0.04580995117075659 0.5600579725827368 17
180 0.1 0.49732609193249677 0.0 1.0069874725343386 0.04580995117075659 0.5546033377107588 18
190 0.1 0.5442700745119261 0.0 1.0069874725343386 0.04580995117075659 0.5515887458276924 19
200 0.1 0.5966885348328647 0.0 1.0069874725343386 0.04580995117075659 0.5512228122619041 20
210 0.1 0.6883409005706669 0.0 1.0069874725343386 0.04580995117075659 0.553387846670045 21
220 0.1 0.6812145200770794 0.0 1.0069874725343386 0.04580995117075659 0.5595220763928006 22
230 0.1 0.7512294740351755 0.0 1.0069874725343386 0.04580995117075659 0.5648130522051605 23
240 0.1 0.675936051658595 0.0 1.0069874725343386 0.04580995117075659 0.5725804031147445 24
250 0.1 0.5861713536081293 0.0 1.0069874725343386 0.04580995117075659 0.5767146290564985 25
260 0.1 0.4644575427488388 0.0 1.0069874725343386 0.04580995117075659 0.5770783492315613 26
270 0.1 0.4299888598527835 0.0 1.0069874725343386 0.04580995117075659 0.5729072082507197 27
280 0.1 0.4018447380201339 0.0 1.0069874725343386 0.04580995117075659 0.567802981522222 28
290 0.1 0.37587722038274923 0.0 1.0069874725343386 0.04580995117075659 0.5620802834704258 29
300 0.1 0.3175925443848597 0.0 1.0069874725343386 0.04580995117075659 0.5558735147008366 30
310 0.1 0.2894145082035479 0.0 1.0069874725343386 0.04580995117075659 0.5481870317874179 31
320 0.1 0.18329896477743757 0.0 1.0069874725343386 0.04580995117075659 0.540100390425422 32
330 0.1 0.1488978435843772 0.0 1.0069874725343386 0.04580995117075659 0.5292882260118468 33
340 0.1 0.11659622311520122 0.0 1.0069874725343386 0.04580995117075659 0.5181002735875094 34
350 0.1 0.1009838113580761 0.0 1.0069874725343386 0.04580995117075659 0.5066287292883006 35
360 0.1 0.09264367576795361 0.0 1.0069874725343386 0.04580995117075659 0.49536081490135 36
370 0.1 0.08015489673550967 0.0 1.0069874725343386 0.04580995117075659 0.4844765678977446 37
380 0.1 0.05310066219649328 0.0 1.0069874725343386 0.04580995117075659 0.4738365239197911 38
390 0.1 0.0343510258465446 0.0 1.0069874725343386 0.0343510258465446 0.463048424901245 39
400 0.1 0.01665677670549778 0.0 1.0069874725343386 0.01665677670549778 0.4523309899248774 40
410 0.1 0.014576348832850925 0.0 1.0069874725343386 0.014576348832850925 0.4417047896024536 41
420 0.1 0.011450699533644236 0.0 1.0069874725343386 0.011450699533644236 0.4315350648222249 42
430 0.1 0.01249271258432581 0.0 1.0069874725343386 0.011450699533644236 0.4217656609783044 43
440 0.1 0.008328301651085803 0.0 1.0069874725343386 0.008328301651085803 0.4124640030602595 44
450 0.1 0.006246161213420919 0.0 1.0069874725343386 0.006246161213420919 0.4034832096956112 45
460 0.1 0.09682557861091734 0.0 1.0069874725343386 0.006246161213420919 0.3948476216851288 46
470 0.1 0.39473410127689706 0.0 1.0069874725343386 0.006246161213420919 0.388506727151635 47
480 0.1 0.6303133855642606 0.0 1.0069874725343386 0.006246161213420919 0.3886364641125779 48
490 0.1 0.6333135422851369 0.0 1.0069874725343386 0.006246161213420919 0.3935686461830204 49
500 0.1 0.3823593761395247 0.0 1.0069874725343386 0.006246161213420919 0.39836354410506275 50
510 0.1 0.31142589313613167 0.0 1.0069874725343386 0.006246161213420919 0.39804973689005224 51
520 0.1 0.3030555497698444 0.0 1.0069874725343386 0.006246161213420919 0.39638389374093835 52
530 0.1 0.42080264980678495 0.0 1.0069874725343386 0.006246161213420919 0.3946229815905404 53
540 0.1 0.5335389681439722 0.0 1.0069874725343386 0.006246161213420919 0.39510779026121157 54
550 0.1 0.6877077450479833 0.0 1.0069874725343386 0.006246161213420919 0.39762472076817085 55
560 0.1 0.7786603289761712 0.0 1.0069874725343386 0.006246161213420919 0.4028047747731675 56
570 0.1 0.7870075990535061 0.0 1.0069874725343386 0.006246161213420919 0.4093987318644483 57
580 0.1 0.806703770871115 0.0 1.0069874725343386 0.006246161213420919 0.41590922957460447 58
590 0.1 0.7888868046436983 0.0 1.0069874725343386 0.006246161213420919 0.4225328658677656 59
600 0.1 0.8505404475760641 0.0 1.0069874725343386 0.006246161213420919 0.4286387648473645 60
610 0.1 0.8932200740007297 0.0 1.0069874725343386 0.006246161213420919 0.4355551858757039 61
620 0.1 0.9266014883992412 0.0 1.0069874725343386 0.006246161213420919 0.44293687761965594 62
630 0.1 0.8994267847837415 0.0 1.0069874725343386 0.006246161213420919 0.45061409366377636 63
640 0.1 0.9315508132834561 0.0 1.0069874725343386 0.006246161213420919 0.4576267919625258 64
650 0.1 0.9575210727570147 0.0 1.0069874725343386 0.006246161213420919 0.46491793075207855 65
660 0.1 0.8554400150040636 0.0 1.0069874725343386 0.006246161213420919 0.4723816147218503 66
670 0.1 0.7563209050848517 0.0 1.0069874725343386 0.006246161213420919 0.4780989042783013 67
680 0.1 0.7676283720445787 0.0 1.0069874725343386 0.006246161213420919 0.4821904042901623 68
690 0.1 0.537612002500521 0.0 1.0069874725343386 0.006246161213420919 0.4863271864315306 69
700 0.1 0.44900978237089667 0.0 1.0069874725343386 0.006246161213420919 0.48705982666108766 70
710 0.1 0.34473062061926535 0.0 1.0069874725343386 0.006246161213420919 0.48652391054432437 71
720 0.1 0.26451995875988044 0.0 1.0069874725343386 0.006246161213420919 0.48455455929536523 72
730 0.1 0.21450066120349448 0.0 1.0069874725343386 0.006246161213420919 0.48154038668529014 73
740 0.1 0.1728356499557499 0.0 1.0069874725343386 0.006246161213420919 0.47793174174634695 74
750 0.1 0.14575590051118678 0.0 1.0069874725343386 0.006246161213420919 0.4738637938558057 75
760 0.1 0.12598785935173518 0.0 1.0069874725343386 0.006246161213420919 0.4695465847328501 76
770 0.1 0.14886684225319857 0.0 1.0069874725343386 0.006246161213420919 0.465084783104524 77
780 0.1 0.13639297836453365 0.0 1.0069874725343386 0.006246161213420919 0.4610307069397634 78
790 0.1 0.1436676903857165 0.0 1.0069874725343386 0.006246161213420919 0.45692136860336807 79
800 0.1 0.17072662919008952 0.0 1.0069874725343386 0.006246161213420919 0.45300569762564746 80
810 0.1 0.1467756206735023 0.0 1.0069874725343386 0.006246161213420919 0.44952077085483816 81
820 0.1 0.11032128472258361 0.0 1.0069874725343386 0.006246161213420919 0.44582875682823647 82
830 0.1 0.0322694813982054 0.0 1.0069874725343386 0.006246161213420919 0.44178649812816834 83
840 0.1 0.012491152100595412 0.0 1.0069874725343386 0.006246161213420919 0.4369112955480497 84
850 0.1 0.1686744479035432 0.0 1.0069874725343386 0.006246161213420919 0.43191811738984437 85
860 0.1 0.6678613849007065 0.0 1.0069874725343386 0.006246161213420919 0.4288571444888408 86
870 0.1 0.9855761709583555 0.0 1.0069874725343386 0.006246161213420919 0.43160431966598867 87
880 0.1 1.0566722647000533 0.0 1.0566722647000533 0.006246161213420919 0.43789945433976557 88
890 0.1 1.0691003911342896 0.0 1.0691003911342896 0.006246161213420919 0.4448519578269598 89
900 0.1 1.0195137222164248 0.0 1.0691003911342896 0.006246161213420919 0.4517880515303746 90
910 0.1 1.0858793954123944 0.0 1.0858793954123944 0.006246161213420919 0.45802679516428724 91
920 0.1 1.0320143584606396 0.0 1.0858793954123944 0.006246161213420919 0.4648512799495927 92
930 0.1 1.0712981797319145 0.0 1.0858793954123944 0.006246161213420919 0.470949807675518 93
940 0.1 1.0881131721159263 0.0 1.0881131721159263 0.006246161213420919 0.47733649248462856 94
950 0.1 1.1409738952681916 0.0 1.1409738952681916 0.006246161213420919 0.48376572069127377 95
960 0.1 1.1172077109238088 0.0 1.1409738952681916 0.006246161213420919 0.49061163917644995 96
970 0.1 1.1101025592871971 0.0 1.1409738952681916 0.006246161213420919 0.497071392493433 97
