0 0 0
10 0 0
20 0 0
30 0 0
40 0 0
50 7.6 76
60 16.1 237
70 7.7 314
80 9.1 405
90 11.5 520
100 12.8 648
110 10 748
120 4.9 797
130 3.7 834
140 2.1 855
150 1.9 874
160 1.5 889
170 1.2 901
180 1.2 913
190 2 933
200 4.4 977
210 7.1 1048
220 7.7 1125
230 11.4 1239
240 11.7 1356
250 9 1446
260 6.3 1509
270 4.6 1555
280 5.4 1609
290 4.7 1656
300 5.6 1712
310 4.8 1760
320 4.6 1806
330 3.8 1844
340 3.3 1877
350 3.1 1908
360 2.8 1936
370 2.9 1965
380 1.6 1981
390 0.6 1987
400 0.7 1994
410 0.2 1996
420 0.2 1998
430 0 1998
440 0 1998
450 0.1 1999
460 1.4 2013
470 5.9 2072
480 8.7 2159
490 2.1 2180
500 1.5 2195
510 1.3 2208
520 2.3 2231
530 4.1 2272
540 7.4 2346
550 16.8 2514
560 23.2 2746
570 20.2 2948
580 20.2 3150
590 19.7 3347
600 24.1 3588
610 21.6 3804
620 25.3 4057
630 25 4307
640 23.5 4542
650 22.1 4763
660 19.9 4962
670 16.2 5124
680 16.4 5288
690 12.8 5416
700 7.4 5490
710 4.6 5536
720 5.4 5590
730 3.8 5628
740 3.4 5662
750 3.6 5698
760 3.6 5734
770 3.6 5770
780 3.9 5809
790 4.5 5854
800 6.1 5915
810 6.1 5976
820 1.8 5994
830 0.4 5998
840 0.1 5999
850 2.2 6021
860 10.5 6126
870 10.5 6231
880 9.6 6327
890 9.8 6425
900 7.7 6502
910 9.3 6595
920 8.5 6680
930 9.1 6771
940 11.9 6890
950 10.8 6998
960 10.8 7106
970 13.4 7240
