0 0.1 376170.2265625 0 376170.2265625 376170.2265625 0 0
10 0.1 376153.69140625 0.0 376170.2265625 376153.69140625 376170.2265625 1
20 0.1 376118.0390625 0.0 376170.2265625 376118.0390625 376161.958984375 2
30 0.1 376067.66015625 0.0 376170.2265625 376067.66015625 376147.3190104167 3
40 0.1 375975.64453125 0.0 376170.2265625 375975.64453125 376127.404296875 4
50 0.1 375873.94921875 0.0 376170.2265625 375873.94921875 376097.05234375 5
60 0.1 375818.16015625 0.0 376170.2265625 375818.16015625 376059.8684895833 6
70 0.1 375813.046875 0.0 376170.2265625 375813.046875 376025.3387276786 7
80 0.1 375781.78125 0.0 376170.2265625 375781.78125 375998.80224609375 8
90 0.1 375777.39453125 0.0 376170.2265625 375777.39453125 375974.6888020833 9
100 0.1 375759.21484375 0.0 376170.2265625 375759.21484375 375954.959375 10
110 0.1 375776.52734375 0.0 376170.2265625 375759.21484375 375937.16441761365 11
120 0.1 375797.28125 0.0 376170.2265625 375759.21484375 375923.7779947917 12
130 0.1 375788.984375 0.0 376170.2265625 375759.21484375 375914.04747596156 13
140 0.1 375748.80859375 0.0 376170.2265625 375748.80859375 375905.1143973214 14
150 0.1 375702.921875 0.0 376170.2265625 375702.921875 375894.6940104167 15
160 0.1 375659.9453125 0.0 376170.2265625 375659.9453125 375882.7082519531 16
170 0.1 375616.40625 0.0 376170.2265625 375616.40625 375869.60454963235 17
180 0.1 375570.78125 0.0 376170.2265625 375570.78125 375855.53797743056 18
190 0.1 375551.40625 0.0 376170.2265625 375551.40625 375840.55078125 19
200 0.1 375513.75390625 0.0 376170.2265625 375513.75390625 375826.0935546875 20
210 0.1 375510.578125 0.0 376170.2265625 375510.578125 375811.22023809527 21
220 0.1 375554.54296875 0.0 376170.2265625 375510.578125 375797.55468750006 22
230 0.1 375585.859375 0.0 376170.2265625 375510.578125 375786.98896059784 23
240 0.1 375643.16015625 0.0 376170.2265625 375510.578125 375778.60856119794 24
250 0.1 375680.89453125 0.0 376170.2265625 375510.578125 375773.190625 25
260 0.1 375699.74609375 0.0 376170.2265625 375510.578125 375769.6407752404 26
270 0.1 375718.1484375 0.0 376170.2265625 375510.578125 375767.0520833333 27
280 0.1 375738.12109375 0.0 376170.2265625 375510.578125 375765.3055245536 28
290 0.1 375756.17578125 0.0 376170.2265625 375510.578125 375764.3681303879 29
300 0.1 375769.85546875 0.0 376170.2265625 375510.578125 375764.0950520833 30
310 0.1 375795.23046875 0.0 376170.2265625 375510.578125 375764.2808719758 31
320 0.1 375826.99609375 0.0 376170.2265625 375510.578125 375765.248046875 32
330 0.1 375848.88671875 0.0 376170.2265625 375510.578125 375767.1191998106 33
340 0.1 375881.484375 0.0 376170.2265625 375510.578125 375769.52412683825 34
350 0.1 375921.84765625 0.0 376170.2265625 375510.578125 375772.7229910714 35
360 0.1 375948.7109375 0.0 376170.2265625 375510.578125 375776.86534288194 36
370 0.1 375959.65234375 0.0 376170.2265625 375510.578125 375781.5098184122 37
380 0.1 375980.98828125 0.0 376170.2265625 375510.578125 375786.19777960534 38
390 0.1 376012.15625 0.0 376170.2265625 375510.578125 375791.1924078527 39
400 0.1 376025.9375 0.0 376170.2265625 375510.578125 375796.71650390635 40
410 0.1 376027.1796875 0.0 376170.2265625 375510.578125 375802.30725990864 41
420 0.1 376029.34765625 0.0 376170.2265625 375510.578125 375807.6613653275 42
430 0.1 376046.6953125 0.0 376170.2265625 375510.578125 375812.8168604652 43
440 0.1 376046.87890625 0.0 376170.2265625 375510.578125 375818.13227982965 44
450 0.1 376046.90625 0.0 376170.2265625 375510.578125 375823.2155381945 45
460 0.1 376013.33984375 0.0 376170.2265625 375510.578125 375828.0783797555 46
470 0.1 375887.83984375 0.0 376170.2265625 375510.578125 375832.020113032 47
480 0.1 375800.390625 0.0 376170.2265625 375510.578125 375833.1830240886 48
490 0.1 375721.7265625 0.0 376170.2265625 375510.578125 375832.51379145414 49
500 0.1 375645.328125 0.0 376170.2265625 375510.578125 375830.29804687505 50
510 0.1 375568.82421875 0.0 376170.2265625 375510.578125 375826.67118566186 51
520 0.1 375502.38671875 0.0 376170.2265625 375502.38671875 375821.7125901443 52
530 0.1 375452.10546875 0.0 376170.2265625 375452.10546875 375815.6875737029 53
540 0.1 375435.07421875 0.0 376170.2265625 375435.07421875 375808.9545717593 54
550 0.1 375446.87109375 0.0 376170.2265625 375435.07421875 375802.15674715914 55
560 0.1 375482.5703125 0.0 376170.2265625 375435.07421875 375795.81236049114 56
570 0.1 375518.765625 0.0 376170.2265625 375435.07421875 375790.316885965 57
580 0.1 375549.6875 0.0 376170.2265625 375435.07421875 375785.63496767246 58
590 0.1 375573.4921875 0.0 376170.2265625 375435.07421875 375781.6358580509 59
600 0.1 375589.0 0.0 376170.2265625 375435.07421875 375778.16679687507 60
610 0.1 375601.9375 0.0 376170.2265625 375435.07421875 375775.06570184435 61
620 0.1 375616.12890625 0.0 376170.2265625 375435.07421875 375772.273311492 62
630 0.1 375622.2890625 0.0 376170.2265625 375435.07421875 375769.7948288691 63
640 0.1 375626.015625 0.0 376170.2265625 375435.07421875 375767.4900512696 64
650 0.1 375632.87109375 0.0 376170.2265625 375435.07421875 375765.3135216347 65
660 0.1 375635.90625 0.0 376170.2265625 375435.07421875 375763.3068181819 66
670 0.1 375643.44921875 0.0 376170.2265625 375435.07421875 375761.40531716426 67
680 0.1 375653.390625 0.0 376170.2265625 375435.07421875 375759.67066865816 68
690 0.1 375665.3515625 0.0 376170.2265625 375435.07421875 375758.13037817035 69
700 0.1 375685.4375 0.0 376170.2265625 375435.07421875 375756.8049665179 70
710 0.1 375692.21484375 0.0 376170.2265625 375435.07421875 375755.79979093315 71
720 0.1 375701.1015625 0.0 376170.2265625 375435.07421875 375754.91666666674 72
730 0.1 375711.0703125 0.0 376170.2265625 375435.07421875 375754.179473459 73
740 0.1 375722.90234375 0.0 376170.2265625 375435.07421875 375753.5969172298 74
750 0.1 375741.04296875 0.0 376170.2265625 375435.07421875 375753.1876562501 75
760 0.1 375747.31640625 0.0 376170.2265625 375435.07421875 375753.02785773034 76
770 0.1 375766.734375 0.0 376170.2265625 375435.07421875 375752.9536830358 77
780 0.1 375794.7578125 0.0 376170.2265625 375435.07421875 375753.1303585738 78
790 0.1 375808.66796875 0.0 376170.2265625 375435.07421875 375753.65728837036 79
800 0.1 375823.828125 0.0 376170.2265625 375435.07421875 375754.3449218751 80
810 0.1 375900.10546875 0.0 376170.2265625 375435.07421875 375755.20273919764 81
820 0.1 375981.796875 0.0 376170.2265625 375435.07421875 375756.9698456556 82
830 0.1 376008.27734375 0.0 376170.2265625 375435.07421875 375759.6786050453 83
840 0.1 376019.2265625 0.0 376170.2265625 375435.07421875 375762.63811383944 84
850 0.1 375962.08203125 0.0 376170.2265625 375435.07421875 375765.65680147073 85
860 0.1 375725.671875 0.0 376170.2265625 375435.07421875 375767.9408157705 86
870 0.1 375571.2265625 0.0 376170.2265625 375435.07421875 375767.4549658766 87
880 0.1 375386.7890625 0.0 376170.2265625 375386.7890625 375765.2250976564 88
890 0.1 375206.70703125 0.0 376170.2265625 375206.70703125 375760.97300737374 89
900 0.1 375045.37109375 0.0 376170.2265625 375045.37109375 375754.81449652795 90
910 0.1 374909.94921875 0.0 376170.2265625 374909.94921875 375747.01841517875 91
920 0.1 374726.18359375 0.0 376170.2265625 374726.18359375 375737.91983695666 92
930 0.1 374597.6015625 0.0 376170.2265625 374597.6015625 375727.04095262114 93
940 0.1 374450.875 0.0 376170.2265625 374450.875 375715.02563996025 94
950 0.1 374317.51953125 0.0 376170.2265625 374317.51953125 375701.7187911186 95
960 0.1 374157.80078125 0.0 376170.2265625 374157.80078125 375687.3000488283 96
970 0.1 374000.36328125 0.0 376170.2265625 374000.36328125 375671.5320151419 97
