60 4.6 8754.961586956522 3544.9437786168164 18455.21 2216.096 0 0
70 8.3 10375.73940963856 4386.181018146817 21080.123 2216.096 8754.961586956522 46
80 9.6 10830.172354166663 4171.8714209121235 26242.222 2216.096 9797.78762790698 129
90 8.4 11542.889107142857 4300.712319231925 26242.222 2216.096 10238.27177777778 225
100 4.8 10439.916979166666 4172.746952604455 26242.222 2043.506 10592.92503236246 309
110 3 12070.774300000003 3959.9172880689475 26242.222 2043.506 10572.352521008404 357
120 3 16694.701933333334 4401.658187702494 26242.222 2043.506 10688.509248062017 387
130 2 22659.93175 3610.4541086815375 31934.841 2043.506 11120.609441247003 417
140 1.9 27303.033789473684 3618.8527490889405 32131.96 2043.506 11648.724878718534 437
150 1.1 31095.107909090908 2168.434815390646 35262.527 2043.506 12300.98775 456
160 1.1 37928.45109090908 3978.836553688264 43984.451 2043.506 12743.675805139186 467
170 1 38541.88279999999 3874.4523856712653 46037.715 2043.506 13323.241763598326 478
180 1 41425.656400000014 4324.721329049724 48144.666 2043.506 13840.017194672131 488
190 1.3 43148.31792307692 5487.323511448874 53181.212 2043.506 14393.945692771085 498
200 2.2 29203.988636363636 12491.426874933844 53181.212 2043.506 15125.465925636006 511
210 3.1 23506.950451612905 9636.267059611248 53181.212 2043.506 15706.568176360224 533
220 3 22458.2759 12005.771294537466 53181.212 2043.506 16135.31259219858 564
230 4.2 20658.43866666666 7535.231551842199 53181.212 2043.506 16454.654173400675 594
240 6.2 21350.31187096775 7288.529432560855 53181.212 2043.506 16732.262583333337 636
250 8.5 21633.122082352944 8364.951776017655 53181.212 2043.506 17142.461803724935 698
260 7 23016.122271428576 8018.403798627486 53181.212 2043.506 17629.95366028098 783
270 6.4 23498.455249999995 7596.521983719302 53181.212 2043.506 18071.96046307152 853
280 4.3 27325.546813953493 8497.592946914947 53181.212 2043.506 18450.690742639046 917
290 2.5 30765.247880000003 9510.16320137252 54157.888 2043.506 18848.210337500008 960
300 0.5 27864.5072 2888.3073360888316 54157.888 2043.506 19150.673219289347 985
310 0.3 33835.828 4436.602834101185 54157.888 2043.506 19194.68248181819 990
320 0.1 39369.53 0.0 54157.888 2043.506 19238.91554984895 993
330 0.2 39718.368 992.6670000000013 54157.888 2043.506 19259.16767706238 994
340 0 0 0 54157.888 2043.506 19300.250408634547 996
350 0 0 0 54157.888 2043.506 19300.250408634547 996
360 0 0 0 54157.888 2043.506 19300.250408634547 996
370 0.1 48093.417 0.0 54157.888 2043.506 19300.250408634547 996
380 0 0 0 54157.888 2043.506 19329.13021464394 997
390 0 0 0 54157.888 2043.506 19329.13021464394 997
400 0 0 0 54157.888 2043.506 19329.13021464394 997
410 0 0 0 54157.888 2043.506 19329.13021464394 997
420 0 0 0 54157.888 2043.506 19329.13021464394 997
430 0 0 0 54157.888 2043.506 19329.13021464394 997
440 0 0 0 54157.888 2043.506 19329.13021464394 997
450 0 0 0 54157.888 2043.506 19329.13021464394 997
460 0 0 0 54157.888 2043.506 19329.13021464394 997
470 0.2 5297.9905 1957.4325 54157.888 2043.506 19329.13021464394 997
480 2.7 8988.645444444448 2772.9959900027015 54157.888 2043.506 19301.03984484485 999
490 2.6 12658.195346153845 3172.868782005259 54157.888 2043.506 19029.661044834316 1026
500 2 19040.081100000003 3731.6901855998694 54157.888 2043.506 18872.191360266166 1052
510 2.9 27019.240137931036 3451.716002560533 54157.888 2043.506 18875.32363152986 1072
520 2.7 31865.734259259254 4080.516119134092 54157.888 2043.506 19089.831877384207 1101
530 3.5 28040.477485714287 10288.87537915953 54157.888 2043.506 19395.63805141845 1128
540 4.7 23062.17810638298 10344.58531340227 54157.888 2043.506 19655.800889079976 1163
550 5.6 17795.518696428575 9355.483025983138 54157.888 2043.506 19788.114714876043 1210
560 10.2 14706.653725490189 7446.548196657637 54157.888 2043.506 19699.97460663508 1266
570 13 14510.553176923078 6915.448206076341 54157.888 2043.506 19327.66559356726 1368
580 17.2 14451.079988372097 7126.951603356915 54157.888 2043.506 18909.625130173572 1498
590 17.1 15464.150707602343 7202.988242068819 54157.888 2043.506 18450.421678443123 1670
600 13 15959.139492307691 7473.714566418136 54157.888 1473.315 18173.04398370452 1841
610 13.9 16977.690352517988 7289.196590865228 54157.888 1473.315 18027.022885844763 1971
620 9.8 15740.94202040817 6609.128262922352 54157.888 1473.315 17957.89624028437 2110
630 9.2 14987.491239130433 7261.612280791866 54157.888 1473.315 17859.498815670304 2208
640 10.2 17655.57354901961 8038.703437686139 54157.888 1473.315 17744.618512608708 2300
650 9.1 18028.692956043957 8470.728671780562 54157.888 1473.315 17740.83725270609 2402
660 9.5 17013.978600000002 7114.228750877067 54157.888 1473.315 17751.34462093864 2493
670 9.4 16136.347500000005 5796.079436029289 54157.888 1473.315 17724.277475656887 2588
680 8.9 17210.245258426974 7658.529405715886 54157.888 1473.315 17668.622957494415 2682
690 6.9 18120.576144927538 7258.775140842134 54157.888 1473.315 17653.900613496942 2771
700 5.6 20992.082999999988 6869.540620431541 54157.888 1473.315 17665.238857042263 2840
710 4.5 21682.517511111113 7690.7467456701315 54157.888 1473.315 17729.5700973757 2896
720 2.9 28031.421344827588 7189.013478014099 54157.888 1473.315 17790.053821829322 2941
730 1.2 35256.57766666666 6176.4026531073805 54157.888 1473.315 17890.05370673402 2970
740 1.2 39186.0845 7485.847494664499 54157.888 1473.315 17959.939115023488 2982
750 0.9 35560.191000000006 4440.4739339368325 54157.888 1473.315 18045.0138460254 2994
760 0.7 45591.60414285715 3541.1741223899744 54157.888 1473.315 18097.506884448896 3003
770 0.1 53121.936 0.0 54157.888 1473.315 18161.446645514963 3010
780 0.4 39661.844 2082.7111374690207 54157.888 1473.315 18173.05756858188 3011
790 0 0 0 54157.888 1473.315 18201.566737976795 3015
800 0 0 0 54157.888 1473.315 18201.566737976795 3015
810 0 0 0 54157.888 1473.315 18201.566737976795 3015
820 0 0 0 54157.888 1473.315 18201.566737976795 3015
830 0 0 0 54157.888 1473.315 18201.566737976795 3015
840 0 0 0 54157.888 1473.315 18201.566737976795 3015
850 0 0 0 54157.888 1473.315 18201.566737976795 3015
860 0 0 0 54157.888 1473.315 18201.566737976795 3015
870 2.4 10124.662375000002 2711.190687629972 54157.888 1473.315 18201.566737976795 3015
880 4.7 12422.667957446805 2985.045310571484 54157.888 1473.315 18137.78072128991 3039
890 7.4 17361.034202702707 3393.916131707631 54157.888 1473.315 18050.73914646793 3086
900 8.8 20072.42688636362 3747.151620430374 54157.888 1473.315 18034.587828164567 3160
910 8.6 23648.835825581395 4548.494451397234 54157.888 1473.315 18089.800216440897 3248
920 8.5 25997.450835294123 4395.716816198144 54157.888 1473.315 18233.194656268755 3334
930 7.8 27968.83116666667 4341.311104285686 54157.888 1473.315 18426.222376425863 3419
940 7.1 29719.590098591547 5385.716709551861 54157.888 1473.315 18639.06866914499 3497
950 7.5 32047.540506666668 5909.963368828251 54157.888 1473.315 18859.561107903595 3568
960 7.2 32373.140944444443 5566.457235262885 54396.691 1473.315 19131.067683502613 3643
970 6.5 34836.67961538461 4467.860596440042 54396.691 1473.315 19387.71082611037 3715
