70 1.6 6993.342125 2570.7510713949896 12944.557 3320.055 0 0
80 5.9 9599.244389830508 3842.663796253786 18947.315 2883.452 6993.342125 16
90 7.6 10031.515657894737 4677.970093298673 24285.56 2883.452 9043.318573333334 75
100 9.6 11041.30516666667 4840.400237005693 30762.759 2883.452 9540.689291390729 151
110 6.1 12787.662918032784 6149.46082144995 30762.759 2883.452 10123.924611336035 247
120 3.2 16015.338718750001 6579.230709140817 32851.077 2883.452 10651.483172077924 308
130 1.7 22299.680529411762 7220.683566435197 43835.159 2883.452 11156.31663529412 340
140 0.8 26129.055125 1711.7907885477298 43835.159 2883.452 11686.953011204485 357
150 1 31529.083200000005 5489.778073403292 43835.159 2883.452 12003.49223561644 365
160 0.6 37097.40083333333 5449.116992047777 45978.221 2883.452 12524.174661333338 375
170 0.4 42125.12775 1730.3664867997477 45978.221 2883.452 12911.154601049873 381
180 1.2 46717.87141666667 3560.1505011376366 51952.916 2883.452 13214.676400000004 385
190 1.4 45238.25721428572 4737.839834793311 53867.477 2883.452 14227.367433249376 397
200 1.6 38035.505875 11381.222265015596 58828.024 2883.452 15283.699445255479 411
210 2.4 37353.175999999985 11360.951756981443 58828.024 2883.452 16136.226149882907 427
220 2.7 27226.297333333343 12876.59585394907 58828.024 2883.452 17265.2877827051 451
230 2.5 23680.404400000003 10620.928926891007 58828.024 2883.452 17827.938949790798 478
240 2.5 21106.044200000004 9884.89820176083 58828.024 2883.452 18118.816954274356 503
250 2.6 25076.91903846154 9817.332099189001 58828.024 2883.452 18260.25763825758 528
260 3.3 21204.197636363628 7732.196291263746 58828.024 2883.452 18580.17315523466 554
270 3.7 22760.504918918927 9393.070394929995 58828.024 2883.452 18727.690715502562 587
280 5.1 23158.73901960784 7650.327512544277 58828.024 2883.452 18966.81591666667 624
290 6 23866.59913333333 8540.701281937841 58828.024 2883.452 19283.53899555556 675
300 7 27910.661771428575 7317.889856298286 58828.024 2883.452 19657.6663537415 735
310 6.5 27677.130030769225 9232.636741933471 58828.024 2883.452 20375.31812919255 805
320 4.2 34876.609095238106 11015.777940419604 58828.024 2883.452 20920.855800000005 870
330 3.1 34386.599741935475 8821.518164011202 58828.024 2883.452 21563.554964912288 912
340 1.8 39611.53077777777 7143.623091498815 58828.024 2883.452 21985.097264050906 943
350 1.9 43597.598947368424 6959.689197677517 58828.024 2883.452 22315.248984391266 961
360 0.3 43495.855 3759.876517338392 58828.024 2883.452 22727.865973469394 980
370 0.5 52548.104799999994 6668.506148145576 62559.261 2883.452 22791.2474252289 983
380 0.3 45186.085 6680.188158797675 62559.261 2883.452 22941.838808704462 988
390 0.2 36278.123999999996 126.07599999999547 62559.261 2883.452 23009.177596367314 991
400 0.2 42691.3545 5453.515500000001 62559.261 2883.452 23035.90256394764 993
410 0.1 36741.323 0.0 62559.261 2883.452 23075.41101005026 995
420 0 0 0 62559.261 2883.452 23089.131805220888 996
430 0 0 0 62559.261 2883.452 23089.131805220888 996
440 0.1 33393.758 0.0 62559.261 2883.452 23089.131805220888 996
450 0 0 0 62559.261 2883.452 23099.46743831495 997
460 0 0 0 62559.261 2883.452 23099.46743831495 997
470 0 0 0 62559.261 2883.452 23099.46743831495 997
480 0 0 0 62559.261 2883.452 23099.46743831495 997
490 0.2 9117.287 3441.5030000000006 62559.261 2883.452 23099.46743831495 997
500 0.4 17355.605 1641.411524430878 62559.261 2883.452 23071.47508508509 999
510 0.2 23868.286 877.3820000000014 62559.261 2883.452 23048.67999002992 1003
520 0.3 35682.57200000001 2752.441141305778 62559.261 2883.452 23050.31104676618 1005
530 0.9 30381.339555555554 7793.370966286315 62559.261 2883.452 23087.907061507947 1008
540 2.4 21766.24445833333 12881.259810855481 62559.261 2883.452 23152.450711897753 1017
550 4.4 21352.960863636366 12637.313095888263 62559.261 2883.452 23120.492066282433 1041
560 5.9 17983.579457627133 9153.346836557363 62559.261 2883.452 23048.813381566833 1085
570 5.6 19414.416178571428 8989.163666987644 62559.261 2883.452 22787.5819117133 1144
580 8.6 16804.549430232546 8723.986661042763 62559.261 2307.97 22630.167510833344 1200
590 10.7 15319.877084112148 7229.5089295058515 62559.261 1217.981 22240.58496423018 1286
600 12.6 15442.975626984131 6420.432044592249 62559.261 1217.981 21708.9871586504 1393
610 15.3 16988.736862745107 7607.662927306267 62559.261 1217.981 21189.225833443063 1519
620 17.1 17899.752216374276 7552.672731628692 62559.261 1217.981 20804.85094557417 1672
630 14.1 18200.433262411345 8085.683501005515 62559.261 1217.981 20535.305702658716 1843
640 10.5 18991.590371428567 8202.753540667982 62559.261 1217.981 20369.3697076613 1984
650 9.6 19092.132760416676 9436.337476590259 62559.261 1217.981 20300.117993776934 2089
660 10.8 18573.961222222217 8040.060086591637 62559.261 1217.981 20247.0440430206 2185
670 7.4 20148.94256756757 8421.519621376181 62559.261 1217.981 20168.24206105539 2293
680 10.1 19322.86399009902 8482.287881334205 62559.261 1217.981 20167.63869708492 2367
690 7.9 18131.764784810137 7026.827585860117 62559.261 1217.981 20133.06728484603 2468
700 7.1 22259.725816901417 8676.498569278894 62559.261 1217.981 20070.993120141342 2547
710 6.1 24317.937606557363 8632.924085907842 62559.261 1217.981 20130.3514171123 2618
720 4.8 28464.010437500012 7016.569157553457 62559.261 1217.981 20225.70145726017 2679
730 3.7 34676.88400000001 6512.8606789109135 62559.261 1217.981 20370.710196186286 2727
740 2.5 41342.35332 6226.549848091669 62559.261 1217.981 20562.218311505065 2764
750 3 41746.02676666667 6276.280275171872 62559.261 1217.981 20748.487001075653 2789
760 2.6 45560.32546153844 6144.177752535088 62559.261 1217.981 20971.944323873715 2819
770 3.9 48674.180589743606 5304.071496171735 64431.814 1217.981 21196.653606678385 2845
780 2.8 45422.070464285716 5684.588524827241 64431.814 1217.981 21568.229040915397 2884
790 3.9 42592.21782051283 8106.447831159701 64431.814 1217.981 21797.592900755495 2912
800 3.2 33624.87703124999 8769.664016533627 64431.814 1217.981 22072.41173229414 2951
810 1.8 27212.369222222223 8697.240807178527 64431.814 1217.981 22196.340290647 2983
820 1.2 29174.169666666672 7105.522756591165 64431.814 1217.981 22226.42643552149 3001
830 0.2 30204.4725 850.0885000000017 64431.814 1217.981 22254.09750049784 3013
840 0 0 0 64431.814 1217.981 22259.371381094523 3015
850 0 0 0 64431.814 1217.981 22259.371381094523 3015
860 0 0 0 64431.814 1217.981 22259.371381094523 3015
870 0 0 0 64431.814 1217.981 22259.371381094523 3015
880 0.5 6675.267 1311.2190450958224 64431.814 1217.981 22259.371381094523 3015
890 0.7 11984.274857142856 3114.556119725268 64431.814 1217.981 22233.569883774828 3020
900 1.1 14864.563636363635 4379.498824336126 64431.814 1217.981 22209.86817740336 3027
910 2.7 20470.734074074073 4289.333515433801 64431.814 1217.981 22183.272275510197 3038
920 3.6 23783.038055555553 6300.04781614407 64431.814 1217.981 22168.18629461663 3065
930 4.3 25061.25004651162 5403.960419612756 64431.814 1217.981 22186.933364398574 3101
940 4.4 28326.5853409091 5835.149323025179 64431.814 1217.981 22226.244947519077 3144
950 5.6 29992.26151785714 5020.081028112713 64431.814 1217.981 22310.44036072772 3188
960 4.9 32172.50773469388 4934.181343486669 64431.814 1217.981 22443.048864056713 3244
970 4.8 35175.541437500004 6358.949642688804 64431.814 1217.981 22587.823684785897 3293
