40 2.3 11029.298869565215 3667.134826243855 20098.088 5432.408 0 0
50 10.5 10247.636952380954 4170.856904253984 24980.025 3033.801 11029.298869565215 23
60 13.3 8068.961180451128 4493.956119954557 24980.025 1165.436 10388.091828125001 128
70 5.6 8687.346267857143 5548.045967419587 24980.025 1165.436 9206.312609195402 261
80 4.9 7554.420326530614 5549.20432699523 28457.863 1165.436 9114.634012618297 317
90 4 7965.549374999998 7138.867188253314 39327.11 1165.436 8905.75294535519 366
100 4.5 6695.549666666667 4736.0138691201955 39327.11 1165.436 8813.122051724138 406
110 4.8 8622.248833333333 5375.913846953277 39327.11 1165.436 8601.834341463415 451
120 2.1 15048.41519047619 7637.708374941704 39327.11 1165.436 8603.79806012024 499
130 0.9 19711.877000000004 4651.578164338206 39327.11 1165.436 8864.061444230769 520
140 1 20597.1716 2603.1106981636876 39327.11 1165.436 9048.617852551984 529
150 0.8 32689.291749999993 5431.1372843714735 45586.316 1165.436 9262.876734693877 539
160 1 31895.856999999996 3417.050100636074 45586.316 1165.436 9605.493407678245 547
170 0.5 37746.5694 3381.9011811452788 45586.316 1165.436 10005.679468581688 557
180 1.4 41673.1605 3046.916602366181 49935.717 1165.436 10252.484539145908 562
190 2.6 39640.67973076925 7278.926805034442 50948.266 1165.436 11016.181524305555 576
200 3.8 30120.741447368415 13667.101319793761 50948.266 1165.436 12252.455533222592 602
210 5.8 24763.992396551734 12494.580453165667 57623.311 1165.436 13313.385009374999 640
220 10.7 22249.461859813087 9801.404107922983 57623.311 1165.436 14264.86814469914 698
230 7.5 22059.224133333326 8058.910757424015 57623.311 1165.436 15326.174390062111 805
240 6.5 27353.28492307691 10519.810948320663 64097.636 1165.436 15900.01385681818 880
250 4.2 28374.489071428576 8158.92728695136 64097.636 1165.436 16687.804988359785 945
260 0.8 30000.205125 5729.334925567985 64097.636 1165.436 17185.110694022285 987
270 0.5 26345.839400000004 7884.265428453702 64097.636 1165.436 17288.14662914572 995
280 0.2 37769.0165 590.2384999999995 64097.636 1165.436 17333.435092999996 1000
290 0 0 0 64097.636 1165.436 17374.2246766467 1002
300 0 0 0 64097.636 1165.436 17374.2246766467 1002
310 0 0 0 64097.636 1165.436 17374.2246766467 1002
320 0 0 0 64097.636 1165.436 17374.2246766467 1002
330 0 0 0 64097.636 1165.436 17374.2246766467 1002
340 0 0 0 64097.636 1165.436 17374.2246766467 1002
350 0 0 0 64097.636 1165.436 17374.2246766467 1002
360 0 0 0 64097.636 1165.436 17374.2246766467 1002
370 0 0 0 64097.636 1165.436 17374.2246766467 1002
380 0 0 0 64097.636 1165.436 17374.2246766467 1002
390 0 0 0 64097.636 1165.436 17374.2246766467 1002
400 0 0 0 64097.636 1165.436 17374.2246766467 1002
410 0 0 0 64097.636 1165.436 17374.2246766467 1002
420 0 0 0 64097.636 1165.436 17374.2246766467 1002
430 0 0 0 64097.636 1165.436 17374.2246766467 1002
440 0 0 0 64097.636 1165.436 17374.2246766467 1002
450 0 0 0 64097.636 1165.436 17374.2246766467 1002
460 2.6 3784.777538461538 1804.6734032750428 64097.636 494.405 17374.2246766467 1002
470 7.1 5524.351408450704 3069.140432448265 64097.636 494.405 17030.522706225674 1028
480 9 6262.02871111111 3658.6707438579115 64097.636 494.405 16287.175879890803 1099
490 3.7 10329.75591891892 4472.6403489895565 64097.636 494.405 15528.333789739268 1189
500 1.2 19237.173749999998 4854.828685105636 64097.636 494.405 15371.443592985312 1226
510 0.9 29346.25488888889 6345.3393751347485 64097.636 494.405 15408.914321486262 1238
520 1.9 29712.12494736842 10398.541305278293 64097.636 494.405 15509.504590216513 1247
530 4.4 24291.74402272728 13302.036404874249 64097.636 494.405 15722.656080568715 1266
540 9.5 16445.51085263158 12145.650701256443 64097.636 494.405 16010.472774809155 1310
550 19.8 13810.826757575769 8702.014701221056 64097.636 494.405 16039.888160854087 1405
560 15.9 12715.964779874217 6949.756171835538 64097.636 218.981 15764.558056144726 1603
570 13.3 16251.095496240594 8418.991500129992 64097.636 218.981 15489.457981838817 1762
580 12.9 15520.841813953477 8263.94149569883 64097.636 218.981 15542.913279683375 1895
590 11.4 14510.45081578947 9536.718856002299 64097.636 218.981 15541.506550889326 2024
600 10.4 12381.915846153845 7843.584327083057 64097.636 218.981 15486.529771749296 2138
610 9.9 13959.842878787873 8120.110743383507 64097.636 218.981 15342.515566458518 2242
620 10.1 14292.552118811878 7407.93494846772 64097.636 218.981 15284.042864160614 2341
630 10.6 13909.663575471697 8100.388715402571 64097.636 218.981 15243.03526167076 2442
640 9.7 12076.856742268035 8235.063732803841 64097.636 218.981 15187.565324960753 2548
650 9.3 14613.999430107533 8104.524932474506 64097.636 218.981 15073.486409073725 2645
660 9.2 15009.411336956522 8305.572955017997 64097.636 218.981 15057.879291088386 2738
670 7.4 15738.790959459457 7194.215619063442 64097.636 218.981 15056.30365441696 2830
680 4.8 18853.671229166666 9129.163361728377 64097.636 218.981 15073.694859848487 2904
690 2.3 25906.37839130435 9287.859245662188 64097.636 218.981 15135.157890243903 2952
700 0.5 30681.370199999998 4958.485592931431 64097.636 218.981 15218.43119159664 2975
710 0.2 36248.121 1406.7699999999986 64097.636 218.981 15244.37572013423 2980
720 0.1 28581.816 0.0 64097.636 218.981 15258.462739101276 2982
730 0.1 44205.629 0.0 64097.636 218.981 15262.929166610797 2983
740 0 0 0 64097.636 218.981 15272.62846280161 2984
750 0 0 0 64097.636 218.981 15272.62846280161 2984
760 0 0 0 64097.636 218.981 15272.62846280161 2984
770 0 0 0 64097.636 218.981 15272.62846280161 2984
780 0 0 0 64097.636 218.981 15272.62846280161 2984
790 0 0 0 64097.636 218.981 15272.62846280161 2984
800 0 0 0 64097.636 218.981 15272.62846280161 2984
810 0 0 0 64097.636 218.981 15272.62846280161 2984
820 0 0 0 64097.636 218.981 15272.62846280161 2984
830 0 0 0 64097.636 218.981 15272.62846280161 2984
840 0 0 0 64097.636 218.981 15272.62846280161 2984
850 3.7 4596.915891891893 2160.485976133583 64097.636 218.981 15272.62846280161 2984
860 14 6749.921350000001 3354.526167768773 64097.636 218.981 15141.876604104602 3021
870 11.9 8677.761478991599 4831.83269713695 64097.636 218.981 14770.19873774122 3161
880 13.3 11030.970511278188 5150.263022253835 64097.636 218.981 14549.16214207317 3280
890 10.3 13376.487485436899 5723.359470967597 64097.636 218.981 14412.062966305302 3413
900 8.7 14650.692448275862 4574.570917920589 64097.636 218.981 14381.72614192264 3516
910 9.6 16639.675781249996 4929.43665065317 64097.636 218.981 14388.220748820428 3603
920 8.5 19261.145176470574 4845.307137336542 64097.636 218.981 14446.652671803191 3699
930 9.7 21201.619123711353 4827.305134422567 64097.636 218.981 14554.800627114164 3784
940 10.5 24566.619780952376 6287.62108558684 64097.636 218.981 14720.928273125483 3881
950 11 26917.086872727275 5766.260771880418 64097.636 218.981 14980.285425238333 3986
960 10.5 28635.57003809524 5939.736265689687 64097.636 218.981 15300.853823486328 4096
970 9.9 32230.599272727264 5800.725318151287 64097.636 218.981 15634.14237443466 4201
