50 7.3 5771.328630136987 1609.3879430649258 8852.902 2493.761 0 0
60 15.9 2872.980295597485 1989.1119975623478 13189.294 554.545 5771.328630136987 73
70 8 2776.995099999999 2375.49016708885 13189.294 554.545 3784.960590517242 232
80 9 3296.8746222222226 2825.016313289338 20316.393 489.079 3526.507900641026 312
90 11.3 3657.0354159292033 2494.0493739295393 20316.393 489.079 3475.0974651741294 402
100 13.1 3542.1562137404594 2335.307440883302 20316.393 403.839 3515.0178310679617 515
110 10.2 5006.879578431367 2701.550213104606 20316.393 403.839 3520.5211253869975 646
120 4.6 8823.501499999998 2672.4750064843633 20316.393 403.839 3723.2063689839565 748
130 3.9 14117.836820512823 2572.6026188852056 20316.393 403.839 4018.6894622166237 794
140 2.1 18316.27471428571 3898.3548182670993 22711.484 403.839 4491.51869027611 833
150 2 23147.875299999996 4071.11858328589 30946.402 403.839 4831.471707259952 854
160 1.4 27478.9765 3711.6177000195657 34710.246 403.839 5250.611377574371 874
170 1.3 30031.603692307694 4212.61295036037 40412.488 403.839 5601.05857545045 888
180 1.1 36799.854545454546 3866.8176827336815 42263.068 403.839 5953.552567147613 901
190 2.1 31719.627523809533 6635.451226957233 42263.068 403.839 6325.602262061404 912
200 4.4 18965.252659090907 11242.880144135916 42263.068 23.059 6897.171962486603 933
210 6.9 15584.80313043479 8789.793980476055 42263.068 18.166 7440.667920163767 977
220 7.9 11797.389164556964 8531.895852535701 42263.068 18.166 7977.90054875717 1046
230 11.4 12009.005605263153 6863.154791919866 42263.068 18.166 8246.11352711111 1125
240 11.7 13691.28973504274 7353.306820037889 42263.068 18.166 8592.336042776433 1239
250 8.8 13614.639590909086 6955.758692204034 42263.068 18.166 9032.29001179941 1356
260 6.4 15639.299640624997 7684.394852796386 42263.068 18.166 9311.546772853186 1444
270 4.6 15575.347000000002 7299.044650060389 42263.068 18.166 9580.098618700265 1508
280 5.3 16334.090716981129 8298.543748564964 42263.068 18.166 9757.564143500644 1554
290 4.7 12021.809574468083 6466.3086839541165 42263.068 18.166 9974.462655258245 1607
300 5.6 14661.793660714286 8285.53676732479 42263.068 18.166 10032.639986094317 1654
310 4.9 16192.787632653062 5897.470856349915 42263.068 18.166 10184.238001169591 1710
320 4.6 17871.526630434782 6537.395032916833 42263.068 18.166 10351.616586696988 1759
330 3.8 23183.676842105262 6615.964167112798 42263.068 18.166 10543.259723545709 1805
340 3.3 26984.113181818182 4403.20289217656 42263.068 18.166 10803.886880629409 1843
350 3.2 32193.918156249998 4425.769548405135 42263.068 18.166 11088.507066098082 1876
360 2.6 32517.15742307692 4893.52166407091 45826.842 18.166 11442.476224842769 1908
370 3.1 31529.632774193553 5055.215876066395 45826.842 18.166 11725.796654601862 1934
380 1.6 30454.469124999996 4254.69091196013 45826.842 18.166 12038.223585750637 1965
390 0.6 31163.921833333337 8814.208539187348 45826.842 18.166 12186.966608783443 1981
400 0.7 24595.991142857143 3948.0646717733725 45826.842 18.166 12244.269946149976 1987
410 0.2 15509.9055 4591.772500000001 45826.842 18.166 12287.631053660984 1994
420 0.2 13148.391 561.1509999999998 45826.842 18.166 12290.859785571143 1996
430 0 0 0 45826.842 18.166 12291.718175175178 1998
440 0 0 0 45826.842 18.166 12291.718175175178 1998
450 0.1 5049.709 0.0 45826.842 18.166 12291.718175175178 1998
460 1.4 1813.5635714285713 1171.1836773066514 45826.842 18.166 12288.095359179591 1999
470 5.9 2214.1297288135593 1500.9119153994218 45826.842 18.166 12215.247150024841 2013
480 8.7 2398.0665517241378 1884.2231126398735 45826.842 18.166 11930.466296814673 2072
490 2.1 8146.424857142857 2278.0688548451635 45826.842 18.166 11546.3445840667 2159
500 1.5 13572.627 3497.6835595769385 45826.842 18.166 11513.593063761467 2180
510 1.1 21393.691727272733 2528.271178033755 45826.842 18.166 11527.663910706151 2195
520 2.3 26337.913913043478 3449.915011109856 45826.842 18.166 11576.859878966456 2206
530 3.9 14166.745076923078 11564.442494383014 45826.842 18.166 11729.172235531629 2229
540 7.6 9553.461644736843 8843.979689177064 45826.842 18.166 11771.08817063492 2268
550 16.3 6282.815411042946 5877.813517933781 45826.842 6.736 11699.185604095563 2344
560 23.1 7959.9853549783575 5728.482122961426 45826.842 6.736 11347.024319106502 2507
570 20.6 8017.531616504855 5923.962706946495 45826.842 6.736 11061.266101168736 2738
580 19.9 7920.958698492468 5618.93791693703 45826.842 6.736 10848.287397418479 2944
590 19.9 8398.94167336683 5882.98377052518 45826.842 6.736 10662.942691377664 3143
600 24.4 8391.166684426236 5899.906674905922 45826.842 6.736 10528.13233752244 3342
610 21.4 7784.002121495319 5655.830978687155 45826.842 6.736 10382.72809341885 3586
620 24.8 8616.512112903223 5721.33302133458 45826.842 6.736 10236.37878868421 3800
630 25.4 9010.093716535439 5588.403711519776 45826.842 6.736 10137.137944911066 4048
640 23.3 9498.353712446353 5791.377789268205 45826.842 6.736 10070.594654811715 4302
650 22.3 9361.168919282518 6169.175132075617 45826.842 6.736 10041.19396251378 4535
660 20 8788.433910000009 5829.395996734766 45826.842 6.736 10009.322254939048 4758
670 16.2 8580.947802469142 5554.119203555809 45826.842 6.736 9960.073027632108 4958
680 16.8 10056.51176190476 6084.607495650839 45826.842 6.736 9916.436643554687 5120
690 12.7 10167.86233070866 5966.341139969135 45826.842 6.736 9920.886836422085 5288
700 7.4 13104.307743243246 5962.134458388247 45826.842 6.736 9926.679244136654 5415
710 4.7 16315.66889361701 6025.717390518252 45826.842 6.736 9969.518469666604 5489
720 5.4 19894.81001851852 6898.248269146135 45826.842 6.736 10023.396553106935 5536
730 3.8 25430.972394736833 5039.6812269730635 45826.842 6.736 10118.755466726296 5590
740 3.1 29462.037419354845 6021.120053568561 45826.842 6.736 10222.142858919686 5628
750 3.7 32538.308945945955 3730.080535576047 45826.842 6.736 10327.538994521998 5659
760 3.7 34674.34994594592 3521.1870599624176 45826.842 6.736 10471.815414501403 5696
770 3.6 33118.70997222223 4226.042758215469 45826.842 6.736 10628.01527106227 5733
780 3.8 29633.551552631587 4018.5780303421584 45826.842 6.736 10768.362819899461 5769
790 4.7 25460.021787234044 4489.936680234062 45826.842 6.736 10891.813340278972 5807
800 6 19769.59551666666 5418.931117730084 45826.842 6.736 11008.777091048853 5854
810 6.1 11792.878622950815 4763.787602716969 45826.842 6.736 11097.659252959078 5914
820 1.9 5092.947210526315 2731.3769427126826 45826.842 6.736 11104.75689004184 5975
830 0.4 4404.33375 1206.9412990473843 45826.842 6.736 11085.7004362696 5994
840 0.1 7629.265 0.0 45826.842 6.736 11081.244706568854 5998
850 2 1917.5027999999998 1134.7968933880018 45826.842 6.736 11080.66928071345 5999
860 10 2532.6100500000002 1427.166193760561 45826.842 6.736 11050.221809436782 6019
870 10.9 4415.462412844036 1710.3315928301247 45826.842 6.736 10911.022401699622 6119
880 9.7 6539.112175257729 1794.1272278510048 45826.842 6.736 10797.339672286445 6228
890 9.9 9357.375404040404 2715.813042642711 45826.842 6.736 10732.035630039523 6325
900 7.7 11879.565506493509 2664.3027740566354 45826.842 6.736 10710.850797789537 6424
910 9.1 14297.001197802194 3017.386209079775 45826.842 6.736 10724.693442393476 6501
920 8.8 15280.282159090917 3104.208608881262 45826.842 6.736 10774.007763652911 6592
930 8.8 18166.400136363638 3732.4337682774767 45826.842 6.736 10833.371857485028 6680
940 12 19415.080399999988 4045.4743158949127 45826.842 6.736 10928.718560874702 6768
950 10.9 20749.892853211008 4433.247998950976 45826.842 6.736 11076.564585946571 6888
960 10.8 23257.627657407425 3676.695228584204 45826.842 6.736 11227.256708446474 6997
970 13.5 24758.825733333335 3885.351188822542 45826.842 6.736 11410.125119774804 7105
