20 0.1 27018.855 0 27018.855 27018.855 0 0
30 3.6 29448.42369444444 4552.046429218706 36034.17 19833.796 27018.855 1
40 8.5 28564.449800000006 6730.355984084668 47379.017 16548.481 29382.75967567567 37
50 16.2 27086.177660493835 14170.578526539459 56645.314 6663.112 28812.625745901638 122
60 15.6 25389.308416666667 18306.303335761568 63015.754 1756.311 27827.82085211268 284
70 15.1 26192.579788079474 14365.15678058683 65705.415 928.738 26963.25735227273 440
80 11.5 20990.53230434784 13957.43913017587 65705.415 928.738 26766.34988663283 591
90 9.3 17371.353419354848 13772.622862512466 69474.931 928.738 25825.529742209637 706
100 10.7 16911.823186915884 11441.949531505388 69474.931 900.075 24841.50170963705 799
110 7.7 18550.899194805203 10186.901870754087 69474.931 900.075 23904.994422737313 906
120 3.8 23682.097736842104 8598.134583549989 69474.931 900.075 23485.599374364196 983
130 2.9 28806.60603448276 8291.620810357412 69474.931 900.075 23492.912731635657 1021
140 3.6 34530.16627777778 8688.50342623279 69474.931 900.075 23639.671880000005 1050
150 3 42656.73890000002 10061.678074346431 69474.931 900.075 24000.68274401474 1086
160 2.8 43901.83221428573 7730.468009012419 69474.931 900.075 24502.18962992832 1116
170 3.1 54893.49216129033 12191.781388805704 82370.731 900.075 24977.00605681819 1144
180 3.6 61783.03055555553 13406.35459725093 88861.798 900.075 25766.292073191496 1175
190 8.3 59295.75420481925 16787.46537423644 90943.575 900.075 26836.979592072672 1211
200 13 55759.18790769231 20463.425056035067 102336.938 900.075 28918.956634466773 1294
210 13.7 54894.008540146 24946.034664080038 104678.328 900.075 31369.258646769667 1424
220 12.2 65152.15584426223 23890.447433551886 109951.14 900.075 33433.89076425369 1561
230 10.6 69664.0834150943 23003.393918432474 112573.91 900.075 35733.135172905524 1683
240 9.2 74403.70115217389 20118.70354783217 124530.029 900.075 37743.577047512576 1789
250 6.8 78656.30998529412 18655.63942815306 125379.131 900.075 39536.62936948431 1881
260 2.6 81542.28419230768 13378.678984353102 125379.131 900.075 40901.50278245254 1949
270 1.6 84340.41199999998 6187.703431362652 125379.131 900.075 41436.5206643038 1975
280 0.5 97160.23860000001 10978.13020919704 125379.131 900.075 41781.30331692616 1991
290 0.2 99573.0665 1115.0035000000062 125379.131 900.075 41920.02810470941 1996
300 0 0 0 125379.131 900.075 41977.73885385385 1998
310 0 0 0 125379.131 900.075 41977.73885385385 1998
320 0.1 149615.345 0.0 149615.345 900.075 41977.73885385385 1998
330 0 0 0 149615.345 900.075 42031.58457978989 1999
340 0 0 0 149615.345 900.075 42031.58457978989 1999
350 0 0 0 149615.345 900.075 42031.58457978989 1999
360 0 0 0 149615.345 900.075 42031.58457978989 1999
370 0 0 0 149615.345 900.075 42031.58457978989 1999
380 0 0 0 149615.345 900.075 42031.58457978989 1999
390 0 0 0 149615.345 900.075 42031.58457978989 1999
400 0 0 0 149615.345 900.075 42031.58457978989 1999
410 0 0 0 149615.345 900.075 42031.58457978989 1999
420 0 0 0 149615.345 900.075 42031.58457978989 1999
430 0 0 0 149615.345 900.075 42031.58457978989 1999
440 0 0 0 149615.345 900.075 42031.58457978989 1999
450 0.2 2849.248 180.08199999999988 149615.345 900.075 42031.58457978989 1999
460 6.3 4919.189301587303 2680.4197427424333 149615.345 900.075 41992.421824587705 2001
470 12.8 9379.9998125 5779.925976536862 149615.345 900.075 40860.826064437984 2064
480 15.4 13983.19191558441 8744.594662179677 149615.345 900.075 39022.52964096715 2192
490 7.4 19178.1997972973 7691.4521985542815 149615.345 900.075 37378.856150042615 2346
500 4 27130.556475 7694.589956461546 149615.345 900.075 36822.30715413221 2420
510 4.4 35974.851272727276 8233.440059939627 149615.345 900.075 36664.7177121951 2460
520 6.4 41666.54896875001 10654.001464780818 149615.345 900.075 36652.595458466436 2504
530 15.9 40000.47238364779 15490.187270525377 149615.345 900.075 36777.55380140185 2568
540 24.2 35009.53220247934 16844.787664783016 149615.345 873.898 36965.46874624128 2727
550 29.4 41281.3235102041 20343.56348284205 149615.345 873.898 36806.04246008756 2969
560 28.4 39691.408450704235 22785.171690651387 149615.345 873.898 37209.27035733987 3263
570 27.4 40148.10866058395 22307.861921198957 149615.345 873.898 37408.00935325627 3547
580 25.6 39398.49832031252 21691.56004474767 149615.345 456.065 37604.49907066213 3821
590 25.2 34568.37916269841 20078.823624950597 149615.345 456.065 37717.1465584989 4077
600 22.2 29877.432468468476 18592.289918443767 149615.345 456.065 37533.85032755833 4329
610 19.9 29669.84586934674 17407.8020094917 149615.345 456.065 37160.36652955394 4551
620 20.8 29790.952913461548 16746.91888751214 149615.345 456.065 36846.553137684205 4750
630 17.3 28490.728225433533 17678.0509131061 149615.345 456.065 36550.55377369907 4958
640 19.6 26609.75665306123 14888.243373231706 149615.345 456.065 36278.803662638864 5131
650 20.6 29356.709087378644 15857.923923987604 149615.345 456.065 35923.043720105125 5327
660 15.6 34122.0662628205 14739.115911587089 149615.345 456.065 35678.5714746069 5533
670 12.3 39857.36146341465 12240.941082999205 149615.345 456.065 35635.89001687467 5689
680 6.9 46819.55682608696 9907.396814912316 149615.345 456.065 35725.229484858915 5812
690 6.1 53141.15621311475 8233.150878360027 149615.345 456.065 35855.395882843055 5881
700 3.2 59030.46546875 8516.396162370173 149615.345 456.065 36032.849834399196 5942
710 1.6 68332.13275 3447.4336413605656 149615.345 456.065 36156.03759809174 5974
720 0.4 76678.81025 8347.520625433857 149615.345 456.065 36241.98376210351 5990
730 0.2 87637.496 626.3610000000044 149615.345 456.065 36268.96863129797 5994
740 0.2 92808.81649999999 3733.666500000003 149615.345 456.065 36286.10289659774 5996
750 0.1 104642.306 0.0 149615.345 456.065 36304.95008352785 5998
760 0 0 0 149615.345 456.065 36316.34154142358 5999
770 0 0 0 149615.345 456.065 36316.34154142358 5999
780 0 0 0 149615.345 456.065 36316.34154142358 5999
790 0 0 0 149615.345 456.065 36316.34154142358 5999
800 0 0 0 149615.345 456.065 36316.34154142358 5999
810 0 0 0 149615.345 456.065 36316.34154142358 5999
820 0 0 0 149615.345 456.065 36316.34154142358 5999
830 0 0 0 149615.345 456.065 36316.34154142358 5999
840 0.4 1869.85425 457.8343837985386 149615.345 456.065 36316.34154142358 5999
850 13.5 4552.091244444444 2379.506178995638 149615.345 456.065 36293.388692986846 6003
860 19.1 9495.1144973822 5051.2139759854 149615.345 456.065 35595.26631508635 6138
870 26 15195.85733846153 7467.572564692796 149615.345 456.065 34807.6017555696 6329
880 25.3 20420.442818181822 8498.500219332336 149615.345 456.065 34033.7280951586 6589
890 22 25027.83418181818 9312.84339827821 149615.345 456.065 33530.342948260746 6842
900 23 28795.224926086958 9628.264214886245 149615.345 456.065 33265.46728575475 7062
910 21 31159.71286190474 10118.44334282543 149615.345 456.065 33124.46951522217 7292
920 21.5 34847.911399999975 10975.215606814021 149615.345 456.065 33069.470995201285 7502
930 23.6 39380.43508474575 12414.891184749657 149615.345 456.065 33119.01935428276 7717
940 24 44020.93941666663 13121.848026885102 149615.345 456.065 33304.82271306426 7953
950 23.7 49062.18523628694 14820.440240324775 149615.345 456.065 33618.73312547298 8193
960 23.8 53038.7827857143 15850.528031021717 149615.345 456.065 34052.908469513655 8430
970 23.9 55158.60641422594 15817.888946076471 149615.345 456.065 34574.20958710199 8668
