0 8.8 88
10 9.6 184
20 9 274
30 10.3 377
40 10.6 483
50 10.4 587
60 10.5 692
70 8.3 775
80 9.4 869
90 10.4 973
100 10.8 1081
110 10.4 1185
120 9.9 1284
130 10.6 1390
140 11.7 1507
150 9.1 1598
160 9.4 1692
170 8 1772
180 12.3 1895
190 9.7 1992
200 0.7 1999
210 0 1999
220 0 1999
230 0 1999
240 0 1999
250 0 1999
260 0 1999
270 0 1999
280 0 1999
290 0 1999
300 0 1999
310 0 1999
320 0 1999
330 0 1999
340 0 1999
350 0 1999
360 0 1999
370 0 1999
380 0 1999
390 0 1999
400 0 1999
410 0 1999
420 0 1999
430 0 1999
440 0 1999
450 8 2079
460 19.3 2272
470 21.3 2485
480 22.3 2708
490 20.7 2915
500 21.3 3128
510 19.7 3325
520 21.2 3537
530 19 3727
540 18.9 3916
550 20.8 4124
560 21.4 4338
570 20.5 4543
580 19.6 4739
590 18.1 4920
600 19.5 5115
610 19.2 5307
620 21.2 5519
630 20.5 5724
640 22.6 5950
650 4.9 5999
660 0 5999
670 0 5999
680 0 5999
690 0 5999
700 0 5999
710 0 5999
720 0 5999
730 0 5999
740 0 5999
750 0 5999
760 0 5999
770 0 5999
780 0 5999
790 0 5999
800 0 5999
810 0 5999
820 0 5999
830 0 5999
840 14.4 6143
850 41.5 6558
860 39.3 6951
870 39.1 7342
880 39.5 7737
890 40.9 8146
900 40.7 8553
910 36.8 8921
920 38.4 9305
930 39.3 9698
940 41.9 10117
950 39 10507
960 41 10917
970 39.3 11310
