0 88 88
10 184 184
20 274 274
30 377 377
40 483 483
50 511 529
60 455 529
70 461 529
80 464 529
90 453 529
100 433 529
110 437 529
120 487 529
130 556 557
140 652 652
150 724 724
160 803 803
170 871 871
180 982 983
190 1059 1059
200 1022 1060
210 951 1060
220 874 1060
230 760 1060
240 643 1060
250 553 1060
260 490 1060
270 444 1060
280 390 1060
290 343 1060
300 287 1060
310 239 1060
320 193 1060
330 155 1060
340 122 1060
350 91 1060
360 63 1060
370 34 1060
380 18 1060
390 12 1060
400 5 1060
410 3 1060
420 1 1060
430 1 1060
440 1 1060
450 80 1060
460 259 1060
470 413 1060
480 549 1060
490 735 1060
500 933 1060
510 1117 1117
520 1306 1306
530 1455 1455
540 1570 1570
550 1610 1614
560 1592 1620
570 1595 1620
580 1589 1620
590 1573 1620
600 1527 1620
610 1503 1620
620 1462 1620
630 1417 1620
640 1408 1620
650 1236 1620
660 1037 1620
670 875 1620
680 711 1620
690 583 1620
700 509 1620
710 463 1620
720 409 1620
730 371 1620
740 337 1620
750 301 1620
760 265 1620
770 229 1620
780 190 1620
790 145 1620
800 84 1620
810 23 1620
820 5 1620
830 1 1620
840 144 1620
850 537 1620
860 825 1620
870 1111 1620
880 1410 1620
890 1721 1721
900 2051 2051
910 2326 2327
920 2625 2625
930 2927 2927
940 3227 3227
950 3509 3510
960 3811 3811
970 4070 4070
