0 8.4 84
10 27.5 359
20 52.3 882
30 96.9 1851
40 186.7 3718
50 325.4 6972
60 402.1 10993
70 353.5 14528
80 365.1 18179
90 360.7 21786
100 340.9 25195
110 236.3 27558
120 143.2 28990
130 113.4 30124
140 106.2 31186
150 98.2 32168
160 90.7 33075
170 87.1 33946
180 84.8 34794
190 78.2 35576
200 75.4 36330
210 66.5 36995
220 63 37625
230 54.8 38173
240 47.7 38650
250 40.7 39057
260 37.7 39434
270 32.7 39761
280 30.6 40067
290 24.2 40309
300 24.2 40551
310 20.3 40754
320 19.4 40948
330 16.3 41111
340 14.7 41258
350 11.4 41372
360 10 41472
370 7.8 41550
380 4 41590
390 2.4 41614
400 2.1 41635
410 1.4 41649
420 0.6 41655
430 0.2 41657
440 0.3 41660
450 25.5 41915
460 182.4 43739
470 319.2 46931
480 373.1 50662
490 196.4 52626
500 128 53906
510 110.9 55015
520 98.7 56002
530 82.4 56826
540 80.7 57633
550 78.3 58416
560 76.5 59181
570 74.2 59923
580 71.7 60640
590 67.4 61314
600 71.5 62029
610 70.6 62735
620 70.5 63440
630 69.7 64137
640 65.2 64789
650 70.7 65496
660 58.2 66078
670 50.4 66582
680 40.6 66988
690 36.1 67349
700 35.7 67706
710 37.7 68083
720 37.5 68458
730 41.9 68877
740 36.2 69239
750 37.9 69618
760 36.6 69984
770 34.7 70331
780 36.6 70697
790 35.5 71052
800 34.3 71395
810 22.6 71621
820 7.9 71700
830 1.3 71713
840 41.1 72124
850 350 75624
860 543.3 81057
870 588.6 86943
880 604.2 92985
890 578.9 98774
900 597.8 104752
910 604.3 110795
920 622.2 117017
930 619.4 123211
940 627.2 129483
950 620 135683
960 614.8 141831
970 597.8 147809
