0 78 78
10 178 100
20 270 92
30 374 104
40 478 104
50 512 34
60 453 -59
70 460 7
80 464 4
90 457 -7
100 432 -25
110 433 1
120 487 54
130 555 68
140 652 97
150 722 70
160 803 81
170 868 65
180 980 112
190 1059 79
200 1022 -37
210 953 -69
220 874 -79
230 760 -114
240 643 -117
250 555 -88
260 491 -64
270 445 -46
280 392 -53
290 345 -47
300 289 -56
310 240 -49
320 194 -46
330 156 -38
340 123 -33
350 91 -32
360 65 -26
370 34 -31
380 18 -16
390 12 -6
400 5 -7
410 3 -2
420 1 -2
430 1 0
440 1 0
450 79 78
460 259 180
470 413 154
480 548 135
490 735 187
500 919 184
510 1112 193
520 1296 184
530 1454 158
540 1567 113
550 1604 37
560 1598 -6
570 1590 -8
580 1587 -3
590 1571 -16
600 1523 -48
610 1503 -20
620 1464 -39
630 1418 -46
640 1409 -9
650 1241 -168
660 1041 -200
670 879 -162
680 711 -168
690 584 -127
700 510 -74
710 463 -47
720 409 -54
730 371 -38
740 340 -31
750 303 -37
760 266 -37
770 230 -36
780 192 -38
790 145 -47
800 85 -60
810 24 -61
820 5 -19
830 1 -4
840 130 129
850 532 402
860 826 294
870 1103 277
880 1396 293
890 1712 316
900 2047 335
910 2325 278
920 2621 296
930 2925 304
940 3225 300
950 3509 284
960 3807 298
970 4070 263
