0 0.1 0.25 0 0.25 0.25 0 0
10 0.1 0.2109375 0.0 0.25 0.2109375 0.25 1
20 0.1 0.1796875 0.0 0.25 0.1796875 0.23046875 2
30 0.1 0.1484375 0.0 0.25 0.1484375 0.21354166666666666 3
40 0.1 0.12890625 0.0 0.25 0.12890625 0.197265625 4
50 0.1 0.109375 0.0 0.25 0.109375 0.18359375 5
60 0.1 0.171875 0.0 0.25 0.109375 0.17122395833333334 6
70 0.1 0.30078125 0.0 0.30078125 0.109375 0.17131696428571427 7
80 0.1 0.25 0.0 0.30078125 0.109375 0.1875 8
90 0.1 0.4296875 0.0 0.4296875 0.109375 0.19444444444444445 9
100 0.1 0.51953125 0.0 0.51953125 0.109375 0.21796875 10
110 0.1 0.44140625 0.0 0.51953125 0.109375 0.24538352272727273 11
120 0.1 0.37109375 0.0 0.51953125 0.109375 0.26171875 12
130 0.1 0.30859375 0.0 0.51953125 0.109375 0.27013221153846156 13
140 0.1 0.26171875 0.0 0.51953125 0.109375 0.2728794642857143 14
150 0.1 0.21875 0.0 0.51953125 0.109375 0.2721354166666667 15
160 0.1 0.421875 0.0 0.51953125 0.109375 0.268798828125 16
170 0.1 0.359375 0.0 0.51953125 0.109375 0.27780330882352944 17
180 0.1 0.5390625 0.0 0.5390625 0.109375 0.2823350694444444 18
190 0.1 0.69140625 0.0 0.69140625 0.109375 0.29584703947368424 19
200 0.1 0.58984375 0.0 0.69140625 0.109375 0.31562500000000004 20
210 0.1 0.80078125 0.0 0.80078125 0.109375 0.32868303571428575 21
220 0.1 0.75 0.0 0.80078125 0.109375 0.35014204545454547 22
230 0.1 0.87109375 0.0 0.87109375 0.109375 0.36752717391304346 23
240 0.1 0.8984375 0.0 0.8984375 0.109375 0.3885091145833333 24
250 0.1 0.98046875 0.0 0.98046875 0.109375 0.40890625 25
260 0.1 0.828125 0.0 0.98046875 0.109375 0.4308894230769231 26
270 0.1 1.01171875 0.0 1.01171875 0.109375 0.44560185185185186 27
280 0.1 1.01953125 0.0 1.01953125 0.109375 0.4658203125 28
290 0.1 0.859375 0.0 1.01953125 0.109375 0.4849137931034483 29
300 0.1 0.87109375 0.0 1.01953125 0.109375 0.4973958333333333 30
310 0.1 0.73828125 0.0 1.01953125 0.109375 0.5094506048387096 31
320 0.1 0.62109375 0.0 1.01953125 0.109375 0.5166015625 32
330 0.1 0.53125 0.0 1.01953125 0.109375 0.5197679924242424 33
340 0.1 0.44921875 0.0 1.01953125 0.109375 0.5201056985294118 34
350 0.1 0.37890625 0.0 1.01953125 0.109375 0.5180803571428572 35
360 0.1 0.3203125 0.0 1.01953125 0.109375 0.5142144097222222 36
370 0.1 0.26953125 0.0 1.01953125 0.109375 0.5089738175675675 37
380 0.1 0.23046875 0.0 1.01953125 0.109375 0.502672697368421 38
390 0.1 0.19140625 0.0 1.01953125 0.109375 0.495693108974359 39
400 0.1 0.30859375 0.0 1.01953125 0.109375 0.4880859375 40
410 0.1 0.26171875 0.0 1.01953125 0.109375 0.4837080792682927 41
420 0.1 0.21875 0.0 1.01953125 0.109375 0.47842261904761907 42
430 0.1 0.19140625 0.0 1.01953125 0.109375 0.47238372093023256 43
440 0.1 0.16015625 0.0 1.01953125 0.109375 0.4659978693181818 44
450 0.1 0.12890625 0.0 1.01953125 0.109375 0.4592013888888889 45
460 0.1 0.109375 0.0 1.01953125 0.109375 0.4520210597826087 46
470 0.1 0.08984375 0.0 1.01953125 0.08984375 0.4447307180851064 47
480 0.1 0.1484375 0.0 1.01953125 0.08984375 0.4373372395833333 48
490 0.1 0.12890625 0.0 1.01953125 0.08984375 0.43144132653061223 49
500 0.1 0.19140625 0.0 1.01953125 0.08984375 0.425390625 50
510 0.1 0.23046875 0.0 1.01953125 0.08984375 0.42080269607843135 51
520 0.1 0.19921875 0.0 1.01953125 0.08984375 0.41714242788461536 52
530 0.1 0.171875 0.0 1.01953125 0.08984375 0.41303066037735847 53
540 0.1 0.140625 0.0 1.01953125 0.08984375 0.4085648148148148 54
550 0.1 0.19921875 0.0 1.01953125 0.08984375 0.4036931818181818 55
560 0.1 0.171875 0.0 1.01953125 0.08984375 0.40004185267857145 56
570 0.1 0.37890625 0.0 1.01953125 0.08984375 0.3960389254385965 57
580 0.1 0.3984375 0.0 1.01953125 0.08984375 0.3957435344827586 58
590 0.1 0.41015625 0.0 1.01953125 0.08984375 0.3957891949152542 59
600 0.1 0.421875 0.0 1.01953125 0.08984375 0.39602864583333336 60
610 0.1 0.6015625 0.0 1.01953125 0.08984375 0.39645235655737704 61
620 0.1 0.6484375 0.0 1.01953125 0.08984375 0.3997605846774194 62
630 0.1 0.69921875 0.0 1.01953125 0.08984375 0.4037078373015873 63
640 0.1 0.75 0.0 1.01953125 0.08984375 0.4083251953125 64
650 0.1 0.87109375 0.0 1.01953125 0.08984375 0.41358173076923077 65
660 0.1 0.87890625 0.0 1.01953125 0.08984375 0.4205137310606061 66
670 0.1 0.91015625 0.0 1.01953125 0.08984375 0.4273554104477612 67
680 0.1 0.76953125 0.0 1.01953125 0.08984375 0.43445542279411764 68
690 0.1 0.71875 0.0 1.01953125 0.08984375 0.43931159420289856 69
700 0.1 0.6796875 0.0 1.01953125 0.08984375 0.4433035714285714 70
710 0.1 0.578125 0.0 1.01953125 0.08984375 0.44663292253521125 71
720 0.1 0.5703125 0.0 1.01953125 0.08984375 0.4484592013888889 72
730 0.1 0.48046875 0.0 1.01953125 0.08984375 0.4501284246575342 73
740 0.1 0.41015625 0.0 1.01953125 0.08984375 0.45053842905405406 74
750 0.1 0.421875 0.0 1.01953125 0.08984375 0.45 75
760 0.1 0.3515625 0.0 1.01953125 0.08984375 0.4496299342105263 76
770 0.1 0.30078125 0.0 1.01953125 0.08984375 0.44835633116883117 77
780 0.1 0.25 0.0 1.01953125 0.08984375 0.44646434294871795 78
790 0.1 0.2890625 0.0 1.01953125 0.08984375 0.44397745253164556 79
800 0.1 0.23828125 0.0 1.01953125 0.08984375 0.442041015625 80
810 0.1 0.19921875 0.0 1.01953125 0.08984375 0.43952546296296297 81
820 0.1 0.25 0.0 1.01953125 0.08984375 0.4365948932926829 82
830 0.1 0.4296875 0.0 1.01953125 0.08984375 0.4343467620481928 83
840 0.1 0.359375 0.0 1.01953125 0.08984375 0.43429129464285715 84
850 0.1 0.390625 0.0 1.01953125 0.08984375 0.43340992647058824 85
860 0.1 0.48046875 0.0 1.01953125 0.08984375 0.4329124273255814 86
870 0.1 0.55859375 0.0 1.01953125 0.08984375 0.43345905172413796 87
880 0.1 0.62890625 0.0 1.01953125 0.08984375 0.4348810369318182 88
890 0.1 0.609375 0.0 1.01953125 0.08984375 0.437061095505618 89
900 0.1 0.6796875 0.0 1.01953125 0.08984375 0.43897569444444445 90
910 0.1 0.73046875 0.0 1.01953125 0.08984375 0.4416208791208791 91
920 0.1 0.78125 0.0 1.01953125 0.08984375 0.4447605298913043 92
930 0.1 0.890625 0.0 1.01953125 0.08984375 0.4483786962365591 93
940 0.1 0.828125 0.0 1.01953125 0.08984375 0.45308344414893614 94
950 0.1 0.7890625 0.0 1.01953125 0.08984375 0.45703125 95
960 0.1 0.73828125 0.0 1.01953125 0.08984375 0.4604899088541667 96
970 0.1 0.9296875 0.0 1.01953125 0.08984375 0.46335373711340205 97
