0 3.3 4308.896181818184 1803.990269368678 7964.639 1421.056 0 0
10 14.2 5345.694866197183 2269.0475130205923 10608.043 1421.056 4308.896181818184 33
20 27.8 5358.309960431656 3204.572925805033 17424.93 1213.311 5150.184257142858 175
30 51.8 4275.856826254821 3086.9848374908215 17424.93 70.233 5277.908198675497 453
40 105.4 2608.9588026565452 2330.289705663684 17424.93 6.652 4743.343202883622 971
50 180.7 1206.5317874930859 1196.9080532241112 17424.93 6.652 3632.409297777776 2025
60 242.2 215.98635672997565 324.70228163684317 17424.93 5.834 2488.4738434238 3832
70 232.6 95.9574428202923 113.5105141705974 17424.93 5.834 1608.4027380876244 6254
80 254.9 89.3376673205178 104.57309230047852 17424.93 5.316 1198.3855170163174 8580
90 253.4 89.54143725335476 106.36323291770617 17424.93 5.316 944.3678183125171 11129
100 236.1 95.02935239305386 110.40758498883899 17424.93 5.316 785.8279625265318 13663
110 158.1 585.5660455407975 621.62844450082 17424.93 5.316 684.0446675611586 16024
120 98.1 2202.58990417941 1502.2717701535828 17424.93 5.316 675.2008901448455 17605
130 74.3 4177.776578734852 2604.357132938937 17424.93 5.316 755.8190232971057 18586
140 65.9 5834.8276570561475 3269.875683427858 19822.502 5.316 887.3578749547313 19329
150 67.3 7033.062769687965 3727.527931387123 22616.482 5.316 1050.474874474685 19988
160 67.1 8657.68753502236 4575.379815408201 28473.356 5.316 1245.3483875417455 20661
170 64.9 9240.67565023113 4600.431630590231 29320.749 5.316 1478.5041895274708 21332
180 80.1 8804.481607990003 5680.594151496739 29320.749 0.547 1707.6861775169468 21981
190 123.7 6767.4718714632145 6450.504943904986 32000.136 0.473 1957.20479483803 22782
200 168.6 4939.432598457894 5966.795698240777 34664.231 0.473 2204.937855073067 24019
210 179.4 4058.790311594207 5130.145710407975 34664.231 0.462 2384.2943280295667 25705
220 169.7 3699.375938126103 4674.304162952349 34664.231 0.462 2493.5363293574324 27499
230 157.8 3569.459326362484 4378.742859491305 34664.231 0.462 2563.625033840253 29196
240 140.1 3408.0144468236954 4340.798267187302 34664.231 0.462 2615.201251218562 30774
250 121.1 3303.4499289843056 4266.662546788792 34664.231 0.419 2649.722814141415 32175
260 111.4 3371.4222872531413 4189.300973856615 34664.231 0.419 2673.435254567783 33386
270 109.5 2829.0349132420083 3731.579616936027 34664.231 0.419 2695.9731546956527 34500
280 99.2 3004.5940211693573 3676.777789476332 34664.231 0.419 2700.0664999859537 35595
290 84.1 2753.4735873959526 3403.1732458387423 34664.231 0.419 2708.3232934102284 36587
300 74.7 2926.1916439089673 3428.1436828634787 34664.231 0.419 2709.337811878808 37428
310 50.2 3615.5539402390427 3450.1804063214527 34664.231 0.419 2713.5811599476106 38175
320 36 4738.952449999997 3443.842958052447 34664.231 0.419 2725.288126250744 38677
330 26.1 5518.954321839076 2896.564562334045 34664.231 0.419 2743.858179188975 39037
340 16.8 7639.171440476187 2564.1927263215384 34664.231 0.419 2762.28914496921 39298
350 13.4 7413.495910447759 2354.5724138713604 34664.231 0.419 2783.0491973090766 39466
360 11.8 6530.042983050849 2528.16766483766 34664.231 0.419 2798.717880631314 39600
370 8.7 6214.343540229881 2387.790579033516 34664.231 0.419 2809.803442897428 39718
380 4.1 5377.802439024388 1996.431921436378 34664.231 0.419 2817.2445932169335 39805
390 2.5 5081.570440000001 2990.445375887225 34664.231 0.419 2819.879308663355 39846
400 2.2 4485.587272727273 2381.7198060712003 34664.231 0.419 2821.29743909107 39871
410 1.3 2650.4845384615382 1789.8477417216084 34664.231 0.419 2822.2152536535245 39893
420 0.7 1237.2484285714286 744.5034426233093 34664.231 0.419 2822.1593097028026 39906
430 0.2 28.5105 15.295499999999997 34664.231 0.419 2821.881345726957 39913
440 0.2 38.756 11.131 34664.231 0.419 2821.7413797569843 39915
450 14 123.11774999999997 114.79118420917453 34664.231 0.419 2821.601941152893 39917
460 99.5 123.66830050251255 120.88902910414942 34664.231 0.419 2812.1706860224185 40057
470 180.2 114.505115427303 122.99203242275277 34664.231 0.419 2747.0079686495183 41052
480 217 177.44961705069144 224.06193948109077 34664.231 0.419 2636.311880967938 42854
490 115.2 2057.3163133680537 1492.840779896756 34664.231 0.419 2517.803283049041 45024
500 79.3 5212.3153064312855 2574.4905044989832 34664.231 0.419 2506.315042641199 46176
510 77.2 8171.196959844557 3559.9973886645794 34664.231 0.419 2552.0017340586346 46969
520 143.3 7143.542441730641 5813.337909332336 34664.231 0.419 2642.867420037285 47741
530 259.5 3837.0517973024953 5197.604992222469 34664.231 0.419 2774.0234640053695 49174
540 354.9 2604.834067906463 4224.166422422463 34664.231 0.415 2827.309378836756 51769
550 430.6 1916.843638643759 3551.3500885139188 34664.231 0.415 2813.036178820638 55318
560 460.7 1773.197633601044 3226.506455044212 34664.231 0.415 2748.313834160742 59624
570 442.9 1731.2870684127322 3122.0584624608264 34664.231 0.415 2678.373146082111 64231
580 470.1 1594.001375239314 3028.065163473477 34664.231 0.405 2617.2801627148274 68660
590 490.7 1489.3739983696823 2928.712599930785 34664.231 0.405 2551.7080797290123 73361
600 484.7 1521.8907317928595 2864.1144898669036 34664.231 0.405 2485.1052109035636 78268
610 470.3 1471.4480914310057 2757.3031355125963 34664.231 0.405 2428.9336344101557 83115
620 448.1 1508.1302160232108 2783.2310211443983 34664.231 0.405 2377.6565100321127 87818
630 426.6 1574.013120253165 2865.548993568391 34664.231 0.405 2335.4421055049356 92299
640 407.6 1597.141932041217 2889.7700325675623 34664.231 0.405 2301.8040787759546 96565
650 380.7 1811.3798920409765 3064.0647155942174 34664.231 0.405 2273.264985264455 100641
660 307.9 1939.3683549853845 3166.4117999189043 34664.231 0.405 2256.429846727558 104448
670 275.7 1875.5395016322102 3117.685360866922 34664.231 0.405 2247.350896016814 107527
680 218.8 1890.5562308043866 3010.8536497747004 34664.231 0.405 2238.0559482971235 110284
690 178.8 2048.920908836683 3223.5877286597793 34664.231 0.405 2231.295782372501 112472
700 122 2688.033722131151 3427.5090779901075 34664.231 0.405 2228.441885349203 114260
710 89.1 3678.929124579125 3567.616031865836 34664.231 0.405 2233.297289236231 115480
720 65.5 4758.081233587787 3628.3752111875388 34664.231 0.405 2244.3658369439117 116371
730 49.5 7000.961826262624 3182.129783388116 34664.231 0.405 2258.4352196862233 117026
740 37.4 7587.863441176465 2822.3445637932755 34664.231 0.405 2278.4108042222238 117521
750 38.6 7636.673002590676 2730.003502877124 34664.231 0.405 2295.2540569998723 117895
760 35.7 6827.843358543417 2686.8246107471164 34664.231 0.405 2312.685324177171 118281
770 34.3 6335.100049562683 2725.153548492274 34664.231 0.405 2326.272129570626 118638
780 34.7 5466.343919308362 2621.2583521680094 34664.231 0.405 2337.828831704221 118981
790 35.3 4117.489033994329 2271.285912457456 34664.231 0.405 2346.9264008866307 119328
800 33.7 2739.184032640948 1959.6035863666134 34664.231 0.405 2352.148688547053 119681
810 23.4 1271.8162136752137 1206.3124824197807 34664.231 0.405 2353.2354497908636 120018
820 8.3 118.95695180722893 128.23506738139508 34664.231 0.405 2351.131101412034 120252
830 1.4 92.4725 80.2611625211721 34664.231 0.405 2349.591479070926 120335
840 20.5 120.81952682926831 118.1429457669529 34664.231 0.405 2349.3289121554803 120349
850 182.9 148.16855986878036 133.00612490012807 34664.231 0.405 2345.539370340262 120554
860 299.3 274.75651720681645 278.1566354020944 34664.231 0.405 2312.699913778874 122383
870 338.5 757.0607917282126 629.5995250583105 34664.231 0.405 2264.049736823634 125376
880 356.1 1291.1239233361393 1019.2210400880329 34664.231 0.405 2224.4324802075153 128761
890 346.2 2131.65394136338 1554.4698528574547 34664.231 0.405 2199.3156306207575 132322
900 361.5 2786.1699355463315 1998.255215628846 34664.231 0.405 2197.590502710186 135784
910 365.2 3565.101862814888 2556.0326421235595 34664.231 0.405 2212.8539884575916 139399
920 385.3 4078.3763155982415 2923.4220577945657 34664.231 0.405 2247.376006738854 143051
930 387 4695.154207235154 3286.62070209719 34664.231 0.405 2295.3995063715065 146904
940 395.2 5501.340454959538 3698.1363402364104 34664.231 0.405 2356.9953431360836 150774
950 391.5 6011.946936909337 3849.794677555679 34664.231 0.405 2437.307972441606 154726
960 393.9 6590.172175171364 4103.590075065604 34664.231 0.405 2525.5242062392444 158641
970 397 7427.2387944584325 4444.636335398017 34664.231 0.405 2624.002791241235 162580
