0 9.3 2244.1951290322563 1589.8975241147866 6609.643 11.067 0 0
10 35.8 2668.0051508379875 1671.8962709400378 6827.133 8.586 2244.1951290322563 93
20 66.6 2365.189051051046 1629.5332527184128 7176.248 4.221 2580.6119534368054 451
30 118.9 1846.919179983178 1509.2019342758085 7726.162 3.042 2452.1682175469973 1117
40 236 1094.202858050841 1088.7900907789335 7726.162 2.755 2140.0948846487404 2306
50 430.3 477.93415152219427 595.5304106538173 7726.162 2.746 1611.0967743248993 4666
60 533.6 90.99454122938528 149.21522384486437 7726.162 2.485 1067.4465607091072 8969
70 473.3 46.99479061905766 65.7031150972032 7726.162 2.326 703.213916462774 14305
80 498.3 45.578327914910595 65.74625835324605 7726.162 2.326 540.0725611408752 19038
90 500.9 45.36133300059893 67.04842951573413 7726.162 2.151 437.49295312434884 24021
100 487 46.35432874743327 69.01562075228435 7726.162 2.151 369.8323508095068 29030
110 348 290.70122126436894 426.9222781278183 7726.162 2.151 323.3622042772856 33900
120 197.9 1205.3062304194073 1077.8292477935506 7726.162 2.151 320.32153491171715 37380
130 155.1 2200.1835183752387 1684.464720719692 8203.222 2.151 364.8192282578316 39359
140 144.5 2989.1950927335615 1827.429330593825 9450.453 2.151 434.402460083109 40910
150 141.3 3780.5147671620675 1842.3646066913154 9450.453 2.151 521.5627800968005 42355
160 135.3 4487.85279748705 1740.4522345274538 10636.833 2.151 626.7743309495519 43768
170 139 4830.028933093531 1514.0862637405635 10636.833 2.151 742.5527748055222 45121
180 174.7 4217.983150543787 2375.14332656629 10636.833 0.426 864.7086489002596 46511
190 265.8 2931.94692814146 3018.3184438550466 11110.074 0.407 986.101382838078 48258
200 353.5 2158.1508381895396 2866.0555661185263 11360.942 0.395 1087.6815827637672 50916
210 387.3 1707.0993981409738 2671.453894143903 11360.942 0.384 1157.1772544305888 54451
220 374.7 1637.931340539099 2621.1696045954545 11403.081 0.384 1193.6947851656264 58324
230 344 1604.790729941857 2580.6414984254307 11403.081 0.384 1220.5117266195164 62071
240 294.7 1570.7097427892782 2563.942098709211 11403.081 0.384 1240.6903190914502 65511
250 234.3 1630.8107119078081 2622.2798797476303 11403.081 0.384 1254.8970917350782 68458
260 207.3 1727.4463424987964 2652.834275037977 11403.081 0.384 1267.3371082894307 70801
270 200.7 1537.739747384152 2520.280473513703 11403.081 0.384 1280.425540961111 72874
280 178.2 1607.356825476994 2528.081193801377 11403.081 0.384 1287.3222118427907 74881
290 151.5 1555.2531854785484 2422.005204512748 11403.081 0.384 1294.761285209293 76663
300 134.5 1575.6610587360587 2357.3714774401406 11403.081 0.384 1299.8093195528156 78178
310 97.6 1905.1508217213122 2414.646426666902 11403.081 0.384 1304.4748954139056 79523
320 67 2493.775691044775 2419.641281818995 11403.081 0.384 1311.7577151268963 80499
330 47.8 3165.6126652719663 2078.960408307174 11403.081 0.384 1321.514544013109 81169
340 33.1 3740.104836858006 1821.3499090246562 11403.081 0.384 1332.310763126631 81647
350 27.8 3359.9990287769783 1896.6456224350572 11403.081 0.384 1342.0326377564718 81978
360 22.5 3236.9886488888906 1697.0566703194834 11403.081 0.384 1348.8527439700454 82256
370 17.6 2716.6729431818167 1812.1027712050777 11403.081 0.384 1354.003391738704 82481
380 8.8 2436.7428068181816 1786.7228588069217 11403.081 0.384 1356.904898459901 82657
390 4.8 2564.7869374999996 2034.6843838762952 11403.081 0.384 1358.053315112696 82745
400 4.6 1933.1763478260877 1659.2673671631503 11403.081 0.384 1358.7529299820037 82793
410 2.5 1335.19864 1423.2555324076384 11403.081 0.384 1359.071903861708 82839
420 1.4 618.5868571428571 562.2692340451271 11403.081 0.384 1359.0647013178225 82864
430 0.2 28.5105 15.295499999999997 11403.081 0.384 1358.939617582471 82878
440 0.5 15.459399999999999 13.458407418413218 11403.081 0.384 1358.9075126327225 82880
450 30.4 57.57465460526317 76.89644654549897 11403.081 0.384 1358.8264697351758 82885
460 228.8 54.023526660839124 71.35430233331988 11403.081 0.384 1354.0712671026222 83189
470 412.7 50.149179064695865 68.265861975718 11403.081 0.384 1319.272324344561 85477
480 492.1 83.08485328185323 139.81697774696715 11403.081 0.384 1260.8187818624174 89604
490 257.9 1127.3227859635515 1073.6566848043342 11403.081 0.384 1199.505598444856 94525
500 170.9 3002.3562849619702 1725.8240143583162 11403.081 0.384 1197.5884840789258 97104
510 171.2 4547.8635216121575 1668.1685437376877 11403.081 0.384 1228.80247587868 98813
520 297.8 3218.7858374748143 2842.6613340753684 11403.081 0.384 1285.3280417607562 100525
530 546 1673.117297802194 2733.6714792093144 11403.081 0.384 1340.957707718617 103503
540 750.7 1157.5988625283098 2403.5781745804898 11521.505 0.37 1357.6018104127088 108963
550 955.8 840.9447563297773 2078.359905883207 11720.267 0.37 1344.7107472224607 116470
560 978.3 815.6408189716842 2006.1026472390631 11720.267 0.37 1306.5049886533152 126028
570 930.1 831.8781294484498 2026.1605741400108 11720.267 0.37 1271.1461136579512 135811
580 969.9 762.1247922466206 1952.4359761202447 11720.267 0.368 1242.991091873863 145112
590 994.6 727.5284685300628 1911.9245369607904 11720.267 0.366 1212.8645360084233 154811
600 991.3 733.0582178956923 1894.4698529771483 11720.267 0.364 1183.565917272104 164757
610 954.9 726.2338613467391 1839.1804671592467 11720.267 0.364 1157.9983737676762 174670
620 921.4 744.0087686129825 1862.7989725732198 11720.267 0.364 1135.6178411998765 184219
630 873.4 765.3807171971611 1884.1057952609794 11720.267 0.364 1116.9639093743056 193433
640 858.3 766.841555283699 1882.3463934872202 11720.267 0.364 1101.7748448856642 202167
650 782.2 872.6961128867275 2006.6978542476877 11720.267 0.364 1088.134358884935 210750
660 634.2 932.9740113528862 2065.913597272437 11720.267 0.364 1080.4245060208993 218572
670 542.7 925.7527541920008 2047.7238823909208 11720.267 0.364 1076.2667789021582 224914
680 438 952.8989641552512 2060.944711591523 11720.267 0.364 1072.720559982808 230341
690 338 1076.1847029585797 2144.8546231116898 11720.267 0.364 1070.484634821767 234721
700 223.7 1500.1910330800176 2388.5354489373503 11720.267 0.364 1070.565551030865 238101
710 162.2 2063.768731812577 2476.9849057672504 11720.267 0.364 1074.564386851018 240338
720 122.2 2662.9459427168576 2496.026899294402 11720.267 0.364 1081.1956046040666 241960
730 88.6 3802.2119379232504 2096.7261216121638 11720.267 0.364 1089.143968023949 243182
740 69.9 4171.291434907011 1763.0761997686582 11720.267 0.364 1098.9927733623415 244068
750 70.6 4021.0692606232283 1769.77523910652 11720.267 0.364 1107.766573606736 244767
760 65.1 3695.6166574500785 1730.4560017489362 11720.267 0.364 1116.1454653668632 245473
770 65.5 3138.102577099238 1808.0386597357544 11720.267 0.364 1122.9681878402757 246124
780 63.3 2818.3463349131102 1742.4157778459523 11720.267 0.364 1128.3167508256377 246779
790 66.9 2034.921034379672 1556.4730825154552 11720.267 0.364 1132.640666911872 247412
800 63.3 1335.2511469194303 1315.3772866888178 11720.267 0.364 1135.073846259891 248081
810 45.4 625.0847599118953 833.4398109512397 11720.267 0.364 1135.5833158969742 248714
820 17.2 54.188976744186085 85.94339933466172 11720.267 0.364 1134.6531549436527 249168
830 3.1 41.721225806451606 68.34187444572665 11720.267 0.364 1133.9078279257242 249340
840 48 52.376354166666644 71.90161565120584 11720.267 0.364 1133.7720551828402 249371
850 439.8 62.074668940427486 75.79136272011348 11720.267 0.364 1131.694537236193 249851
860 706.4 122.6334719705552 153.2637999142626 11720.267 0.364 1113.1922493972445 254249
870 769.5 342.28421052631614 395.28950724934066 11720.267 0.364 1086.414755725892 261313
880 793.9 601.7609163622628 678.5857055536153 11720.267 0.364 1065.1288291166063 269008
890 756.2 1038.4272006083024 1036.8225205678884 11720.267 0.364 1051.8458621252444 276947
900 778.5 1384.920927552987 1263.4911980716392 11720.267 0.364 1051.4892058564053 284509
910 787.2 1741.7433512449131 1540.7229570572879 11720.267 0.364 1060.3698737914567 292294
920 822.4 1986.579444430942 1673.34841451756 11720.267 0.364 1078.2392261315406 300166
930 837.5 2333.2257996418025 1845.2992518997385 11720.267 0.364 1102.4624174000455 308390
940 858.6 2621.143409154443 1938.9148830508054 11720.267 0.364 1135.0027653749628 316765
950 851.7 2917.1689705295416 1943.8616569139792 11720.267 0.364 1174.2219580852684 325351
960 860.3 3251.2406767406737 2029.3814824594654 11720.267 0.364 1218.6846789958913 333868
970 857 3607.4228932321935 1992.5661130546798 11720.267 0.364 1269.7432481845185 342471
