50 7.6 45550.403000000006 6509.28506108038 56079.133 31980.791 0 0
60 16.1 31404.684565217398 13347.697995197675 61786.19 5745.341 45550.403000000006 76
70 7.7 27222.280324675332 17036.36471717898 75968.675 5233.366 35940.86431645571 237
80 9.1 44768.14273626372 27784.69395567394 87387.134 5233.366 33802.867605095555 314
90 11.5 50530.83728695653 28312.363865626034 94235.311 5233.366 36266.67016543211 405
100 12.8 50933.367617187476 26571.884035876763 101638.11 4524.297 39421.24558653847 520
110 10 51051.629929999996 24782.56683262933 105559.259 4524.297 41695.245 648
120 4.9 48995.769102040824 24026.57838354515 105559.259 4524.297 42946.09860026738 748
130 3.7 51857.82702702703 21184.750253731123 105559.259 4524.297 43318.0356825596 797
140 2.1 72926.3824285714 21684.600981431176 116330.873 4524.297 43696.899327338135 834
150 1.9 72127.21678947369 20381.45507423025 116330.873 4524.297 44414.81645614036 855
160 1.5 83979.39566666666 22566.01957799171 123015.641 4524.297 45017.25994164761 874
170 1.2 79398.73933333333 18169.33660247808 123015.641 4524.297 45674.6638065242 889
180 1.2 104029.47333333334 16511.49295506938 123015.641 4524.297 46123.819085460615 901
190 2 104451.82580000002 18223.252978472854 131339.527 4524.297 46884.9010690033 913
200 4.4 99828.75206818181 21400.056155585553 148045.683 4524.297 48118.91874812435 933
210 7.1 100926.13850704224 23113.52228389892 148045.683 4524.297 50447.71369805529 977
220 7.7 96102.50863636361 28780.747094299502 158173.724 4524.297 53867.53064599238 1048
230 11.4 95716.1872719298 30166.301357454027 159337.479 4524.297 56758.28025066668 1125
240 11.7 97050.02227350432 35794.44234255018 166673.96 4524.297 60342.78501291365 1239
250 9 103078.30267777773 36726.81846098532 169783.591 4524.297 63510.002387168155 1356
260 6.3 110808.25799999999 32816.29755478538 169783.591 4524.297 65972.75966666668 1446
270 4.6 127318.77386956521 35341.82697941133 173612.55 4524.297 67844.61943803844 1509
280 5.4 143813.69312962957 32620.760412612322 189909.918 4524.297 69603.98349196142 1555
290 4.7 151783.6371489362 23896.72647812702 189909.918 4524.297 72094.55174580486 1609
300 5.6 159183.35674999998 23688.18937359303 207935.761 4524.297 74356.25887983093 1656
310 4.8 158903.29775000006 24531.90898189084 207935.761 4524.297 77130.97703446263 1712
320 4.6 164485.71473913037 24391.030372160072 207935.761 4524.297 79361.13123579547 1760
330 3.8 168145.72878947365 25432.577661442956 214695.79 4524.297 81529.30999612404 1806
340 3.3 184238.32987878792 23065.94244406552 226047.47 4524.297 83314.24704284166 1844
350 3.1 189634.92509677415 20132.76417445803 236323.357 4524.297 85088.618238146 1877
360 2.8 197631.37667857143 22541.061213112673 244657.19 4524.297 86787.22175628932 1908
370 2.9 200760.30634482758 19725.12089213301 248031.404 4524.297 88390.33969938017 1936
380 1.6 210265.691 19658.634999245212 256558.684 4524.297 90048.72597557254 1965
390 0.6 219023.0626666667 17191.150150695234 256558.684 4524.297 91019.68581423524 1981
400 0.7 221950.07157142856 7848.6526473597405 256558.684 4524.297 91406.20834121792 1987
410 0.2 219184.297 976.4729999999981 256558.684 4524.297 91864.48669759277 1994
420 0.2 227618.29450000002 89.05850000000646 256558.684 4524.297 91992.06165781563 1996
430 0 0 0 256558.684 4524.297 92127.82365265265 1998
440 0 0 0 256558.684 4524.297 92127.82365265265 1998
450 0.1 281049.491 0.0 281049.491 4524.297 92127.82365265265 1998
460 1.4 9159.238285714286 1606.4433598597968 281049.491 4524.297 92222.33174037018 1999
470 5.9 13134.313576271188 3142.4790571011695 281049.491 4524.297 91644.64504967708 2013
480 8.7 15109.580735632186 5242.650544231146 281049.491 4524.297 89409.07093918917 2072
490 2.1 19971.198666666663 6267.4038136386525 281049.491 4524.297 86415.06647058822 2159
500 1.5 29093.469466666666 6921.810127579526 281049.491 4524.297 85775.01086330273 2180
510 1.3 41490.73953846155 7352.673312640517 281049.491 4524.297 85387.6654779043 2195
520 2.3 48724.261999999995 6819.523086821711 281049.491 4524.297 85129.21437409418 2208
530 4.1 59702.443390243905 10984.087542900015 281049.491 4524.297 84753.90558673239 2231
540 7.4 58469.98264864865 15617.901321480096 281049.491 4524.297 84301.83254533449 2272
550 16.8 57826.40366666671 21593.020351377014 281049.491 4524.297 83487.01716069903 2346
560 23.2 62139.88508189651 24764.355811756046 281049.491 4524.297 81772.22676014318 2514
570 20.2 62523.025594059414 31518.43786232209 281049.491 4524.297 80113.55841733428 2746
580 20.2 63911.416539603924 32643.358717840645 281049.491 4524.297 78908.23696879238 2948
590 19.7 71427.14021319804 37163.62562806816 281049.491 4524.297 77946.53610317459 3150
600 24.1 74591.34832365139 40185.383036023944 281049.491 4524.297 77562.81307051089 3347
610 21.6 73653.00333796297 37519.3702623532 281049.491 4524.297 77363.22471934224 3588
620 25.3 78209.91052964426 38302.36903446863 281049.491 4524.297 77152.5496882229 3804
630 25 82643.55052800008 40416.25271906804 281049.491 4524.297 77218.488138526 4057
640 23.5 80088.63975744678 38532.756827808436 281049.491 4524.297 77533.38611794752 4307
650 22.1 72996.32537556558 40517.339591070195 281049.491 4524.297 77665.59320849845 4542
660 19.9 70710.66770854274 38361.1768675723 281049.491 4524.297 77448.94231807684 4763
670 16.2 72074.22433950614 34415.891456046156 281049.491 4524.297 77178.70518641676 4962
680 16.4 81809.58996341472 34481.01059609564 281049.491 4524.297 77017.32230249804 5124
690 12.8 83983.34259375006 25871.230441962554 281049.491 4524.297 77165.94785022693 5288
700 7.4 95944.57544594593 24016.66621947723 281049.491 4524.297 77327.06796233384 5416
710 4.6 99935.39071739135 22753.877104472373 281049.491 4524.297 77578.0143291439 5490
720 5.4 111350.31646296295 17574.883888028646 281049.491 4524.297 77763.78732658959 5536
730 3.8 116959.35144736839 15546.299082197675 281049.491 4524.297 78088.23680304115 5590
740 3.4 132926.8792647059 14489.19587950411 281049.491 4524.297 78350.69280099504 5628
750 3.6 130959.48633333326 16422.658143666275 281049.491 4524.297 78678.41981261039 5662
760 3.6 144377.32147222228 15357.800432486443 281049.491 4524.297 79008.73192120044 5698
770 3.6 148249.2175555556 15150.093610711721 281049.491 4524.297 79419.13813393793 5734
780 3.9 152695.51258974356 12902.495369504415 281049.491 4524.297 79848.58057053728 5770
790 4.5 159777.74246666668 12947.404289853243 281049.491 4524.297 80337.65448149425 5809
800 6.1 167136.89175409832 10627.11161899465 281049.491 4524.297 80948.31453604375 5854
810 6.1 173302.61724590173 9117.161366098811 281049.491 4524.297 81837.15700608624 5915
820 1.8 180546.95650000003 6817.39027428701 281049.491 4524.297 82770.79038537486 5976
830 0.4 182798.52724999998 2764.2139953454484 281049.491 4524.297 83064.41250583921 5994
840 0.1 195503.529 0.0 281049.491 4524.297 83130.92408619545 5998
850 2.2 9994.971363636361 2398.475636938644 281049.491 4112.721 83149.65597566265 5999
860 10.5 14156.264038095233 3742.0023160472474 281049.491 4112.721 82882.35767613357 6021
870 10.5 18951.044342857138 4815.411351373743 281049.491 4112.721 81704.38839242577 6126
880 9.6 25764.12369791667 5967.458941004008 281049.491 4112.721 80646.91750088273 6231
890 9.8 30312.17642857143 6326.2570268474865 281049.491 4112.721 79814.17714920189 6327
900 7.7 38526.155675324684 8397.526089369985 281049.491 4112.721 79059.12717712068 6425
910 9.3 44923.49833333334 8067.685407798329 281049.491 4112.721 78579.11505690562 6502
920 8.5 54208.82811764706 12034.482605406609 281049.491 4112.721 78104.517277483 6595
930 9.1 61772.664703296694 13043.455749329485 281049.491 4112.721 77800.45536452101 6680
940 11.9 68333.87970588235 14937.983409564773 281049.491 4112.721 77585.04716038995 6771
950 10.8 76391.59974074068 17089.433578897173 281049.491 4112.721 77425.26647431064 6890
960 10.8 82797.7400555556 18934.65431172428 281049.491 4112.721 77409.31391540445 6998
970 13.4 91251.88335820899 19969.4236179697 281049.491 4112.721 77491.20949985932 7106
