0 364.25078125 364.25078125
10 1292.58125 1656.83203125
20 2622.55703125 4279.3890625
30 5534.21484375 9813.60390625
40 10663.59140625 20477.1953125
50 19410.49765625 39887.69296875
60 24325.0984375 64212.79140625
70 20851.22265625 85064.0140625
80 21142.009375 106206.0234375
90 20824.04609375 127030.06953125
100 20160.47109375 147190.540625
110 14160.7671875 161351.3078125
120 8285.31875 169636.6265625
130 6608.3671875 176244.99375
140 6119.72265625 182364.71640625
150 5802.72109375 188167.4375
160 5327.1515625 193494.5890625
170 5235.52890625 198730.11796875
180 5275.21953125 204005.3375
190 5365.596875 209370.934375
200 5411.303125 214782.2375
210 4900.06796875 219682.30546875
220 4726.76875 224409.07421875
230 4204.49453125 228613.56875
240 3720.121875 232333.690625
250 3032.253125 235365.94375
260 2706.29140625 238072.23515625
270 2345.3359375 240417.57109375
280 2106.359375 242523.93046875
290 1717.37421875 244241.3046875
300 1557.278125 245798.5828125
310 1393.1125 247191.6953125
320 1152.59140625 248344.28671875
330 1109.596875 249453.88359375
340 1094.1046875 250547.98828125
350 956.36875 251504.35703125
360 822.6453125 252327.00234375
370 745.49453125 253072.496875
380 338.87265625 253411.36953125
390 165.42265625 253576.7921875
400 202.76171875 253779.55390625
410 88.253125 253867.80703125
420 59.44765625 253927.2546875
430 5.79140625 253933.04609375
440 12.34140625 253945.3875
450 1208.0765625 255153.4640625
460 10239.55546875 265393.01953125
470 18616.58203125 284009.6015625
480 21999.1703125 306008.771875
490 11212.41953125 317221.19140625
500 7288.5046875 324509.69609375
510 6571.44921875 331081.1453125
520 6597.31171875 337678.45703125
530 6234.5921875 343913.04921875
540 6708.08671875 350621.1359375
550 7014.7140625 357635.85
560 6900.915625 364536.765625
570 6596.1359375 371132.9015625
580 6535.82109375 377668.72265625
590 6317.22890625 383985.9515625
600 6427.55234375 390413.50390625
610 6192.73359375 396606.2375
620 6177.13984375 402783.37734375
630 5826.021875 408609.39921875
640 5623.68828125 414233.0875
650 5777.57109375 420010.65859375
660 4853.78125 424864.43984375
670 4105.5046875 428969.94453125
680 3482.81484375 432452.759375
690 2899.65234375 435352.41171875
700 2524.37421875 437876.7859375
710 2429.13046875 440305.91640625
720 2374.03125 442679.94765625
730 2533.83359375 445213.78125
740 2196.64296875 447410.42421875
750 2370.06484375 449780.4890625
760 2161.5265625 451942.015625
770 2199.31796875 454141.33359375
780 2207.07734375 456348.4109375
790 2345.69453125 458694.10546875
800 2322.7921875 461016.89765625
810 1753.25234375 462770.15
820 623.89921875 463394.04921875
830 114.6171875 463508.66640625
840 1910.63828125 465419.3046875
850 19608.4390625 485027.74375
860 31361.390625 516389.134375
870 34564.8359375 550953.9703125
880 35056.7140625 586010.684375
890 33758.8328125 619769.5171875
900 34257.35625 654026.8734375
910 34829.78125 688856.6546875
920 35478.15078125 724334.80546875
930 35991.5953125 760326.40078125
940 36509.61328125 796836.0140625
950 35883.38046875 832719.39453125
960 36003.19609375 868722.590625
970 35559.54296875 904282.13359375
