0 40.05 40.05
10 154.14765625 194.19765625
20 280.8671875 475.06484375
30 502.0421875 977.10703125
40 987.571875 1964.67890625
50 1824.459375 3789.13828125
60 2269.67265625 6058.8109375
70 2060.21015625 8119.02109375
80 2188.58203125 10307.603125
90 2202.72421875 12510.32734375
100 2168.8671875 14679.19453125
110 1622.3765625 16301.57109375
120 906.1734375 17207.74453125
130 685.1375 17892.88203125
140 650.05703125 18542.9390625
150 622.61875 19165.5578125
160 577.61328125 19743.17109375
170 625.278125 20368.44921875
180 726.05703125 21094.50625
190 1080.3 22174.80625
200 1497.63828125 23672.44453125
210 1687.23125 25359.67578125
220 1659.88203125 27019.5578125
230 1535.58828125 28555.14609375
240 1302.4890625 29857.63515625
250 1026.57734375 30884.2125
260 921.07890625 31805.29140625
270 902.978125 32708.26953125
280 794.77578125 33503.0453125
290 703.95390625 34206.99921875
300 618.62109375 34825.6203125
310 470.8125 35296.4328125
320 314.6828125 35611.115625
330 222.221875 35833.3375
340 149.003125 35982.340625
350 128.43671875 36110.77734375
360 101.9296875 36212.70703125
370 70.4671875 36283.17421875
380 38.078125 36321.25234375
390 20.884375 36342.13671875
400 20.16328125 36362.3
410 11.2015625 36373.5015625
420 6.0171875 36379.51875
430 0.80625 36380.325
440 2.3125 36382.6375
450 107.159375 36489.796875
460 934.49765625 37424.29453125
470 1747.915625 39172.21015625
480 2152.87109375 41325.08125
490 1215.95390625 42541.03515625
500 783.9015625 43324.93671875
510 753.03125 44077.96796875
520 1120.45546875 45198.4234375
530 2109.56171875 47307.98515625
540 2885.0671875 50193.05234375
550 3764.803125 53957.85546875
560 3739.0484375 57696.90390625
570 3650.7671875 61347.67109375
580 3832.84453125 65180.515625
590 3942.6109375 69123.1265625
600 3870.653125 72993.7796875
610 3828.04375 76821.8234375
620 3678.88359375 80500.70703125
630 3382.5984375 83883.30546875
640 3325.75703125 87209.0625
650 3142.4359375 90351.4984375
660 2723.3765625 93074.875
670 2412.51953125 95487.39453125
680 1987.46328125 97474.8578125
690 1535.5328125 99010.390625
700 1049.27265625 100059.66328125
710 771.59765625 100831.2609375
720 577.125 101408.3859375
730 402.2671875 101810.653125
740 321.5296875 102132.1828125
750 315.796875 102447.9796875
760 290.384375 102738.3640625
770 305.06640625 103043.43046875
780 273.7484375 103317.17890625
790 307.09609375 103624.275
800 276.81328125 103901.08828125
810 202.61640625 104103.7046875
820 82.17890625 104185.88359375
830 15.45390625 104201.3375
840 165.1125 104366.45
850 1787.19140625 106153.64140625
860 3048.390625 109202.03203125
870 3332.8859375 112534.91796875
880 3474.64375 116009.56171875
890 3335.7921875 119345.35390625
900 3418.8953125 122764.24921875
910 3448.590625 126212.83984375
920 3617.2953125 129830.13515625
930 3705.25703125 133535.3921875
940 3766.85859375 137302.25078125
950 3774.36484375 141076.615625
960 3790.3671875 144866.9828125
970 3767.43125 148634.4140625
