60 1.6 3615.4538749999997 1582.1695050301926 7690.394 1627.757 0 0
70 6.2 5054.653467741935 2742.6496381784373 10599.67 968.055 3615.4538749999997 16
80 8.8 6212.347534090909 3163.7424410792605 17438.5 968.055 4759.433038461538 78
90 9.5 6410.671347368427 2943.2048133416874 17438.5 968.055 5529.652771084337 166
100 6 6257.615616666667 3278.5616014720695 17438.5 768.606 5850.330030651342 261
110 4.6 7539.514130434782 2837.8056267985025 17438.5 768.606 5926.458177570094 321
120 1.2 10999.769666666665 3077.395329988857 17438.5 768.606 6128.639577656677 367
130 1.5 16549.123000000003 2403.7143776322782 21409.5 768.606 6282.870609498682 379
140 1 21313.567500000005 1840.9247260656934 25834.97 768.606 6673.717781725891 394
150 1.2 27008.730166666664 3773.536476898094 36227.357 768.606 7036.090299504952 404
160 1.4 31018.36042857143 3466.1928613410937 38486.078 768.606 7612.224141826925 416
170 1.1 39435.871181818184 5640.689740335305 48480.578 768.606 8374.284393023258 430
180 1.1 40101.940818181814 3851.687906760921 49603.577 768.606 9149.06320181406 441
190 1.7 37324.05317647058 9827.241283597696 50106.651 768.606 9902.341196902657 452
200 1.6 32558.177624999993 12080.971760486818 50228.897 768.606 10896.305170575695 469
210 2.3 29814.373826086958 12645.96827247077 50228.897 768.606 11610.923643298971 485
220 2.6 20399.670653846155 10203.168900557339 50228.897 768.606 12435.095600393703 508
230 2.6 19066.116923076926 8024.370038804206 50228.897 768.606 12822.883898876407 534
240 4.2 17255.91173809525 7205.751418987419 50228.897 768.606 13112.748289285717 560
250 3.6 18539.28663888889 9644.499242445734 50228.897 768.606 13401.80620431894 602
260 6.5 17186.392784615393 8953.98408285562 50228.897 768.606 13691.695382445143 638
270 9.4 18847.240170212764 7940.745496358855 50228.897 768.606 14014.818186344242 703
280 6.9 19805.45608695653 7389.011556883809 50228.897 768.606 14584.765070263491 797
290 4.8 22032.910312499997 8846.910926303497 50228.897 768.606 15000.73236836028 866
300 4.4 20451.82670454546 8639.869613366373 50228.897 768.606 15370.037118161928 914
310 2.6 25598.404923076923 6901.82616541119 50228.897 768.606 15603.438727557414 958
320 0.2 28746.816 2430.678 50228.897 768.606 15867.533362804881 984
330 0.3 27157.592666666664 2583.5151252247183 50228.897 768.606 15893.657668357 986
340 0.2 32534.872000000003 8309.398999999998 50228.897 768.606 15927.825317492421 989
350 0.3 38024.259 5657.317475499496 50228.897 768.606 15961.341052472255 991
360 0 0 0 50228.897 768.606 16027.929336016103 994
370 0.2 38186.68 2828.1659999999974 50228.897 768.606 16027.929336016103 994
380 0 0 0 50228.897 768.606 16072.424819277114 996
390 0 0 0 50228.897 768.606 16072.424819277114 996
400 0 0 0 50228.897 768.606 16072.424819277114 996
410 0.1 44895.224 0.0 50228.897 768.606 16072.424819277114 996
420 0 0 0 50228.897 768.606 16101.334347041127 997
430 0 0 0 50228.897 768.606 16101.334347041127 997
440 0 0 0 50228.897 768.606 16101.334347041127 997
450 0 0 0 50228.897 768.606 16101.334347041127 997
460 0 0 0 50228.897 768.606 16101.334347041127 997
470 0 0 0 50228.897 768.606 16101.334347041127 997
480 0.7 5368.987571428572 1672.7692715601756 50228.897 768.606 16101.334347041127 997
490 1 9114.8312 1989.3110942596081 50228.897 768.606 16026.507228087654 1004
500 1.1 16381.782727272726 1539.3335557078576 50228.897 768.606 15958.344742603556 1014
510 0.8 22366.565 2962.5351414177776 50228.897 768.606 15962.888955121956 1025
520 1.1 31919.575818181816 3019.9023935190016 50228.897 768.606 16012.481799612782 1033
530 3.7 25984.424135135127 8472.155598825728 50228.897 768.606 16180.085280651345 1044
540 5.5 20546.413890909087 11784.450890603042 50228.897 768.606 16515.66394634598 1081
550 5.9 15497.477322033905 9567.875074206377 50228.897 768.606 16710.81469190141 1136
560 5.9 12700.859745762713 7163.265751971621 50228.897 768.606 16650.909332217576 1195
570 9.1 11516.096142857145 6586.925189674904 50228.897 768.606 16465.061704146734 1254
580 13.4 11437.097089552242 5837.636506292846 50228.897 768.606 16130.224628996286 1345
590 15.4 11790.393038961047 6133.308667048841 50228.897 735.594 15705.019023664643 1479
600 17.7 12135.034559322034 6144.826906990027 50228.897 735.594 15335.850375995105 1633
610 14.5 12183.726993103452 6818.908976357812 50228.897 649.345 15022.842420441993 1810
620 12.2 12592.760885245907 6939.072780707022 50228.897 649.345 14812.268641943738 1955
630 9.2 13315.478260869568 6943.466551088915 50228.897 649.345 14681.897940779976 2077
640 10.5 12760.770838095232 6058.486575382128 50228.897 649.345 14623.940075149843 2169
650 10.1 13166.42405940594 7109.883240359457 50228.897 649.345 14537.909833333339 2274
660 7.6 13609.092539473682 7003.0155689571875 50228.897 649.345 14479.58559621053 2375
670 9.5 13773.696715789478 6317.02182338105 50228.897 649.345 14452.593563443495 2451
680 10.4 14215.498817307693 7765.207005368583 51712.048 649.345 14427.261591516108 2546
690 7.9 13233.867455696201 5879.151884984899 51712.048 649.345 14418.950901509435 2650
700 6.4 16192.291046875003 6391.867596758885 51712.048 649.345 14384.644711615978 2729
710 4.4 19799.125318181814 7055.6849487457475 51712.048 649.345 14426.06589509488 2793
720 3.5 22950.288342857148 7984.229472691764 51712.048 649.345 14509.398505111032 2837
730 3.4 26206.422852941178 5186.897537677334 51712.048 649.345 14612.264502437327 2872
740 2.3 30572.533 6474.2123810559515 51712.048 649.345 14747.915357192016 2906
750 1.7 39472.27317647059 6654.010182203407 55713.711 649.345 14872.178315807443 2929
760 1.6 40915.07650000001 4752.890927620538 55713.711 649.345 15014.134056687033 2946
770 1.8 41891.96677777778 4294.464896545469 55713.711 649.345 15154.044616812964 2962
780 1.6 38381.934125 6510.304515934554 55909.746 649.345 15315.548844630874 2980
790 1.2 39067.480500000005 6336.816600361815 55909.746 649.345 15438.733812750335 2996
800 0.6 26128.925333333333 8147.598445763014 55909.746 649.345 15532.997429853725 3008
810 0.1 24599.664 0.0 55909.746 649.345 15554.090849701397 3014
820 0 0 0 55909.746 649.345 15557.091039800996 3015
830 0 0 0 55909.746 649.345 15557.091039800996 3015
840 0 0 0 55909.746 649.345 15557.091039800996 3015
850 0 0 0 55909.746 649.345 15557.091039800996 3015
860 0 0 0 55909.746 649.345 15557.091039800996 3015
870 0.4 5350.05925 706.6392538400958 55909.746 649.345 15557.091039800996 3015
880 1.9 7490.960210526316 1985.4130243529353 55909.746 649.345 15543.567314342501 3019
890 4.1 10570.347146341464 3128.0618706542796 55909.746 649.345 15493.20538709678 3038
900 4.1 13031.700414634151 3578.489671040413 55909.746 649.345 15427.652549204293 3079
910 6.2 15593.683838709674 3820.9520629811677 55909.746 649.345 15396.167280769236 3120
920 7.1 18623.87888732396 4366.985554143293 55909.746 649.345 15400.015812067888 3182
930 7.2 20463.91430555555 5400.65805376873 55909.746 649.345 15470.379869351375 3253
940 6.7 22629.49205970149 4894.359299831325 55909.746 649.345 15578.510539849629 3325
950 5.6 24255.526125 3648.7835320759114 55909.746 649.345 15717.7840545401 3392
960 5.5 28399.959072727263 5372.328578348979 55909.746 649.345 15856.448078886317 3448
970 5.6 29464.939124999994 4468.818458457357 55909.746 649.345 16053.391585783618 3503
