0 78 78
10 112 34
20 108 -4
30 105 -3
40 109 4
50 119 10
60 108 -11
70 95 -13
80 104 9
90 116 12
100 119 3
110 118 -1
120 104 -14
130 122 18
140 103 -19
150 105 2
160 106 1
170 100 -6
180 105 5
190 114 9
200 35 -79
210 7 -28
220 1 -6
230 68 67
240 176 108
250 207 31
260 190 -17
270 224 34
280 241 17
290 226 -15
300 207 -19
310 219 12
320 231 12
330 211 -20
340 221 10
350 213 -8
360 216 3
370 235 19
380 246 11
390 223 -23
400 216 -7
410 201 -15
420 210 9
430 173 -37
440 27 -146
450 4 -23
460 152 148
470 402 250
480 484 82
490 488 4
500 482 -6
510 430 -52
520 439 9
530 441 2
540 455 14
550 441 -14
560 401 -40
570 445 44
580 428 -17
590 465 37
600 436 -29
610 425 -11
620 446 21
630 477 31
640 464 -13
650 461 -3
660 316 -145
670 63 -253
680 14 -49
690 0 -14
700 621 621
710 885 264
720 857 -28
730 886 29
740 859 -27
750 921 62
760 865 -56
770 941 76
780 919 -22
790 897 -22
800 890 -7
810 893 3
820 884 -9
830 877 -7
840 947 70
850 895 -52
860 877 -18
870 918 41
880 897 -21
890 906 9
900 295 -611
910 41 -254
920 4 -37
930 558 554
940 1494 936
950 1688 194
960 1839 151
970 1765 -74
980 1837 72
990 1827 -10
1000 1831 4
1010 1852 21
1020 1895 43
1030 1894 -1
1040 1888 -6
