0 9.3 1.7861290322580643 1.110427963859236 11.602 1.105 0 0
10 9.1 1.7147252747252755 0.5381685888460315 11.602 1.105 1.7861290322580643 93
20 9.4 1.6232127659574471 0.3896911999601633 11.602 1.015 1.7508152173913047 184
30 9.6 1.6750833333333335 0.5362042650789798 11.602 1.015 1.7076690647482018 278
40 10.2 1.4339705882352944 0.35845046300579086 11.602 0.828 1.6993048128342247 374
50 10.6 1.5462264150943394 0.7766829236120391 11.602 0.828 1.6424474789915968 476
60 9.6 1.4587291666666662 0.5443660777907692 11.602 0.742 1.6249226804123713 582
70 9.7 1.4183505154639169 0.3620133574239252 11.602 0.673 1.6013908554572274 678
80 9 1.501844444444445 0.6626740427341186 11.602 0.673 1.5784812903225807 775
90 11.1 1.4904864864864866 0.7155335294724956 11.602 0.673 1.5705075144508671 865
100 9 1.4169555555555553 0.4103615725758366 11.602 0.673 1.561406762295082 976
110 11 1.4874999999999998 0.7869995466095495 11.602 0.656 1.5492110694183865 1066
120 9.4 1.4576382978723403 0.5750248255707179 11.602 0.656 1.5434387755102041 1176
130 10.8 1.4614814814814812 0.7819863416620226 11.602 0.656 1.5370881889763781 1270
140 9.3 1.3890752688172043 0.36949320818351306 11.602 0.576 1.5311625544267053 1378
150 9.5 1.3797263157894741 0.33134334052079456 11.602 0.576 1.5221794697484705 1471
160 8.6 1.3946511627906972 0.3725453232124719 11.602 0.56 1.5135376756066412 1566
170 8.6 1.448279069767442 0.6543829803034021 11.602 0.56 1.5073486682808719 1652
180 10 1.4160199999999994 0.5589144653701494 11.602 0.56 1.504425776754891 1738
190 10.8 1.3550000000000002 0.3854567276477205 11.602 0.56 1.4996158868335148 1838
200 0.6 1.8331666666666668 1.220466634347517 11.602 0.56 1.4915899280575542 1946
210 0 0 0 11.602 0.56 1.492639856557377 1952
220 0 0 0 11.602 0.56 1.492639856557377 1952
230 7 1.728842857142857 0.5283756141154101 11.602 0.56 1.492639856557377 1952
240 17.3 1.7067687861271674 0.484972037519673 11.602 0.56 1.5008170128585558 2022
250 19.7 1.6642487309644662 0.6205775466711632 11.602 0.56 1.517049202733485 2195
260 17.6 1.622323863636364 0.4141235991097558 11.602 0.56 1.5291722408026753 2392
270 20.8 1.6681201923076918 0.9898493620709521 14.285 0.56 1.5355564641744546 2568
280 21 1.5776380952380948 0.43136536549513665 14.285 0.56 1.5454891930835732 2776
290 19.7 1.5792182741116754 0.8084797842206494 14.285 0.56 1.547750167448091 2986
300 18.1 1.4385248618784534 0.6837560109652114 14.285 0.56 1.549697769399937 3183
310 18.9 1.4867936507936503 0.6185353794416801 14.285 0.56 1.5437161117717002 3364
320 21.2 1.4261839622641512 0.5822428731446153 14.285 0.56 1.5406881508584294 3553
330 17.6 1.4552443181818189 0.4337617334954637 14.285 0.56 1.534240637450199 3765
340 18.9 1.5023756613756627 0.4956457192232684 14.285 0.56 1.5307127632580562 3941
350 18.6 1.5488763440860216 0.7977490245776494 14.285 0.56 1.52941598062954 4130
360 20.1 1.455641791044776 0.41171332470068983 14.285 0.56 1.5302546339202967 4316
370 21.1 1.5079810426540294 0.5577558704442533 14.285 0.56 1.526934469780828 4517
380 20.3 1.5070098522167479 0.5791743995763353 14.285 0.56 1.5260886209813875 4728
390 19.3 1.3654611398963734 0.3672992875362098 14.285 0.56 1.5253031839383493 4931
400 19.7 1.466568527918782 0.5466017505737797 14.285 0.56 1.5192825917252146 5124
410 17 1.4784529411764697 0.5660478992594664 14.285 0.56 1.5173309528284158 5321
420 18.9 1.4333492063492062 0.5847111390679709 14.285 0.56 1.5161272992169004 5491
430 14.4 1.479555555555556 0.5667658954514762 14.285 0.56 1.5133728873239438 5680
440 0 0 0 14.285 0.56 1.5125367445054947 5824
450 0 0 0 14.285 0.56 1.5125367445054947 5824
460 15.3 1.3407777777777783 0.4564086321556298 14.285 0.56 1.5125367445054947 5824
470 39.7 1.2287481108312355 0.49406619247506595 14.285 0.515 1.508140036807763 5977
480 43.4 1.2073179723502294 0.6863473649291572 14.285 0.442 1.4907383118920616 6374
490 40.2 1.1389601990049742 0.5519515520666792 14.285 0.442 1.4726706815511161 6808
500 40.8 1.157703431372547 0.49119799309402545 14.285 0.442 1.454064355062413 7210
510 37.3 1.1655469168900812 0.5648175923943608 14.285 0.442 1.4381920451562087 7618
520 37.1 1.2224555256064695 0.6146770458245029 14.285 0.442 1.4254656488549615 7991
530 38.8 1.171469072164948 0.4127866970856639 14.285 0.442 1.416458622339153 8362
540 41.1 1.2065912408759132 0.6849990912819504 14.285 0.415 1.4055950857142856 8750
550 39.5 1.1796354430379745 0.5330915268122172 14.285 0.415 1.3966669577557034 9161
560 35.6 1.1807387640449438 0.5245459532173273 14.285 0.415 1.3876958978652154 9556
570 40.7 1.1296928746928732 0.4757889777772196 14.285 0.415 1.3802628127522194 9912
580 37.3 1.1396729222520114 0.4417422067252035 14.285 0.415 1.3703798817714894 10319
590 41.6 1.1413581730769236 0.5514462358552918 14.285 0.415 1.362331462775907 10692
600 36.6 1.1680000000000001 0.749236496620962 14.285 0.415 1.354055905653583 11108
610 36.1 1.2279030470914138 0.7247399831882555 14.285 0.415 1.3481210563012027 11474
620 40.6 1.136825123152709 0.5185298528863546 14.285 0.415 1.3444540768905788 11835
630 42.2 1.103135071090048 0.4484390232631239 14.285 0.415 1.3375676006862183 12241
640 42.9 1.1674009324009331 0.6812968557734403 14.285 0.415 1.3297550343520492 12663
650 40 1.133445 0.4574836685336427 14.285 0.415 1.3244349984723494 13092
660 24 1.0984458333333353 0.35895790895215773 14.285 0.415 1.3187726801067297 13492
670 0 0 0 14.285 0.415 1.3149219341683658 13732
680 0 0 0 14.285 0.415 1.3149219341683658 13732
690 0 0 0 14.285 0.415 1.3149219341683658 13732
700 69.3 1.089520923520922 0.5030887782750431 14.285 0.415 1.3149219341683658 13732
710 81.5 1.0930134969325158 0.6304775839527628 14.285 0.415 1.3040933102253032 14425
720 74.6 1.0515174262734575 0.5609029443380584 14.285 0.387 1.292805249343832 15240
730 79.1 1.0337926675094826 0.5035978920846478 14.285 0.387 1.2815453521831603 15986
740 72.1 1.0637822468793354 0.5839054898693183 14.285 0.387 1.2698643380818977 16777
750 81.8 1.0285403422982895 0.5090256923407337 14.285 0.387 1.2613727854611956 17498
760 74.4 1.0363817204301065 0.4624227305278883 14.285 0.387 1.2509743939724831 18316
770 85.2 1.0159295774647892 0.4711137734443022 14.285 0.387 1.2425978488982161 19060
780 81.1 1.0436313193588138 0.5384671544347354 14.285 0.387 1.2328991060666934 19912
790 78.3 2.3798007662835285 36.78210293145189 1030.865 0.387 1.2254920619601406 20723
800 79.4 1.0990277078085642 0.5656258447150443 1030.865 0.387 1.2675186459592669 21506
810 75.7 1.031677675033027 0.45229047106360504 1030.865 0.387 1.2615194618834078 22300
820 77.6 1.0113956185567028 0.3449691035491198 1030.865 0.387 1.2539733703430627 23057
830 76.3 1.0401598951507207 0.5131050754672363 1030.865 0.387 1.2460750639869087 23833
840 84.8 1.0071650943396222 0.44269490549094026 1030.865 0.387 1.2396873068791672 24596
850 78.7 0.9877420584498104 0.3695114406205998 1030.865 0.387 1.2319377849394748 25444
860 76.3 1.1354193971166462 0.7168316774013128 1030.865 0.387 1.2246112614845028 26231
870 81.1 1.0612157829839703 0.4227984703527772 1030.865 0.387 1.2220902052307918 26994
880 77.2 1.065691709844562 0.5509808924248494 1030.865 0.387 1.2173979140442366 27805
890 79.9 1.079647058823531 0.5601782932589711 1030.865 0.387 1.2132996115757426 28577
900 11.4 1.0807631578947379 0.8050363542257672 1030.865 0.387 1.209664385893246 29376
910 0 0 0 1030.865 0.387 1.2091660902000678 29490
920 0 0 0 1030.865 0.387 1.2091660902000678 29490
930 55.9 1.2414508050089443 0.5369217110411594 1030.865 0.387 1.2091660902000678 29490
940 151.3 1.2353436880370139 1.6552611963306982 1030.865 0.387 1.209766681087557 30049
950 151.9 1.1058156682027638 0.5303315645817889 1030.865 0.387 1.210992776123186 31562
960 161.6 1.0659232673267325 0.4986971841592194 1030.865 0.342 1.2061632961518696 33081
970 158.5 1.6774902208201892 25.580676455985365 1030.865 0.342 1.1996316684439576 34697
980 163.1 1.1219484978540732 0.6296417663549465 1030.865 0.342 1.2205071936497436 36282
990 153.7 1.069472999349384 0.49051923887007104 1030.865 0.342 1.2162672434257376 37913
1000 159.9 1.0791550969355812 0.5663600738869964 1030.865 0.342 1.2105480354879594 39450
1010 165.6 1.6401660628019314 24.665676397735584 1030.865 0.342 1.2054298277668152 41049
1020 165.2 1.0317397094430998 0.46432127043264626 1030.865 0.342 1.2222878819810326 42705
1030 167.7 1.0665211687537275 0.4882535647890596 1030.865 0.342 1.2151912437721215 44357
1040 163.8 1.087397435897436 0.5309039014222044 1030.865 0.327 1.2097752530738148 46034
