0 1.9 5276.336157894737 1984.4570258557208 8641.572 2353.775 0 0
10 5.8 9137.010413793107 2950.465587293177 16947.757 2353.775 5276.336157894737 19
20 9.8 10396.90981632653 4286.265521671061 24654.114 1392.248 8184.376506493509 77
30 9.9 10773.060848484854 4629.690716643191 24654.114 1392.248 9423.39516 175
40 9.8 11293.854928571422 5687.833404777543 32840.738 1392.248 9911.048091240878 274
50 9.3 10402.992698924734 5717.86225384021 35468.95 1392.248 10275.335913978495 372
60 10.8 11767.213574074069 6131.870373084917 35468.95 1392.248 10300.867270967743 465
70 11 10898.556799999995 5655.532162097999 35468.95 1392.248 10577.246678883072 573
80 8 10643.6572625 4836.837874742885 35468.95 1392.248 10628.995014641288 683
90 9.9 10633.401434343437 5319.195994884851 35468.95 1342.569 10630.532340760157 763
100 8.7 11537.261160919543 5758.916472306965 35468.95 1342.569 10630.861853828306 862
110 11.2 10874.38981250001 5393.628130414749 35468.95 1342.569 10713.95641622761 949
120 10.9 11703.067999999997 7187.189776002559 35468.95 1342.569 10730.891892554197 1061
130 8.7 11818.239241379315 6138.621737351641 41284.83 1342.569 10821.462145299147 1170
140 11.2 11557.665000000005 5123.381977892347 41284.83 1342.569 10890.451490851236 1257
150 9.4 10969.82226595745 5674.280898662929 41284.83 1342.569 10945.03725639153 1369
160 8.4 12091.846952380956 5929.113880661998 41284.83 1342.569 10946.629731373892 1463
170 9.2 11281.435641304346 6041.602183561224 41284.83 1342.569 11008.813471881062 1547
180 9.7 10152.019969072166 4858.852038745262 41284.83 1342.569 11024.11624161074 1639
190 9.8 10745.89655102041 6059.545441132002 41284.83 1342.569 10975.387360023044 1736
200 8.4 11957.826476190476 6522.545166129088 44536.898 1342.569 10963.124492366413 1834
210 2.7 19783.377888888896 6405.363349153405 44536.898 1342.569 11006.688082898854 1918
220 0.6 28056.163333333334 3985.978625551474 44536.898 1342.569 11128.523879691518 1945
230 0.3 12718.312 14427.591358465235 44536.898 1342.569 11180.582227575604 1951
240 7.2 6592.462124999998 2238.4145143273345 44536.898 1342.569 11182.943122824976 1954
250 16.6 9926.476277108437 4303.166359800038 44536.898 1342.569 11019.806581934849 2026
260 19 10741.892573684214 4850.6878537209295 44536.898 1342.569 10937.008757755475 2192
270 18.1 10692.848419889511 4711.68767865915 44536.898 1342.569 10921.445334172964 2382
280 19 10656.55515789473 4873.823954901002 44536.898 1342.569 10905.301736246589 2563
290 21 11225.849661904764 5836.665896468608 44536.898 1342.569 10888.134337086818 2753
300 19.8 11615.872343434343 5741.483461943385 44536.898 1342.569 10912.06961154236 2963
310 18 11824.982627777783 5787.5222302090415 44536.898 1342.569 10956.154692502376 3161
320 20.2 11463.754361386142 6194.901137484497 44536.898 1342.569 11002.96374019755 3341
330 19.5 11018.985599999998 5266.137222136391 44536.898 1342.569 11029.235178379908 3543
340 17.7 12176.070440677971 6401.9351441080125 44536.898 1342.569 11028.700489299094 3738
350 19.2 11565.541729166667 5408.454150463745 44536.898 1342.569 11080.573920051089 3915
360 19.6 11798.167438775501 6022.675524055677 44536.898 1342.569 11103.245899439984 4107
370 19.4 10957.13966494845 5520.67164450386 44536.898 1342.569 11134.899309086686 4303
380 19.4 11362.801654639175 5175.525176184251 44536.898 1342.569 11127.23078096509 4497
390 21.4 12341.422247663566 6377.858341040975 47876.727 1342.569 11136.973000000002 4691
400 20.2 11457.94999999999 5535.168048593585 47876.727 1229.27 11189.521856065241 4905
410 18.5 11580.687972972964 6298.262344538516 47876.727 1229.27 11200.139143136872 5107
420 18 11582.971794444435 6086.3971058629595 47876.727 1229.27 11213.442531934996 5292
430 18 10992.627272222233 5988.473097580226 47876.727 1229.27 11225.598099780702 5472
440 14.5 14076.761103448285 5969.156477726078 47876.727 1229.27 11218.178646673745 5652
450 2.3 22171.710000000003 5438.964791723752 47876.727 1229.27 11289.680191650854 5797
460 0.6 19236.654833333334 12043.500883587234 47876.727 1229.27 11332.684776804124 5820
470 14.6 7002.800910958907 2426.893390153111 47876.727 1229.27 11340.824807758325 5826
480 35.2 10220.872676136358 4214.989472160115 47876.727 1229.27 11234.771309946416 5972
490 41.8 10855.865751196172 5097.228591543201 47876.727 1229.27 11178.3367243833 6324
500 41.5 11332.957879518066 5723.958463276758 47876.727 1229.27 11158.34371536636 6742
510 42 11758.686142857132 5916.907056814945 47876.727 1229.27 11168.468750733546 7157
520 36 11419.76458333333 6231.920069201759 47876.727 1229.27 11201.185037481851 7577
530 38.8 11551.36228608247 5994.118616989849 47876.727 1229.27 11211.099191004156 7937
540 38.9 11808.218994858607 6291.759403223705 49049.488 1054.13 11226.957699219218 8325
550 42.4 10473.721103773589 5372.2636487694745 49049.488 1054.13 11252.905673054853 8714
560 38.5 11241.914444155858 6227.796085480905 49049.488 1054.13 11216.751781899757 9138
570 36.9 11344.322363143616 5963.75331515655 49049.488 1054.13 11217.769068990863 9523
580 38.3 11064.417765013064 5402.270351098661 49049.488 1054.13 11222.489870198138 9892
590 38.1 11171.036152230987 5720.355996216713 49049.488 1054.13 11216.597742092457 10275
600 39.1 11720.629598465472 6121.504600324945 49049.488 1028.835 11214.968710022522 10656
610 37.4 11641.402208556137 5922.531834672253 49049.488 1028.835 11232.866185118131 11047
620 38.6 11700.775240932644 6750.897943745783 49049.488 1028.835 11246.244389545573 11421
630 38.8 10895.624822164944 5525.565388103992 49049.488 1028.835 11261.104126026932 11807
640 44.3 11339.993406320542 5831.487926936065 49049.488 1028.835 11249.475920213203 12195
650 39.9 10881.352072681695 5364.199802199128 49049.488 1028.835 11252.648830985916 12638
660 38.7 11624.955090439276 6569.544694790724 49049.488 1028.835 11241.285219222213 13037
670 24.6 14545.149853658535 6052.688533550491 49049.488 1028.835 11252.346023763408 13424
680 4.8 23301.873041666666 6470.77234127998 49049.488 1028.835 11311.60204001463 13670
690 1.4 30942.826928571427 3579.6898286190626 49049.488 1028.835 11353.556625820089 13718
700 7.3 5109.86763013699 1461.4364543160614 49049.488 1028.835 11373.528209292163 13732
710 55.7 8615.921904847399 3123.909592110442 49049.488 1028.835 11340.406353277796 13805
720 77 10764.854097402605 4858.5552122756135 49049.488 1028.835 11234.742947221834 14362
730 76.1 11251.061231274634 5495.328663367553 49049.488 1028.835 11210.832399088024 15132
740 78.7 11436.942227446001 6163.4005272427 49049.488 1028.835 11212.758664820989 15893
750 75.1 11337.782167776313 5683.606159013905 49049.488 1028.835 11223.33615065947 16680
760 80.1 11027.955021223468 5570.293167785329 49049.488 1028.835 11228.266961218518 17431
770 78.6 11195.790017811685 5563.133128394066 49049.488 1028.835 11219.46650795305 18232
780 81.7 11321.982523867815 5812.662110144688 49049.488 1028.835 11218.487975970133 19018
790 80.1 11106.020762796508 6015.477858690716 63696.959 1028.835 11222.750897353164 19835
800 79.7 11558.909520702637 6195.748979819639 63696.959 1028.835 11218.219939910836 20636
810 76.8 11537.208906249985 5899.489790678456 63696.959 1028.835 11230.888702841414 21433
820 77.5 11590.363371612893 5759.841902450079 63696.959 1028.835 11241.485248772578 22201
830 76.4 11603.568786649206 5774.857423857061 63696.959 1028.835 11253.253204256616 22976
840 78 11232.228747435882 5992.734883576199 63696.959 1028.835 11264.527050294862 23740
850 83.4 11387.110685851345 6014.382570207403 63696.959 1028.835 11263.499616517129 24520
860 79.9 11387.166483103876 5812.304519100424 63696.959 1028.835 11267.565705963558 25354
870 74.8 11411.843320855587 5930.035724444094 63696.959 1028.835 11271.219627920316 26153
880 79.1 11110.456621997459 5940.41310338422 63696.959 1028.835 11275.129762202148 26901
890 79.6 11387.615089195977 6032.704325223936 63696.959 1028.835 11270.426004658382 27692
900 71.9 12172.039315716249 5834.768901784588 63696.959 1028.835 11273.70045394552 28488
910 24.4 18048.60878278689 5528.515465606085 63696.959 1028.835 11295.815208682849 29207
920 3.5 27445.312828571434 5039.482883101754 63696.959 1028.835 11351.761751485516 29451
930 0.8 21710.866500000004 19693.428226006363 63696.959 1028.835 11370.864861018787 29486
940 58.8 7098.617105442182 2433.5281146324164 63696.959 1028.835 11373.66949969485 29494
950 132.5 9847.119108679251 3931.5805514416584 63696.959 1028.835 11290.106877268796 30082
960 146 11060.460880821915 5244.76549056229 63696.959 1028.835 11229.230041105482 31407
970 165.6 11187.618865942035 5649.127735667428 63696.959 1028.835 11221.733069248787 32867
980 155.5 11207.9852971061 5576.53753794098 63696.959 1028.835 11220.096678417283 34523
990 161.7 11439.246256648128 5705.265824970713 63696.959 1028.835 11219.574665059035 36078
1000 158.4 11292.501280934355 5682.586008660993 63696.959 1028.835 11228.997903249765 37695
1010 165.2 11227.924396489068 5919.129158962108 63696.959 1028.835 11231.55879711805 39279
1020 160.9 11449.160371659438 5912.953327305596 63696.959 1028.835 11231.412110503037 40931
1030 166.3 11311.102234515904 5669.320688745254 63696.959 1028.835 11239.648052021623 42540
1040 164.4 11370.311003041352 5716.102760349224 63696.959 1028.835 11242.33629276293 44203
