0 1447.5046875 1447.5046875
10 2362.69296875 3810.19765625
20 2771.359375 6581.55703125
30 2610.5203125 9192.07734375
40 2633.64921875 11825.7265625
50 2843.846875 14669.5734375
60 2819.090625 17488.6640625
70 2678.5828125 20167.246875
80 2276.61015625 22443.85703125
90 2950.6453125 25394.50234375
100 2501.82421875 27896.3265625
110 2890.084375 30786.4109375
120 2813.70859375 33600.11953125
130 2810.88671875 36411.00625
140 2670.1109375 39081.1171875
150 2539.553125 41620.6703125
160 2355.9234375 43976.59375
170 2479.8609375 46456.4546875
180 2659.12421875 49115.57890625
190 2812.27890625 51927.8578125
200 1142.8921875 53070.75
210 164.21875 53234.96875
220 30.096875 53265.065625
230 859.04375 54124.109375
240 3949.42578125 58073.53515625
250 4962.33984375 63035.875
260 5099.85078125 68135.72578125
270 5206.2109375 73341.93671875
280 5677.2078125 79019.14453125
290 5549.88125 84569.02578125
300 5181.215625 89750.24140625
310 4974.17421875 94724.415625
320 5643.859375 100368.275
330 4991.2296875 105359.5046875
340 4963.54765625 110323.05234375
350 5261.48828125 115584.540625
360 5410.90390625 120995.44453125
370 5624.78203125 126620.2265625
380 5449.84921875 132070.07578125
390 5545.596875 137615.67265625
400 5424.4921875 143040.16484375
410 4788.8203125 147828.98515625
420 5045.0125 152873.99765625
430 4694.7703125 157568.76796875
440 1144.90390625 158713.671875
450 126.8 158840.471875
460 1771.29453125 160611.76640625
470 8876.884375 169488.65078125
480 11154.61640625 180643.2671875
490 11037.04609375 191680.31328125
500 11141.75703125 202822.0703125
510 10639.5390625 213461.609375
520 10116.60625 223578.215625
530 10646.5203125 234224.7359375
540 10730.5375 244955.2734375
550 10986.23203125 255941.50546875
560 10157.7921875 266099.29765625
570 10441.221875 276540.51953125
580 10539.659375 287080.17890625
590 10556.7375 297636.91640625
600 10595.25859375 308232.175
610 9832.1140625 318064.2890625
620 10865.59921875 328929.88828125
630 11228.65625 340158.54453125
640 11639.975 351798.51953125
650 10774.33125 362572.85078125
660 9005.88046875 371578.73125
670 1972.87734375 373551.60859375
680 266.97109375 373818.5796875
690 69.2421875 373887.821875
700 11421.85 385309.671875
710 20419.259375 405728.93125
720 20856.615625 426585.546875
730 21114.9703125 447700.5171875
740 19983.734375 467684.2515625
750 21012.64453125 488696.89609375
760 21092.4703125 509789.36640625
770 22234.75234375 532024.11875
780 22197.17734375 554221.29609375
790 21783.95625 576005.25234375
800 21587.346875 597592.59921875
810 20465.16484375 618057.7640625
820 21238.3140625 639296.078125
830 20509.49765625 659805.57578125
840 22030.04296875 681835.61875
850 22137.875 703973.49375
860 21197.3453125 725170.8390625
870 21023.81328125 746194.65234375
880 21796.25546875 767990.9078125
890 21460.44296875 789451.35078125
900 10351.10625 799802.45703125
910 1456.74140625 801259.1984375
920 183.58359375 801442.78203125
930 6483.48671875 807926.26875
940 33779.259375 841705.528125
950 39942.55625 881648.084375
960 42037.4140625 923685.4984375
970 44082.928125 967768.4265625
980 43528.534375 1011296.9609375
990 41422.23359375 1052719.19453125
1000 43034.53046875 1095753.725
1010 44267.01953125 1140020.74453125
1020 44709.409375 1184730.15390625
1030 45000.8484375 1229731.00234375
1040 44625.596875 1274356.59921875
