0 1.5 4701.456000000001 1736.987513959383 8099.982 2351.82 0 0
10 5.7 8840.436842105264 2752.73021919611 15431.587 2351.82 4701.456000000001 15
20 9.8 10172.09945918368 4133.208638239043 24652.184 1390.23 7978.149166666666 72
30 9.9 10981.034686868687 4736.567329183295 24652.184 1390.23 9242.896982352944 170
40 9.8 11360.287836734697 5650.92619755122 32838.875 1390.23 9882.583349442379 269
50 9.6 10394.71178125 5698.803126710613 35467.153 1390.23 10277.17473841962 367
60 10.7 11670.312710280377 6129.242213914881 35467.153 1390.23 10301.545269978404 463
70 11 10973.086927272723 5605.1639396610135 35467.153 1390.23 10558.489333333337 570
80 8.1 10505.96635802469 4891.876458264291 35467.153 1390.23 10625.556591176472 680
90 9.9 10668.262989898989 5345.167752041796 35467.153 1340.628 10612.827538764785 761
100 8.7 11662.22131034483 5783.058598194194 35467.153 1340.628 10619.20906162791 860
110 11.1 10883.406072072068 5391.098525294318 35467.153 1340.628 10715.029616684269 947
120 10.8 11817.213796296299 7153.67498657027 35467.153 1340.628 10732.69482136106 1058
130 9 11486.951677777779 6079.53199475042 41283.19 1340.628 10833.147693825043 1166
140 11.2 11695.492401785703 5181.269835080981 41283.19 1340.628 10879.996705414014 1256
150 9.3 11001.646258064511 5692.509359773422 41283.19 1340.628 10946.76243494152 1368
160 8.5 11697.47834117647 5393.611696253125 41283.19 1340.628 10950.256066392882 1461
170 9.2 11622.29775 6469.484381698786 41283.19 1340.628 10991.33879172057 1546
180 9.5 10158.11192631579 4877.279180643464 41283.19 1340.628 11026.777268009768 1638
190 9.9 10750.180787878793 6054.675525892694 41283.19 1340.628 10979.1585678015 1733
200 8.5 11801.619141176468 6553.971777725515 44534.935 1340.628 10966.784768558953 1832
210 2.8 19532.980785714284 6421.101563171843 44534.935 1340.628 11003.801420448619 1917
220 0.6 28054.189333333332 3985.987460800801 44534.935 1340.628 11126.586521850902 1945
230 0.3 12716.4 14427.682055265564 44534.935 1340.628 11178.64475704767 1951
240 6.5 6593.905707692309 2205.637308652359 44534.935 1340.628 11181.005691402253 1954
250 16.6 9827.065078313253 4332.772041206909 44534.935 1340.628 11033.327881129273 2019
260 19.3 10621.31476683938 4838.757945984907 44534.935 1340.628 10941.685032036614 2185
270 17.4 10710.36501149425 4612.002109299074 44534.935 1340.628 10915.683576534904 2378
280 19.3 10676.837906735745 4940.664928464446 44534.935 1340.628 10901.68458346395 2552
290 21.2 11321.22353301887 5815.742085975661 44534.935 1340.628 10885.87569143898 2745
300 20 11515.134954999992 5766.550187017215 44534.935 1340.628 10917.08764355766 2957
310 17.7 11710.15870056498 5757.418319152316 44534.935 1340.628 10954.974707950585 3157
320 20 11524.209074999995 6243.1570427980705 44534.935 1340.628 10995.066959508098 3334
330 19.6 11085.259311224489 5266.66626757798 44534.935 1340.628 11025.012749858517 3534
340 17.9 11992.062128491629 6121.898855800779 44534.935 1340.628 11028.178520911528 3730
350 19.4 11756.179881443299 5668.1903234432575 44534.935 1340.628 11072.31645024303 3909
360 19.8 11750.176863636365 6028.659618702607 44534.935 1340.628 11104.651206678041 4103
370 19.2 10888.556052083333 5531.222172173472 44534.935 1340.628 11134.368500348757 4301
380 19.2 11355.043729166666 5171.992787684599 44534.935 1340.628 11123.864162474962 4493
390 21.6 12367.182324074078 6340.771819270525 47874.786 1340.628 11133.338330416222 4685
400 20.4 11392.369318627441 5414.28350563269 47874.786 1227.303 11187.717090389717 4901
410 18.5 11557.167129729736 6386.712333328929 47874.786 1227.303 11195.895161802155 5105
420 18 11629.092049999994 6110.363597552263 47874.786 1227.303 11208.529436672967 5290
430 18.1 11070.2226077348 5982.266503157793 47874.786 1227.303 11222.368791407676 5470
440 14.6 14007.0312739726 6004.490657478706 47874.786 1227.303 11217.49559033799 5651
450 2.3 22169.772869565215 5438.985864351546 47874.786 1227.303 11287.751276004827 5797
460 0.5 22447.203999999998 10589.571604893523 47874.786 1227.303 11330.755828694155 5820
470 14.7 6974.83823809524 2438.986656090158 47874.786 1227.303 11340.297844291843 5825
480 35.2 10218.9506846591 4214.992386791961 47874.786 1227.303 11232.842626255857 5972
490 39.8 10894.989633165838 5119.826230699055 47874.786 1227.303 11176.408413187852 6324
500 41.4 11219.752413043469 5518.657563119211 47874.786 1227.303 11159.746009967268 6722
510 42.5 11811.26004235293 6059.185908592006 47874.786 1227.303 11163.22732315022 7136
520 36.2 11478.042116022109 6265.33692136812 47874.786 1227.303 11199.65291575188 7561
530 38.6 11538.958551813463 5923.944187508451 47874.786 1227.303 11212.372452606332 7923
540 39.7 11649.103647355176 6176.6186232973 49047.36 1052.2 11227.544222289082 8309
550 40.9 10611.729288508557 5529.064598524984 49047.36 1052.2 11246.767641971051 8706
560 39.6 11111.603845959602 6199.768971911711 49047.36 1052.2 11218.272777838725 9115
570 36.3 11278.441534435255 5928.779508864586 49047.36 1052.2 11213.831510146143 9511
580 39 11211.19690769232 5509.084157609686 49047.36 1052.2 11216.20678245898 9874
590 37.9 11080.619200527697 5567.619996652482 49047.36 1052.2 11216.016422837098 10264
600 39.5 11788.884956962038 6227.830189406046 49047.36 1026.897 11211.194892511507 10643
610 37.2 11621.434067204307 5934.975207633826 49047.36 1026.897 11231.867802047469 11038
620 38.5 11641.580350649347 6718.733444358612 49047.36 1026.897 11244.568823137595 11410
630 39.1 10915.828710997452 5542.371693389948 49047.36 1026.897 11257.527656379818 11795
640 44.2 11418.413832579188 5856.362879646768 49047.36 1026.897 11246.563903906117 12186
650 40.3 10826.287962779154 5365.542769640184 49047.36 1026.897 11252.578923582512 12628
660 38.5 11543.974049350656 6511.659881192048 49047.36 1026.897 11239.395341570098 13031
670 25.3 14555.480458498021 6091.29253586714 49047.36 1026.897 11248.13586053965 13416
680 4.9 23142.398428571425 6496.666088636212 49047.36 1026.897 11309.35161760187 13669
690 1.4 30940.844428571425 3579.759041314189 49047.36 1026.897 11351.618660446125 13718
700 7.2 5087.040819444445 1460.648089998716 49047.36 1026.897 11371.590198514416 13732
710 55.1 8597.256941923775 3114.1176420391193 49047.36 1026.897 11338.810746522744 13804
720 77.4 10752.199251937987 4837.424558315831 49047.36 1026.897 11233.57938836642 14355
730 76.2 11227.098657480321 5444.806706201115 49047.36 1026.897 11208.951969132127 15129
740 74.8 11463.20470721925 6272.058671258603 49047.36 1026.897 11209.822133157131 15891
750 75.6 11456.557624338624 5697.955205454363 49047.36 1026.897 11221.212851673776 16639
760 80 10862.01911000001 5485.910690997332 49047.36 1026.897 11231.44111543547 17395
770 77.6 11175.517159793804 5625.569406530663 49047.36 1026.897 11215.198323220664 18195
780 83.3 11329.401374549809 5730.082485694764 49047.36 1026.897 11213.5751835433 18971
790 80.5 11161.529585093167 6090.54037402444 63694.903 1026.897 11218.447089072912 19804
800 80.1 11505.871543071156 6113.166500311688 63694.903 1026.897 11216.223856955696 20609
810 75.4 11494.39966180373 5896.534997637132 63694.903 1026.897 11227.060279028488 21410
820 78.5 11699.576569426765 5828.449716241948 63694.903 1026.897 11236.154932277566 22164
830 77 11604.868779220793 5783.30599889328 63694.903 1026.897 11252.006864177089 22949
840 77.8 11216.061464010267 5958.720767137674 63694.903 1026.897 11263.461970825078 23719
850 83.9 11387.308441001183 6042.745157054886 63694.903 1026.897 11261.956578560641 24497
860 78.1 11375.4492368758 5780.358057157724 63694.903 1026.897 11266.10759737133 25336
870 77 11340.086710389622 5932.985174500537 63694.903 1026.897 11269.37733817054 26117
880 79.3 11193.493791929388 5966.9709256452925 63694.903 1026.897 11271.402339718079 26887
890 79 11372.412525316446 6037.530372494079 63694.903 1026.897 11269.17034989162 27680
900 72.5 12098.83937517242 5818.733499804249 63694.903 1026.897 11272.035166139796 28470
910 25.4 17817.14355118111 5492.714520171382 63694.903 1026.897 11292.567211063539 29195
920 3.7 27347.99348648648 5120.3342867120955 63694.903 1026.897 11348.842208190432 29449
930 0.5 33362.000400000004 16069.57808498641 63694.903 1026.897 11368.91846801872 29486
940 57.7 7052.646701906414 2434.146908267217 63694.903 1026.897 11372.647246617611 29491
950 132.5 9800.286882264143 3911.5840024013605 63694.903 1026.897 11289.747143042438 30068
960 146.5 11073.101888737203 5247.801791296394 63694.903 1026.897 11226.88170025165 31393
970 165.9 11175.251646775194 5647.0344649525805 63694.903 1026.897 11220.02530534421 32858
980 155.9 11211.645717767782 5567.812710683642 63694.903 1026.897 11217.873336761599 34517
990 154.7 11432.564378797673 5709.368239987588 63694.903 1026.897 11217.604214408473 36076
1000 159.5 11301.233294670816 5654.271835524367 63694.903 1026.897 11226.443046354625 37623
1010 163.5 11257.087994495429 5980.986029716544 63694.903 1026.897 11229.484773267377 39218
1020 160.9 11411.16302423868 5822.199654899785 63694.903 1026.897 11230.58949670771 40853
1030 167.9 11310.228371054189 5763.13741371053 63694.903 1026.897 11237.43191594838 42462
1040 164.3 11286.57272854533 5645.866569244956 63694.903 1026.897 11240.200889195989 44141
