0 77 79
10 114 114
20 103 121
30 105 121
40 106 121
50 122 123
60 105 130
70 95 130
80 105 130
90 116 130
100 117 130
110 118 130
120 103 130
130 121 130
140 104 130
150 103 130
160 106 130
170 100 130
180 102 130
190 112 130
200 34 130
210 7 130
220 1 130
230 70 130
240 175 178
250 209 210
260 195 213
270 221 225
280 239 249
290 223 249
300 212 249
310 219 249
320 227 249
330 207 249
340 224 249
350 216 249
360 219 249
370 238 249
380 246 255
390 224 255
400 216 255
410 202 255
420 213 255
430 172 255
440 27 255
450 4 255
460 151 255
470 403 404
480 485 487
490 491 504
500 478 504
510 429 504
520 442 504
530 442 504
540 457 504
550 433 504
560 398 504
570 435 504
580 429 504
590 462 504
600 433 504
610 425 504
620 450 504
630 478 504
640 459 504
650 461 504
660 308 504
670 62 504
680 14 504
690 0 504
700 629 629
710 882 889
720 856 927
730 885 927
740 852 927
750 919 927
760 855 928
770 929 949
780 925 950
790 895 950
800 895 950
810 882 950
820 883 950
830 884 950
840 952 954
850 899 979
860 859 979
870 921 979
880 903 979
890 899 979
900 283 979
910 39 979
920 4 979
930 570 979
940 1495 1500
950 1686 1690
960 1841 1844
970 1767 1868
980 1843 1882
990 1832 1882
1000 1849 1882
1010 1851 1882
1020 1888 1904
1030 1902 1972
1040 1896 1972
