0 36.7 367
10 62.2 989
20 63.6 1625
30 67.2 2297
40 69.9 2996
50 68 3676
60 63.7 4313
70 63.7 4950
80 64 5590
90 63.7 6227
100 67.7 6904
110 70.5 7609
120 72.8 8337
130 60.8 8945
140 63.9 9584
150 64.1 10225
160 64.4 10869
170 67.1 11540
180 65.9 12199
190 66 12859
200 34.5 13204
210 3.2 13236
220 21.6 13452
230 118.1 14633
240 128.4 15917
250 118.9 17106
260 142.5 18531
270 137.9 19910
280 145.2 21362
290 158.7 22949
300 143.6 24385
310 141.8 25803
320 142.6 27229
330 127.5 28504
340 134.2 29846
350 144 31286
360 139.7 32683
370 151.2 34195
380 147.6 35671
390 148.4 37155
400 139.8 38553
410 141.9 39972
420 108 41052
430 17.2 41224
440 1.2 41236
450 35.1 41587
460 138 42967
470 136.7 44334
480 137.5 45709
490 155.6 47265
500 140.1 48666
510 148.4 50150
520 133.9 51489
530 135.5 52844
540 129.5 54139
550 133.5 55474
560 144.5 56919
570 143.9 58358
580 145.8 59816
590 136.9 61185
600 139.5 62580
610 144.7 64027
620 139.8 65425
630 140.5 66830
640 123.1 68061
650 141.4 69475
660 140.2 70877
670 16 71037
680 1.6 71053
