0 8.6 86
10 23.7 323
20 28.2 605
30 27 875
40 28.1 1156
50 31.4 1470
60 26.7 1737
70 27.4 2011
80 26.9 2280
90 26.6 2546
100 29.6 2842
110 29.8 3140
120 32.5 3465
130 26.1 3726
140 25.6 3982
150 31.4 4296
160 24.8 4544
170 29.7 4841
180 26.1 5102
190 28.9 5391
200 22.6 5617
210 5.4 5671
220 3.6 5707
230 35 6057
240 54.3 6600
250 48.8 7088
260 59.2 7680
270 60.2 8282
280 59.4 8876
290 67.4 9550
300 62.6 10176
310 60.9 10785
320 63.7 11422
330 56.8 11990
340 54.2 12532
350 62 13152
360 58.8 13740
370 62.8 14368
380 63.4 15002
390 65.4 15656
400 58.9 16245
410 59.9 16844
420 57.7 17421
430 22.6 17647
440 2.4 17671
450 6.8 17739
460 33.6 18075
470 45.1 18526
480 72.2 19248
490 98.2 20230
500 81.5 21045
510 79.9 21844
520 82.7 22671
530 85.4 23525
540 80.7 24332
550 87.6 25208
560 87.5 26083
570 88.2 26965
580 89.2 27857
590 77.5 28632
600 87.8 29510
610 89.8 30408
620 81 31218
630 80.7 32025
640 77.9 32804
650 94.3 33747
660 123 34977
670 27.3 35250
680 3 35280
