0 8.7 0.8046781609195403 0.5657601842430933 5.256 0.541 0 0
10 8.8 0.753465909090909 0.26850334130575615 5.256 0.541 0.8046781609195403 87
20 9.6 0.7544895833333336 0.2770406481454055 5.256 0.541 0.7789257142857143 175
30 10.1 0.7181584158415842 0.22651351161470493 5.256 0.541 0.7702693726937271 271
40 9.4 0.7765531914893613 0.4051352707383022 5.256 0.513 0.7561209677419356 372
50 10 0.8233600000000003 0.6312857596999952 5.256 0.513 0.7602424892703863 466
60 8.7 0.7275287356321841 0.20308997151653072 5.256 0.513 0.7713939929328623 566
70 9.7 0.8126597938144325 0.46936045293059714 5.256 0.513 0.7655497702909648 653
80 8.7 0.7662873563218391 0.4874242153424534 5.256 0.513 0.7716426666666666 750
90 9.5 0.7616947368421048 0.4216824715522385 5.256 0.513 0.7710860215053763 837
100 9.6 0.7874791666666668 0.42545123053761663 5.256 0.513 0.7701287553648068 932
110 10.5 0.7168380952380952 0.1847699792050091 5.256 0.513 0.7717490272373541 1028
120 9.9 0.785545454545455 0.3705061586403793 5.256 0.513 0.7666601941747573 1133
130 7.7 0.6941298701298703 0.10907966237635217 5.256 0.513 0.7681777597402597 1232
140 10.3 0.8027669902912616 0.5749236201509261 5.256 0.513 0.7638220015278838 1309
150 8.7 0.7348390804597698 0.2138960900140355 5.256 0.513 0.7666628895184134 1412
160 9.5 0.8871578947368423 0.75430020989537 5.256 0.513 0.7648158772515009 1499
170 9.2 0.8317391304347822 0.6608214727924568 5.256 0.513 0.7721072772898367 1594
180 9.4 0.837159574468085 0.6549783381701713 5.353 0.513 0.7753612099644127 1686
190 10.1 0.7726831683168317 0.5115900263523802 5.353 0.513 0.7786247191011235 1780
200 1 0.6569 0.05799043024499817 5.353 0.513 0.7783056884635831 1881
210 0 0 0 5.353 0.513 0.7776636700158644 1891
220 8.2 0.7218536585365855 0.2623223729777235 5.353 0.513 0.7776636700158644 1891
230 20.3 0.7310049261083734 0.43039291817494196 5.353 0.506 0.775344145970603 1973
240 18.2 1.0042362637362636 2.0072505563152303 25.978 0.506 0.7712077205882351 2176
250 17.9 0.7089050279329612 0.32755165386908597 25.978 0.501 0.7891938083121287 2358
260 19 0.7481947368421054 0.5044731686294486 25.978 0.501 0.7835289712258571 2537
270 20.9 0.7400765550239239 0.4438395587911702 25.978 0.501 0.7810671067106708 2727
280 22.5 0.7184533333333327 0.3482501129297097 25.978 0.501 0.7781491825613076 2936
290 22.3 0.7000852017937216 0.26378770324241796 25.978 0.501 0.7739000316355582 3161
300 18.8 0.6908191489361704 0.13929273955555868 25.978 0.501 0.7690357565011818 3384
310 21.4 0.7177757009345798 0.2721477680118918 25.978 0.49 0.7649190929451286 3572
320 18.5 0.7490270270270272 0.5548026718347211 25.978 0.49 0.7622543581616481 3786
330 18.2 0.6951868131868133 0.09149934391020548 25.978 0.49 0.7616381264165197 3971
340 19.8 0.7323838383838381 0.4384355038679391 25.978 0.49 0.7587259812183962 4153
350 21.8 0.7580779816513755 0.41084819220501406 25.978 0.49 0.7575272351183634 4351
360 20.7 0.7268743961352655 0.32119669605555173 25.978 0.49 0.7575535128036768 4569
370 21.2 0.7136650943396227 0.2542174936242857 25.978 0.49 0.7562238274706866 4776
380 21.1 0.7306303317535547 0.4179522136786061 25.978 0.49 0.7544149959903768 4988
390 19.9 0.735507537688443 0.3615705533067649 25.978 0.49 0.7534497018657433 5199
400 20.3 0.7204581280788179 0.32713643674580517 25.978 0.49 0.7527882549092255 5398
410 22 0.7484636363636361 0.4997016414780601 25.978 0.49 0.7516164970540974 5601
420 7 0.7535571428571427 0.286127875294261 25.978 0.49 0.7514973372272804 5821
430 0 0 0 25.978 0.49 0.7515218129349854 5891
440 0 0 0 25.978 0.49 0.7515218129349854 5891
450 14.4 0.7106874999999994 0.4301318026158118 25.978 0.49 0.7515218129349854 5891
460 37.3 0.7550294906166217 0.7717417414421686 25.978 0.49 0.7505474730737364 6035
470 38.4 0.7260052083333335 0.41083136617255334 25.978 0.49 0.7508083645443195 6408
480 36.5 0.6969150684931507 0.4056789349548373 25.978 0.49 0.7494060659599528 6792
490 37 0.7628972972972977 0.529222157656742 25.978 0.49 0.7467290764286711 7157
500 35.1 0.7222222222222215 0.45682654468389344 25.978 0.449 0.7475238474823966 7527
510 38.7 0.7036563307493544 0.3522542513612014 25.978 0.449 0.7463965473470423 7878
520 39.4 0.7073350253807099 0.4879902995224853 25.978 0.449 0.7443952813067151 8265
530 41.4 0.6690893719806758 0.20597791784720113 25.978 0.449 0.7427089733225545 8659
540 44.9 0.7207193763919824 0.6920058682524481 25.978 0.449 0.7393497189463242 9073
550 38 0.7149052631578953 0.4048770462793341 25.978 0.449 0.7384712245326611 9522
560 42.4 0.7355636792452824 0.6220645599129327 25.978 0.449 0.7375668551807715 9902
570 38.4 0.6713281249999992 0.23255005429079362 25.978 0.449 0.7374846019755955 10326
580 38.7 0.7247803617571057 0.33138495819625274 25.978 0.449 0.7351126050420168 10710
590 41 0.7253268292682935 0.35494130811589064 25.978 0.449 0.734752275389745 11097
600 38 0.7135605263157888 0.33435527751139654 25.978 0.449 0.7344164421656383 11507
610 39.4 0.7515939086294414 0.5268858491494729 25.978 0.449 0.7337497265920754 11887
620 39.3 0.7711984732824422 0.6888731413570751 25.978 0.449 0.7343222050321636 12281
630 42.3 0.7326146572104018 0.3755754361623283 25.978 0.449 0.7354656777655043 12674
640 37.6 0.729704787234043 0.4119888394202803 25.978 0.449 0.7353735970069483 13097
650 24.7 0.7224534412955465 0.36592267725166183 25.978 0.449 0.7352153937504641 13473
660 0 0 0 25.978 0.449 0.7349856413994171 13720
670 0 0 0 25.978 0.449 0.7349856413994171 13720
680 0 0 0 25.978 0.449 0.7349856413994171 13720
