0 0.1 0.7464055256892389 0 0.7464055256892389 0.7464055256892389 0 0
10 0.1 0.8380237648530332 0.0 0.8380237648530332 0.7464055256892389 0.7464055256892389 1
20 0.1 1.1777972685127176 0.0 1.1777972685127176 0.7464055256892389 0.792214645271136 2
30 0.1 1.4133833646028768 0.0 1.4133833646028768 0.7464055256892389 0.9207421863516633 3
40 0.1 1.2271475081392436 0.0 1.4133833646028768 0.7464055256892389 1.0439024809144666 4
50 0.1 0.7891770011273956 0.0 1.4133833646028768 0.7464055256892389 1.0805514863594219 5
60 0.1 0.9261576971214017 0.0 1.4133833646028768 0.7464055256892389 1.031989072154084 6
70 0.1 0.5259203606311045 0.0 1.4133833646028768 0.5259203606311045 1.0168703042922724 7
80 0.1 0.9652751661025449 0.0 1.4133833646028768 0.5259203606311045 0.9555015613346265 8
90 0.1 1.0133867133742025 0.0 1.4133833646028768 0.5259203606311045 0.9565875174199507 9
100 0.1 0.9018036072144289 0.0 1.4133833646028768 0.5259203606311045 0.962267437015376 10
110 0.1 1.0385385385385386 0.0 1.4133833646028768 0.5259203606311045 0.9567707252152899 11
120 0.1 0.6255473539346929 0.0 1.4133833646028768 0.5259203606311045 0.963584709658894 12
130 0.1 0.4758922980588604 0.0 1.4133833646028768 0.4758922980588604 0.9375818361416477 13
140 0.1 0.35021888680425267 0.0 1.4133833646028768 0.35021888680425267 0.9046040119928772 14
150 0.1 0.4006510579692 0.0 1.4133833646028768 0.35021888680425267 0.867645003646969 15
160 0.1 1.0384086075315901 0.0 1.4133833646028768 0.35021888680425267 0.8384578820421085 16
170 0.1 0.8634714053309974 0.0 1.4133833646028768 0.35021888680425267 0.8502196894238426 17
180 0.1 0.5885299273729026 0.0 1.4133833646028768 0.35021888680425267 0.850955895863129 18
190 0.1 0.7008760951188986 0.0 1.4133833646028768 0.35021888680425267 0.8371440027846961 19
200 0.1 1.0138941043935412 0.0 1.4133833646028768 0.35021888680425267 0.8303306074014063 20
210 0.1 0.6000750093761721 0.0 1.4133833646028768 0.35021888680425267 0.8390717263057936 21
220 0.1 0.27469097265576226 0.0 1.4133833646028768 0.27469097265576226 0.8282082391726291 22
230 0.1 0.15013136494432627 0.0 1.4133833646028768 0.15013136494432627 0.8041422710632 23
240 0.1 1.7431652871833458 0.0 1.7431652871833458 0.15013136494432627 0.7768918166415802 24
250 0.1 2.097726416279362 0.0 2.097726416279362 0.15013136494432627 0.8155427554632508 25
260 0.1 2.1225822657623716 0.0 2.1225822657623716 0.15013136494432627 0.8648575116484859 26
270 0.1 2.4001005277707965 0.0 2.4001005277707965 0.15013136494432627 0.9114399099490001 27
280 0.1 3.3894049711272913 0.0 3.3894049711272913 0.15013136494432627 0.9646063605854929 28
290 0.1 4.013042387760221 0.0 4.013042387760221 0.15013136494432627 1.0482201057765894 29
300 0.1 3.7871162556618017 0.0 4.013042387760221 0.15013136494432627 1.1470475151760438 30
310 0.1 3.6059806508355323 0.0 4.013042387760221 0.15013136494432627 1.2322110229336487 31
320 0.1 4.057608015028178 0.0 4.057608015028178 0.15013136494432627 1.3063913238055826 32
330 0.1 3.6094748715377865 0.0 4.057608015028178 0.15013136494432627 1.3897615265699037 33
340 0.1 3.206337231233497 0.0 4.057608015028178 0.15013136494432627 1.4550472131866061 34
350 0.1 3.4231059652655422 0.0 4.057608015028178 0.15013136494432627 1.5050840708450888 35
360 0.1 3.7804571715649335 0.0 4.057608015028178 0.15013136494432627 1.5583624568012124 36
370 0.1 4.096717614632924 0.0 4.096717614632924 0.15013136494432627 1.6184190707137454 37
380 0.1 3.872265526778979 0.0 4.096717614632924 0.15013136494432627 1.6836374534484604 38
390 0.1 4.098257927058529 0.0 4.098257927058529 0.15013136494432627 1.7397561219953968 39
400 0.1 3.919597989949749 0.0 4.098257927058529 0.15013136494432627 1.798718667121975 40
410 0.1 3.616727364058772 0.0 4.098257927058529 0.15013136494432627 1.850447431093384 41
420 0.1 3.571877751226261 0.0 4.098257927058529 0.15013136494432627 1.8925017152116077 42
430 0.1 2.857142857142857 0.0 4.098257927058529 0.15013136494432627 1.9315569718631114 43
440 0.1 0.7613579630554168 0.0 4.098257927058529 0.15013136494432627 1.9525930147103785 44
450 0.1 0.09995002498750624 0.0 4.098257927058529 0.09995002498750624 1.9261211246736016 45
460 0.1 1.4639639639639639 0.0 4.098257927058529 0.09995002498750624 1.8864217529412952 46
470 0.1 4.34021263289556 0.0 4.34021263289556 0.09995002498750624 1.8774332893460328 47
480 0.1 5.008179187114634 0.0 5.008179187114634 0.09995002498750624 1.9287411923366478 48
490 0.1 6.123220360337659 0.0 6.123220360337659 0.09995002498750624 1.991586865699464 49
500 0.1 6.05183694011072 0.0 6.123220360337659 0.09995002498750624 2.0742195355922277 50
510 0.1 5.324249306081252 0.0 6.123220360337659 0.09995002498750624 2.1522120337200414 51
520 0.1 6.147077309868008 0.0 6.147077309868008 0.09995002498750624 2.213212750496219 52
530 0.1 6.156364094170968 0.0 6.156364094170968 0.09995002498750624 2.2874366101070076 53
540 0.1 5.145018915510719 0.0 6.156364094170968 0.09995002498750624 2.359083415367451 54
550 0.1 5.71969696969697 0.0 6.156364094170968 0.09995002498750624 2.409736788097329 55
560 0.1 6.2830521279274745 0.0 6.2830521279274745 0.09995002498750624 2.468843219911608 56
570 0.1 5.6620428751576295 0.0 6.2830521279274745 0.09995002498750624 2.5357591656662724 57
580 0.1 5.362974127103743 0.0 6.2830521279274745 0.09995002498750624 2.589660608933365 58
590 0.1 5.162668006531843 0.0 6.2830521279274745 0.09995002498750624 2.6366659228006593 59
600 0.1 5.111418859373033 0.0 6.2830521279274745 0.09995002498750624 2.6787659575295124 60
610 0.1 5.802951936419831 0.0 6.2830521279274745 0.09995002498750624 2.7186455132974388 61
620 0.1 5.807668133249528 0.0 6.2830521279274745 0.09995002498750624 2.7683923910897357 62
630 0.1 4.472159234063996 0.0 6.2830521279274745 0.09995002498750624 2.8166348631875104 63
640 0.1 4.46124763705104 0.0 6.2830521279274745 0.09995002498750624 2.8425024314824556 64
650 0.1 4.335223692501575 0.0 6.2830521279274745 0.09995002498750624 2.8674062038758183 65
660 0.1 4.0508240030192475 0.0 6.2830521279274745 0.09995002498750624 2.8896458627943904 66
670 0.1 3.583510838240822 0.0 6.2830521279274745 0.09995002498750624 2.906976879812672 67
680 0.1 0.686641697877653 0.0 6.2830521279274745 0.09995002498750624 2.9169259086130856 68
