0 1.1 5308.066272727273 2024.804272569263 8367.156 2274.047 0 0
10 7.8 8018.203192307695 2903.5957905368396 14440.433 1399.998 5308.066272727273 11
20 9.3 10240.353526881721 5073.521724831627 21548.008 1399.998 7683.242449438205 89
30 8.4 9841.06129761905 4734.988071035697 29667.631 1399.998 8989.898109890111 182
40 9.2 10959.181956521741 4740.440020463056 29667.631 1399.998 9258.686484962407 266
50 10.4 10977.069528846156 5249.7525540697 29667.631 1399.998 9695.685321229052 358
60 9.2 11195.054054347826 5416.949919229008 29667.631 1399.998 9984.135445887448 462
70 9 11950.877466666667 5758.364561473016 35000.835 1399.998 10185.226622743685 554
80 8.9 11730.695325842695 6632.093232111526 42933.199 1399.998 10431.979069875779 644
90 8.8 12816.141340909095 6367.874837823134 42933.199 1399.998 10589.667673942702 733
100 10.1 11516.024386138619 5445.629538206919 42933.199 1399.998 10828.31527771011 821
110 9.3 11436.33025806452 5685.496966652848 42933.199 1399.998 10903.650006507594 922
120 11.5 10909.051834782607 5649.401882868064 44509.065 1399.998 10952.457162561577 1015
130 8.9 11234.835449438206 5327.44868633798 44509.065 1399.998 10948.03980619469 1130
140 7.8 11871.620538461535 6269.037405423146 44509.065 1399.998 10968.978946677606 1219
150 11.2 12246.826008928574 7322.004193913541 54764.807 1399.998 11023.262712413263 1297
160 8 10442.740812500002 5176.02675511 54764.807 1399.998 11120.522534421578 1409
170 10 10972.858049999995 5585.808447818661 54764.807 1399.998 11084.107129617196 1489
180 8.2 11398.924926829268 5132.034985586761 54764.807 1399.998 11077.105928886092 1589
190 10.1 11605.575970297032 5619.215084746889 54764.807 1066.961 11092.898363255537 1671
200 9.1 11102.907747252755 4980.848735468981 54764.807 1066.961 11122.119829571107 1772
210 2.7 16164.33 3338.997697171469 54764.807 1066.961 11121.181397208806 1863
220 0.1 26263.5 0.0 54764.807 1066.961 11193.226377248679 1890
230 7.8 7327.705551282049 2382.1747655058366 54764.807 1066.961 11201.195850343736 1891
240 17.6 10374.660573863634 4027.045987022647 54764.807 1066.961 11047.751338750637 1969
250 16.7 12043.909622754492 5296.369132034057 54764.807 1066.961 10992.52337855478 2145
260 19.2 11156.926890625002 5333.955589612927 54764.807 1066.961 11068.466935121109 2312
270 19.9 12363.063040201003 6758.454654891046 54764.807 1066.961 11075.249807108628 2504
280 19 12169.371494736844 5973.558592065 54764.807 1066.961 11170.061066222717 2703
290 22.5 12253.537835555542 6060.600842688957 54764.807 1066.961 11235.691547182858 2893
300 21.5 12046.775683720934 5926.677561004499 54764.807 1066.961 11309.14100673509 3118
310 20 12629.562605000001 6929.731094114221 54764.807 1066.961 11356.723201620165 3333
320 22.1 12382.946375565614 6159.478515349253 54764.807 1066.961 11428.77751259553 3533
330 19.2 12012.782572916667 6331.1753032703355 54764.807 1066.961 11484.94994698988 3754
340 18.1 12192.221447513806 5968.363118480188 54764.807 1066.961 11510.632629244808 3946
350 19.5 11575.696871794866 5778.966123370638 54764.807 1066.961 11540.525426944516 4127
360 19.5 11658.981810256417 5491.8358844270215 54764.807 1066.961 11542.112292225826 4322
370 20.6 12619.633490291266 5930.994000295594 54764.807 1066.961 11547.157578038525 4517
380 21.5 12634.585353488383 6274.178531254868 54764.807 1066.961 11593.935058013978 4723
390 22.1 12743.743904977375 5999.985519805136 54764.807 1066.961 11639.244862292431 4938
400 19.4 12810.777541237108 6912.220425535908 54764.807 1066.961 11686.559126381086 5159
410 19.9 11920.639291457284 5716.391081307694 54764.807 1066.961 11727.302330655712 5353
420 21.9 12048.407269406393 5948.574065632545 54764.807 1066.961 11734.232095641215 5552
430 10.8 16327.053675925928 5564.674593146426 54764.807 1066.961 11746.154529024438 5771
440 1.1 23331.848727272725 5897.1580821284215 54764.807 1066.961 11830.307804728702 5879
450 0.1 43249.929 0.0 54764.807 1066.961 11851.787762309004 5890
460 3.5 9507.163514285714 2760.6428012435217 54764.807 1066.961 11857.117611441188 5891
470 13.1 16020.421190839697 2869.4029628283793 54764.807 1066.961 11843.2383685454 5926
480 27.8 19264.82325899281 4748.950903005072 54764.807 1066.961 11933.581929668158 6057
490 41.8 20909.574696172243 5901.936567544887 54764.807 1066.961 12255.300175848466 6335
500 35.4 21799.334135593213 6720.1332667243705 54764.807 1066.961 12790.98605612321 6753
510 36.2 21271.95333977902 6844.558328986883 54971.016 1066.961 13239.692292247086 7107
520 39.2 20951.593665816352 6660.490172713225 54971.016 1066.961 13628.991863703313 7469
530 40.2 20647.47488557216 7386.358526877547 54971.016 1066.961 13994.143868082949 7861
540 40.8 20438.1352083333 6629.398526614436 54971.016 1066.961 14317.83248832144 8263
550 40.5 19671.354190123475 6743.745600126478 54971.016 1066.961 14605.813518164003 8671
560 44.2 20166.255013574686 6856.392895427881 54971.016 1066.961 14831.854061591015 9076
570 39.4 20382.69633248731 6748.9240206985005 54971.016 1066.961 15079.574719373826 9518
580 40.4 20315.911504950513 6685.427385868428 54971.016 1066.961 15290.372733454406 9912
590 36.8 20887.395790760893 7080.203665033453 60807.55 1066.961 15487.185225087249 10316
600 41.1 20931.280637469565 7071.094288760301 60807.55 1066.961 15673.190231467623 10684
610 40.2 20757.951609452735 6833.869985476679 60807.55 1066.961 15867.96942541686 11095
620 39.3 20399.449666666682 7053.043097641153 60807.55 1066.961 16038.950797773337 11497
630 39 20542.877689743575 6325.0846715562675 60807.55 1066.961 16183.078304541637 11890
640 38.5 20318.392776623376 6526.329197835988 60807.55 1066.961 16321.540988599354 12280
650 37.4 20415.679045454555 5844.555651967215 60807.55 1066.961 16443.04023363601 12665
660 53.4 19519.044951310847 6438.970314395528 60807.55 1066.961 16556.98815261907 13039
670 13.1 23794.708816793893 6182.797330480547 60807.55 1066.961 16673.5237991601 13573
680 1.5 33052.48679999999 5460.363714248937 60807.55 1066.961 16741.59700678634 13704
