0 170.33359375 170.33359375
10 353.41328125 523.746875
20 380.8625 904.609375
30 388.4078125 1293.0171875
40 408.3140625 1701.33125
50 415.38828125 2116.71953125
60 374.7703125 2491.48984375
70 380.0078125 2871.49765625
80 375.78359375 3247.28125
90 374.95 3622.23125
100 405.0140625 4027.2453125
110 414.3421875 4441.5875
120 441.84296875 4883.43046875
130 365.2390625 5248.66953125
140 366.7515625 5615.42109375
150 404.30625 6019.72734375
160 365.28828125 6385.015625
170 406.10625 6791.121875
180 379.2734375 7170.3953125
190 394.63984375 7565.03515625
200 257.4296875 7822.46484375
210 42.24609375 7864.7109375
220 89.1578125 7953.86875
230 602.95625 8556.825
240 757.39921875 9314.22421875
250 703.35234375 10017.5765625
260 830.1734375 10847.75
270 829.3234375 11677.0734375
280 861.08203125 12538.15546875
290 924.9796875 13463.13515625
300 854.28515625 14317.4203125
310 844.49609375 15161.91640625
320 865.071875 16026.98828125
330 773.39375 16800.38203125
340 775.5234375 17575.90546875
350 856.01796875 18431.9234375
360 834.77265625 19266.69609375
370 872.0046875 20138.70078125
380 881.0140625 21019.71484375
390 893.44453125 21913.159375
400 819.9 22733.059375
410 849.30546875 23582.36484375
420 714.2078125 24296.57265625
430 192.065625 24488.63828125
440 17.9109375 24506.54921875
450 150.98984375 24657.5390625
460 718.71328125 25376.25234375
470 1012.7265625 26388.97890625
480 1402.1625 27791.14140625
490 1488.42109375 29279.5625
500 1266.50625 30546.06875
510 1441.80703125 31987.87578125
520 1496.715625 33484.59140625
530 1528.29453125 35012.8859375
540 1537.83359375 36550.71953125
550 1575.32421875 38126.04375
560 1582.9640625 39709.0078125
570 1506.2640625 41215.271875
580 1516.9703125 42732.2421875
590 1423.5671875 44155.809375
600 1568.9078125 45724.7171875
610 1505.409375 47230.1265625
620 1477.2796875 48707.40625
630 1510.3046875 50217.7109375
640 1477.04296875 51694.75390625
650 1425.28984375 53120.04375
660 1075.071875 54195.115625
670 212.88984375 54408.00546875
680 23.80546875 54431.8109375
