0 1196.80078125 1196.80078125
10 1798.7734375 2995.57421875
20 1857.39765625 4852.971875
30 1983.50859375 6836.48046875
40 1992.2375 8828.71796875
50 1984.68125 10813.39921875
60 1808.77265625 12622.171875
70 1874.95859375 14497.13046875
80 1837.84375 16334.97421875
90 1867.715625 18202.68984375
100 1945.83828125 20148.528125
110 2068.12578125 22216.65390625
120 2074.89296875 24291.546875
130 1710.97734375 26002.52421875
140 1906.2234375 27908.74765625
150 1851.9734375 29760.72109375
160 1849.190625 31609.91171875
170 1931.1109375 33541.02265625
180 1925.359375 35466.38203125
190 1904.57578125 37370.9578125
200 867.0375 38237.9953125
210 73.9296875 38311.925
220 765.14296875 39077.06796875
230 3593.0015625 42670.06953125
240 3740.11015625 46410.1796875
250 3448.21640625 49858.39609375
260 4134.89921875 53993.2953125
270 4009.09765625 58002.39296875
280 4249.16015625 62251.553125
290 4578.371875 66829.925
300 4106.62578125 70936.55078125
310 4169.3421875 75105.89296875
320 4075.659375 79181.55234375
330 3682.40078125 82863.953125
340 3901.87578125 86765.82890625
350 4229.0859375 90994.91484375
360 4093.11875 95088.03359375
370 4373.5609375 99461.59453125
380 4261.35 103722.94453125
390 4250.07265625 107973.0171875
400 4070.915625 112043.9328125
410 4147.234375 116191.1671875
420 2849.075 119040.2421875
430 403.6 119443.8421875
440 28.78828125 119472.63046875
450 1279.6046875 120752.23515625
460 4515.27578125 125267.5109375
470 4482.46953125 129749.98046875
480 4477.94921875 134227.9296875
490 4873.53125 139101.4609375
500 4421.80859375 143523.26953125
510 4744.02265625 148267.2921875
520 4427.659375 152694.9515625
530 4531.3625 157226.3140625
540 4379.55546875 161605.86953125
550 4453.97734375 166059.846875
560 4734.86015625 170794.70703125
570 4627.965625 175422.67265625
580 4706.1203125 180128.79296875
590 4581.79921875 184710.5921875
600 4588.88828125 189299.48046875
610 4662.95625 193962.43671875
620 4525.39453125 198487.83125
630 4715.5484375 203203.3796875
640 4103.8125 207307.1921875
650 4406.4125 211713.6046875
660 3254.69375 214968.2984375
670 373.01875 215341.3171875
680 37.84609375 215379.16328125
