0 80 81
10 92 95
20 93 95
30 110 111
40 110 115
50 111 117
60 101 121
70 108 121
80 107 121
90 117 123
100 106 123
110 119 126
120 104 126
130 92 126
140 117 126
150 90 126
160 108 126
170 103 126
180 111 126
190 109 126
200 28 126
210 1 126
220 82 126
230 207 209
240 213 228
250 238 238
260 235 251
270 246 252
280 274 277
290 274 285
300 246 285
310 258 285
320 223 285
330 211 285
340 230 285
350 249 285
360 263 285
370 272 285
380 263 286
390 240 286
400 250 286
410 272 286
420 120 286
430 12 286
440 1 286
450 146 286
460 488 488
470 736 738
480 824 827
490 774 827
500 789 827
510 808 827
520 817 841
530 831 844
540 862 865
550 841 866
560 825 866
570 811 866
580 789 866
590 835 866
600 805 866
610 798 866
620 791 866
630 827 866
640 817 866
650 681 866
660 147 866
670 16 866
680 1 866
